!!node 0!!
6.4 0
6.4 1
6.4 2
6.4 3
6.4 4
6.4 5
6.4 6
6.4 7
6.4 8
6.4 9
6.4 10
6.4 11
6.4 12
6.4 13
6.4 14
6.4 15
6.4 16
6.4 17
6.4 18
6.4 19
6.4 20
6.4 21
6.4 22
6.4 23
6.4 24
6.4 25
6.4 26
6.4 27
6.4 28
6.4 29
6.4 30
6.4 31
6.4 32
6.4 33
6.4 34
6.4 35
6.4 36
6.4 37
6.4 38
6.4 39
6.4 40
6.4 41
6.4 42
6.4 43
6.4 44
6.4 45
6.4 46
6.4 47
6.4 48
6.4 49
6.4 50
6.4 51
6.4 52
6.4 53
6.4 54
6.4 55
6.4 56
6.4 57
6.4 58
6.4 59
6.4 60
6.4 61
6.4 62
6.4 63
6.4 64
6.4 65
6.4 66
6.4 67
6.4 68
6.4 69
6.4 70
6.4 71
6.4 72
6.4 73
6.4 74
6.4 75
6.4 76
6.4 77
6.4 78
6.4 79
6.4 80
6.4 81
6.4 82
6.4 83
6.4 84
6.4 85
6.4 86
6.4 87
6.4 88
6.4 89
6.4 90
6.4 91
6.4 92
6.4 93
6.4 94
6.4 95
6.4 96
6.4 97
6.4 98
6.4 99
6.4 100
6.4 101
6.4 102
6.4 103
6.4 104
6.4 105
6.4 106
6.4 107
6.4 108
6.4 109
6.4 110
6.4 111
6.4 112
6.4 113
6.4 114
6.4 115
6.4 116
6.4 117
6.4 118
6.4 119
6.4 120
6.4 121
6.4 122
6.4 123
6.4 124
6.4 125
6.4 126
6.4 127
6.4 128
6.4 129
6.4 130
6.4 131
6.4 132
6.4 133
6.4 134
6.4 135
6.4 136
6.4 137
6.4 138
6.4 139
6.4 140
6.4 141
6.4 142
6.4 143
6.4 144
6.4 145
6.4 146
6.4 147
6.4 148
6.4 149
6.4 150
6.4 151
6.4 152
6.4 153
6.4 154
6.4 155
6.4 156
6.4 157
6.4 158
6.4 159
6.4 160
6.4 161
6.4 162
6.4 163
6.4 164
6.4 165
6.4 166
6.4 167
6.4 168
6.4 169
6.4 170
6.4 171
6.4 172
6.4 173
6.4 174
6.4 175
6.4 176
6.4 177
6.4 178
6.4 179
6.4 180
6.4 181
6.4 182
6.4 183
6.4 184
6.4 185
6.4 186
6.4 187
6.4 188
6.4 189
6.4 190
6.4 191
6.4 192
6.4 193
6.4 194
6.4 195
6.4 196
6.4 197
6.4 198
6.4 199
6.4 200
6.4 201
6.4 202
6.4 203
6.4 204
6.4 205
6.4 206
6.4 207
6.4 208
6.4 209
6.4 210
6.4 211
6.4 212
6.4 213
6.4 214
6.4 215
6.4 216
6.4 217
6.4 218
6.4 219
6.4 220
6.4 221
6.4 222
6.4 223
6.4 224
6.4 225
6.4 226
6.4 227
6.4 228
6.4 229
6.4 230
6.4 231
6.4 232
6.4 233
6.4 234
6.4 235
6.4 236
6.4 237
6.4 238
6.4 239
6.4 240
6.4 241
6.4 242
6.4 243
6.4 244
6.4 245
6.4 246
6.4 247
6.4 248
6.4 249
6.4 250
6.4 251
6.4 252
6.4 253
6.4 254
6.4 255
6.4 256
6.4 257
6.4 258
6.4 259
6.4 260
6.4 261
6.4 262
6.4 263
6.4 264
6.4 265
6.4 266
6.4 267
6.4 268
6.4 269
6.4 270
6.4 271
6.4 272
6.4 273
6.4 274
6.4 275
6.4 276
6.4 277
6.4 278
6.4 279
6.4 280
6.4 281
6.4 282
6.4 283
6.4 284
6.4 285
6.4 286
6.4 287
6.4 288
6.4 289
6.4 290
6.4 291
6.4 292
6.4 293
6.4 294
6.4 295
6.4 296
6.4 297
6.4 298
6.4 299
6.4 300
6.4 301
6.4 302
6.4 303
6.4 304
6.4 305
6.4 306
6.4 307
6.4 308
6.4 309
6.4 310
6.4 311
6.4 312
6.4 313
6.4 314
6.4 315
6.4 316
6.4 317
6.4 318
6.4 319
6.4 320
6.4 321
6.4 322
6.4 323
6.4 324
6.4 325
6.4 326
6.4 327
6.4 328
6.4 329
6.4 330
6.4 331
6.4 332
6.4 333
6.4 334
6.4 335
6.4 336
6.4 337
6.4 338
6.4 339
6.4 340
6.4 341
6.4 342
6.4 343
6.4 344
6.4 345
6.4 346
6.4 347
6.4 348
6.4 349
6.4 350
6.4 351
6.4 352
6.4 353
6.4 354
6.4 355
6.4 356
6.4 357
6.4 358
6.4 359
6.4 360
6.4 361
6.4 362
6.4 363
6.4 364
6.4 365
6.4 366
6.4 367
6.4 368
6.4 369
6.4 370
6.4 371
6.4 372
6.4 373
6.4 374
6.4 375
6.4 376
6.4 377
6.4 378
6.4 379
6.4 380
6.4 381
6.4 382
6.4 383
6.4 384
6.4 385
6.4 386
6.4 387
6.4 388
6.4 389
6.4 390
6.4 391
6.4 392
6.4 393
6.4 394
6.4 395
6.4 396
6.4 397
6.4 398
6.4 399
6.4 400
6.4 401
6.4 402
6.4 403
6.4 404
6.4 405
6.4 406
6.4 407
6.4 408
6.4 409
6.4 410
6.4 411
6.4 412
6.4 413
6.4 414
6.4 415
6.4 416
6.4 417
6.4 418
6.4 419
6.4 420
6.4 421
6.4 422
6.4 423
6.4 424
6.4 425
6.4 426
6.4 427
6.4 428
6.4 429
6.4 430
6.4 431
6.4 432
6.4 433
6.4 434
6.4 435
6.4 436
6.4 437
6.4 438
6.4 439
6.4 440
6.4 441
6.4 442
6.4 443
6.4 444
6.4 445
6.4 446
6.4 447
6.4 448
6.4 449
6.4 450
6.4 451
6.4 452
6.4 453
6.4 454
6.4 455
6.4 456
6.4 457
6.4 458
6.4 459
6.4 460
6.4 461
6.4 462
6.4 463
6.4 464
6.4 465
6.4 466
6.4 467
6.4 468
6.4 469
6.4 470
6.4 471
6.4 472
6.4 473
6.4 474
6.4 475
6.4 476
6.4 477
6.4 478
6.4 479
6.4 480
6.4 481
6.4 482
6.4 483
6.4 484
6.4 485
6.4 486
6.4 487
6.4 488
6.4 489
6.4 490
6.4 491
6.4 492
6.4 493
6.4 494
6.4 495
6.4 496
6.4 497
6.4 498
6.4 499
6.4 500
6.4 501
6.4 502
6.4 503
6.4 504
6.4 505
6.4 506
6.4 507
6.4 508
6.4 509
6.4 510
6.4 511
6.4 512
6.4 513
6.4 514
6.4 515
6.4 516
6.4 517
6.4 518
6.4 519
6.4 520
6.4 521
6.4 522
6.4 523
6.4 524
6.4 525
6.4 526
6.4 527
6.4 528
6.4 529
6.4 530
6.4 531
6.4 532
6.4 533
6.4 534
6.4 535
6.4 536
6.4 537
6.4 538
6.4 539
6.4 540
6.4 541
6.4 542
6.4 543
6.4 544
6.4 545
6.4 546
6.4 547
6.4 548
6.4 549
6.4 550
6.4 551
6.4 552
6.4 553
6.4 554
6.4 555
6.4 556
6.4 557
6.4 558
6.4 559
6.4 560
6.4 561
6.4 562
6.4 563
6.4 564
6.4 565
6.4 566
6.4 567
6.4 568
6.4 569
6.4 570
6.4 571
6.4 572
6.4 573
6.4 574
6.4 575
6.4 576
6.4 577
6.4 578
6.4 579
6.4 580
6.4 581
6.4 582
6.4 583
6.4 584
6.4 585
6.4 586
6.4 587
6.4 588
6.4 589
6.4 590
6.4 591
6.4 592
6.4 593
6.4 594
6.4 595
6.4 596
6.4 597
6.4 598
6.4 599
6.4 600
6.4 601
6.4 602
6.4 603
6.4 604
6.4 605
6.4 606
6.4 607
6.4 608
6.4 609
6.4 610
6.4 611
6.4 612
6.4 613
6.4 614
6.4 615
6.4 616
6.4 617
6.4 618
6.4 619
6.4 620
6.4 621
6.4 622
6.4 623
6.4 624
6.4 625
6.4 626
6.4 627
6.4 628
6.4 629
6.4 630
6.4 631
6.4 632
6.4 633
6.4 634
6.4 635
6.4 636
6.4 637
6.4 638
6.4 639
6.4 640
6.4 641
6.4 642
6.4 643
6.4 644
6.4 645
6.4 646
6.4 647
6.4 648
6.4 649
6.4 650
6.4 651
6.4 652
6.4 653
6.4 654
6.4 655
6.4 656
6.4 657
6.4 658
6.4 659
6.4 660
6.4 661
6.4 662
6.4 663
6.4 664
6.4 665
6.4 666
6.4 667
6.4 668
6.4 669
6.4 670
6.4 671
6.4 672
6.4 673
6.4 674
6.4 675
6.4 676
6.4 677
6.4 678
6.4 679
6.4 680
6.4 681
6.4 682
6.4 683
6.4 684
6.4 685
6.4 686
6.4 687
6.4 688
6.4 689
6.4 690
6.4 691
6.4 692
6.4 693
6.4 694
6.4 695
6.4 696
6.4 697
6.4 698
6.4 699
6.4 700
6.4 701
6.4 702
6.4 703
6.4 704
6.4 705
6.4 706
6.4 707
6.4 708
6.4 709
6.4 710
6.4 711
6.4 712
6.4 713
6.4 714
6.4 715
6.4 716
6.4 717
6.4 718
6.4 719
6.4 720
6.4 721
6.4 722
6.4 723
6.4 724
6.4 725
6.4 726
6.4 727
6.4 728
6.4 729
6.4 730
6.4 731
6.4 732
6.4 733
6.4 734
6.4 735
6.4 736
6.4 737
6.4 738
6.4 739
6.4 740
6.4 741
6.4 742
6.4 743
6.4 744
6.4 745
6.4 746
6.4 747
6.4 748
6.4 749
6.4 750
6.4 751
6.4 752
6.4 753
6.4 754
6.4 755
6.4 756
6.4 757
6.4 758
6.4 759
6.4 760
6.4 761
6.4 762
6.4 763
6.4 764
6.4 765
6.4 766
6.4 767
6.4 768
6.4 769
6.4 770
6.4 771
6.4 772
6.4 773
6.4 774
6.4 775
6.4 776
6.4 777
6.4 778
6.4 779
6.4 780
6.4 781
6.4 782
6.4 783
6.4 784
6.4 785
6.4 786
6.4 787
6.4 788
6.4 789
6.4 790
6.4 791
6.4 792
6.4 793
6.4 794
6.4 795
6.4 796
6.4 797
6.4 798
6.4 799
!!node 1!!
6.4 800
6.4 801
6.4 802
6.4 803
6.4 804
6.4 805
6.4 806
6.4 807
6.4 808
6.4 809
6.4 810
6.4 811
6.4 812
6.4 813
6.4 814
6.4 815
6.4 816
6.4 817
6.4 818
6.4 819
6.4 820
6.4 821
6.4 822
6.4 823
6.4 824
6.4 825
6.4 826
6.4 827
6.4 828
6.4 829
6.4 830
6.4 831
6.4 832
6.4 833
6.4 834
6.4 835
6.4 836
6.4 837
6.4 838
6.4 839
6.4 840
6.4 841
6.4 842
6.4 843
6.4 844
6.4 845
6.4 846
6.4 847
6.4 848
6.4 849
6.4 850
6.4 851
6.4 852
6.4 853
6.4 854
6.4 855
6.4 856
6.4 857
6.4 858
6.4 859
6.4 860
6.4 861
6.4 862
6.4 863
6.4 864
6.4 865
6.4 866
6.4 867
6.4 868
6.4 869
6.4 870
6.4 871
6.4 872
6.4 873
6.4 874
6.4 875
6.4 876
6.4 877
6.4 878
6.4 879
6.4 880
6.4 881
6.4 882
6.4 883
6.4 884
6.4 885
6.4 886
6.4 887
6.4 888
6.4 889
6.4 890
6.4 891
6.4 892
6.4 893
6.4 894
6.4 895
6.4 896
6.4 897
6.4 898
6.4 899
6.4 900
6.4 901
6.4 902
6.4 903
6.4 904
6.4 905
6.4 906
6.4 907
6.4 908
6.4 909
6.4 910
6.4 911
6.4 912
6.4 913
6.4 914
6.4 915
6.4 916
6.4 917
6.4 918
6.4 919
6.4 920
6.4 921
6.4 922
6.4 923
6.4 924
6.4 925
6.4 926
6.4 927
6.4 928
6.4 929
6.4 930
6.4 931
6.4 932
6.4 933
6.4 934
6.4 935
6.4 936
6.4 937
6.4 938
6.4 939
6.4 940
6.4 941
6.4 942
6.4 943
6.4 944
6.4 945
6.4 946
6.4 947
6.4 948
6.4 949
6.4 950
6.4 951
6.4 952
6.4 953
6.4 954
6.4 955
6.4 956
6.4 957
6.4 958
6.4 959
6.4 960
6.4 961
6.4 962
6.4 963
6.4 964
6.4 965
6.4 966
6.4 967
6.4 968
6.4 969
6.4 970
6.4 971
6.4 972
6.4 973
6.4 974
6.4 975
6.4 976
6.4 977
6.4 978
6.4 979
6.4 980
6.4 981
6.4 982
6.4 983
6.4 984
6.4 985
6.4 986
6.4 987
6.4 988
6.4 989
6.4 990
6.4 991
6.4 992
6.4 993
6.4 994
6.4 995
6.4 996
6.4 997
6.4 998
6.4 999
6.8 0
6.8 1
6.8 2
6.8 3
6.8 4
6.8 5
6.8 6
6.8 7
6.8 8
6.8 9
6.8 10
6.8 11
6.8 12
6.8 13
6.8 14
6.8 15
6.8 16
6.8 17
6.8 18
6.8 19
6.8 20
6.8 21
6.8 22
6.8 23
6.8 24
6.8 25
6.8 26
6.8 27
6.8 28
6.8 29
6.8 30
6.8 31
6.8 32
6.8 33
6.8 34
6.8 35
6.8 36
6.8 37
6.8 38
6.8 39
6.8 40
6.8 41
6.8 42
6.8 43
6.8 44
6.8 45
6.8 46
6.8 47
6.8 48
6.8 49
6.8 50
6.8 51
6.8 52
6.8 53
6.8 54
6.8 55
6.8 56
6.8 57
6.8 58
6.8 59
6.8 60
6.8 61
6.8 62
6.8 63
6.8 64
6.8 65
6.8 66
6.8 67
6.8 68
6.8 69
6.8 70
6.8 71
6.8 72
6.8 73
6.8 74
6.8 75
6.8 76
6.8 77
6.8 78
6.8 79
6.8 80
6.8 81
6.8 82
6.8 83
6.8 84
6.8 85
6.8 86
6.8 87
6.8 88
6.8 89
6.8 90
6.8 91
6.8 92
6.8 93
6.8 94
6.8 95
6.8 96
6.8 97
6.8 98
6.8 99
6.8 100
6.8 101
6.8 102
6.8 103
6.8 104
6.8 105
6.8 106
6.8 107
6.8 108
6.8 109
6.8 110
6.8 111
6.8 112
6.8 113
6.8 114
6.8 115
6.8 116
6.8 117
6.8 118
6.8 119
6.8 120
6.8 121
6.8 122
6.8 123
6.8 124
6.8 125
6.8 126
6.8 127
6.8 128
6.8 129
6.8 130
6.8 131
6.8 132
6.8 133
6.8 134
6.8 135
6.8 136
6.8 137
6.8 138
6.8 139
6.8 140
6.8 141
6.8 142
6.8 143
6.8 144
6.8 145
6.8 146
6.8 147
6.8 148
6.8 149
6.8 150
6.8 151
6.8 152
6.8 153
6.8 154
6.8 155
6.8 156
6.8 157
6.8 158
6.8 159
6.8 160
6.8 161
6.8 162
6.8 163
6.8 164
6.8 165
6.8 166
6.8 167
6.8 168
6.8 169
6.8 170
6.8 171
6.8 172
6.8 173
6.8 174
6.8 175
6.8 176
6.8 177
6.8 178
6.8 179
6.8 180
6.8 181
6.8 182
6.8 183
6.8 184
6.8 185
6.8 186
6.8 187
6.8 188
6.8 189
6.8 190
6.8 191
6.8 192
6.8 193
6.8 194
6.8 195
6.8 196
6.8 197
6.8 198
6.8 199
6.8 200
6.8 201
6.8 202
6.8 203
6.8 204
6.8 205
6.8 206
6.8 207
6.8 208
6.8 209
6.8 210
6.8 211
6.8 212
6.8 213
6.8 214
6.8 215
6.8 216
6.8 217
6.8 218
6.8 219
6.8 220
6.8 221
6.8 222
6.8 223
6.8 224
6.8 225
6.8 226
6.8 227
6.8 228
6.8 229
6.8 230
6.8 231
6.8 232
6.8 233
6.8 234
6.8 235
6.8 236
6.8 237
6.8 238
6.8 239
6.8 240
6.8 241
6.8 242
6.8 243
6.8 244
6.8 245
6.8 246
6.8 247
6.8 248
6.8 249
6.8 250
6.8 251
6.8 252
6.8 253
6.8 254
6.8 255
6.8 256
6.8 257
6.8 258
6.8 259
6.8 260
6.8 261
6.8 262
6.8 263
6.8 264
6.8 265
6.8 266
6.8 267
6.8 268
6.8 269
6.8 270
6.8 271
6.8 272
6.8 273
6.8 274
6.8 275
6.8 276
6.8 277
6.8 278
6.8 279
6.8 280
6.8 281
6.8 282
6.8 283
6.8 284
6.8 285
6.8 286
6.8 287
6.8 288
6.8 289
6.8 290
6.8 291
6.8 292
6.8 293
6.8 294
6.8 295
6.8 296
6.8 297
6.8 298
6.8 299
6.8 300
6.8 301
6.8 302
6.8 303
6.8 304
6.8 305
6.8 306
6.8 307
6.8 308
6.8 309
6.8 310
6.8 311
6.8 312
6.8 313
6.8 314
6.8 315
6.8 316
6.8 317
6.8 318
6.8 319
6.8 320
6.8 321
6.8 322
6.8 323
6.8 324
6.8 325
6.8 326
6.8 327
6.8 328
6.8 329
6.8 330
6.8 331
6.8 332
6.8 333
6.8 334
6.8 335
6.8 336
6.8 337
6.8 338
6.8 339
6.8 340
6.8 341
6.8 342
6.8 343
6.8 344
6.8 345
6.8 346
6.8 347
6.8 348
6.8 349
6.8 350
6.8 351
6.8 352
6.8 353
6.8 354
6.8 355
6.8 356
6.8 357
6.8 358
6.8 359
6.8 360
6.8 361
6.8 362
6.8 363
6.8 364
6.8 365
6.8 366
6.8 367
6.8 368
6.8 369
6.8 370
6.8 371
6.8 372
6.8 373
6.8 374
6.8 375
6.8 376
6.8 377
6.8 378
6.8 379
6.8 380
6.8 381
6.8 382
6.8 383
6.8 384
6.8 385
6.8 386
6.8 387
6.8 388
6.8 389
6.8 390
6.8 391
6.8 392
6.8 393
6.8 394
6.8 395
6.8 396
6.8 397
6.8 398
6.8 399
6.8 400
6.8 401
6.8 402
6.8 403
6.8 404
6.8 405
6.8 406
6.8 407
6.8 408
6.8 409
6.8 410
6.8 411
6.8 412
6.8 413
6.8 414
6.8 415
6.8 416
6.8 417
6.8 418
6.8 419
6.8 420
6.8 421
6.8 422
6.8 423
6.8 424
6.8 425
6.8 426
6.8 427
6.8 428
6.8 429
6.8 430
6.8 431
6.8 432
6.8 433
6.8 434
6.8 435
6.8 436
6.8 437
6.8 438
6.8 439
6.8 440
6.8 441
6.8 442
6.8 443
6.8 444
6.8 445
6.8 446
6.8 447
6.8 448
6.8 449
6.8 450
6.8 451
6.8 452
6.8 453
6.8 454
6.8 455
6.8 456
6.8 457
6.8 458
6.8 459
6.8 460
6.8 461
6.8 462
6.8 463
6.8 464
6.8 465
6.8 466
6.8 467
6.8 468
6.8 469
6.8 470
6.8 471
6.8 472
6.8 473
6.8 474
6.8 475
6.8 476
6.8 477
6.8 478
6.8 479
6.8 480
6.8 481
6.8 482
6.8 483
6.8 484
6.8 485
6.8 486
6.8 487
6.8 488
6.8 489
6.8 490
6.8 491
6.8 492
6.8 493
6.8 494
6.8 495
6.8 496
6.8 497
6.8 498
6.8 499
6.8 500
6.8 501
6.8 502
6.8 503
6.8 504
6.8 505
6.8 506
6.8 507
6.8 508
6.8 509
6.8 510
6.8 511
6.8 512
6.8 513
6.8 514
6.8 515
6.8 516
6.8 517
6.8 518
6.8 519
6.8 520
6.8 521
6.8 522
6.8 523
6.8 524
6.8 525
6.8 526
6.8 527
6.8 528
6.8 529
6.8 530
6.8 531
6.8 532
6.8 533
6.8 534
6.8 535
6.8 536
6.8 537
6.8 538
6.8 539
6.8 540
6.8 541
6.8 542
6.8 543
6.8 544
6.8 545
6.8 546
6.8 547
6.8 548
6.8 549
6.8 550
6.8 551
6.8 552
6.8 553
6.8 554
6.8 555
6.8 556
6.8 557
6.8 558
6.8 559
6.8 560
6.8 561
6.8 562
6.8 563
6.8 564
6.8 565
6.8 566
6.8 567
6.8 568
6.8 569
6.8 570
6.8 571
6.8 572
6.8 573
6.8 574
6.8 575
6.8 576
6.8 577
6.8 578
6.8 579
6.8 580
6.8 581
6.8 582
6.8 583
6.8 584
6.8 585
6.8 586
6.8 587
6.8 588
6.8 589
6.8 590
6.8 591
6.8 592
6.8 593
6.8 594
6.8 595
6.8 596
6.8 597
6.8 598
6.8 599
!!node 2!!
6.8 600
6.8 601
6.8 602
6.8 603
6.8 604
6.8 605
6.8 606
6.8 607
6.8 608
6.8 609
6.8 610
6.8 611
6.8 612
6.8 613
6.8 614
6.8 615
6.8 616
6.8 617
6.8 618
6.8 619
6.8 620
6.8 621
6.8 622
6.8 623
6.8 624
6.8 625
6.8 626
6.8 627
6.8 628
6.8 629
6.8 630
6.8 631
6.8 632
6.8 633
6.8 634
6.8 635
6.8 636
6.8 637
6.8 638
6.8 639
6.8 640
6.8 641
6.8 642
6.8 643
6.8 644
6.8 645
6.8 646
6.8 647
6.8 648
6.8 649
6.8 650
6.8 651
6.8 652
6.8 653
6.8 654
6.8 655
6.8 656
6.8 657
6.8 658
6.8 659
6.8 660
6.8 661
6.8 662
6.8 663
6.8 664
6.8 665
6.8 666
6.8 667
6.8 668
6.8 669
6.8 670
6.8 671
6.8 672
6.8 673
6.8 674
6.8 675
6.8 676
6.8 677
6.8 678
6.8 679
6.8 680
6.8 681
6.8 682
6.8 683
6.8 684
6.8 685
6.8 686
6.8 687
6.8 688
6.8 689
6.8 690
6.8 691
6.8 692
6.8 693
6.8 694
6.8 695
6.8 696
6.8 697
6.8 698
6.8 699
6.8 700
6.8 701
6.8 702
6.8 703
6.8 704
6.8 705
6.8 706
6.8 707
6.8 708
6.8 709
6.8 710
6.8 711
6.8 712
6.8 713
6.8 714
6.8 715
6.8 716
6.8 717
6.8 718
6.8 719
6.8 720
6.8 721
6.8 722
6.8 723
6.8 724
6.8 725
6.8 726
6.8 727
6.8 728
6.8 729
6.8 730
6.8 731
6.8 732
6.8 733
6.8 734
6.8 735
6.8 736
6.8 737
6.8 738
6.8 739
6.8 740
6.8 741
6.8 742
6.8 743
6.8 744
6.8 745
6.8 746
6.8 747
6.8 748
6.8 749
6.8 750
6.8 751
6.8 752
6.8 753
6.8 754
6.8 755
6.8 756
6.8 757
6.8 758
6.8 759
6.8 760
6.8 761
6.8 762
6.8 763
6.8 764
6.8 765
6.8 766
6.8 767
6.8 768
6.8 769
6.8 770
6.8 771
6.8 772
6.8 773
6.8 774
6.8 775
6.8 776
6.8 777
6.8 778
6.8 779
6.8 780
6.8 781
6.8 782
6.8 783
6.8 784
6.8 785
6.8 786
6.8 787
6.8 788
6.8 789
6.8 790
6.8 791
6.8 792
6.8 793
6.8 794
6.8 795
6.8 796
6.8 797
6.8 798
6.8 799
6.8 800
6.8 801
6.8 802
6.8 803
6.8 804
6.8 805
6.8 806
6.8 807
6.8 808
6.8 809
6.8 810
6.8 811
6.8 812
6.8 813
6.8 814
6.8 815
6.8 816
6.8 817
6.8 818
6.8 819
6.8 820
6.8 821
6.8 822
6.8 823
6.8 824
6.8 825
6.8 826
6.8 827
6.8 828
6.8 829
6.8 830
6.8 831
6.8 832
6.8 833
6.8 834
6.8 835
6.8 836
6.8 837
6.8 838
6.8 839
6.8 840
6.8 841
6.8 842
6.8 843
6.8 844
6.8 845
6.8 846
6.8 847
6.8 848
6.8 849
6.8 850
6.8 851
6.8 852
6.8 853
6.8 854
6.8 855
6.8 856
6.8 857
6.8 858
6.8 859
6.8 860
6.8 861
6.8 862
6.8 863
6.8 864
6.8 865
6.8 866
6.8 867
6.8 868
6.8 869
6.8 870
6.8 871
6.8 872
6.8 873
6.8 874
6.8 875
6.8 876
6.8 877
6.8 878
6.8 879
6.8 880
6.8 881
6.8 882
6.8 883
6.8 884
6.8 885
6.8 886
6.8 887
6.8 888
6.8 889
6.8 890
6.8 891
6.8 892
6.8 893
6.8 894
6.8 895
6.8 896
6.8 897
6.8 898
6.8 899
6.8 900
6.8 901
6.8 902
6.8 903
6.8 904
6.8 905
6.8 906
6.8 907
6.8 908
6.8 909
6.8 910
6.8 911
6.8 912
6.8 913
6.8 914
6.8 915
6.8 916
6.8 917
6.8 918
6.8 919
6.8 920
6.8 921
6.8 922
6.8 923
6.8 924
6.8 925
6.8 926
6.8 927
6.8 928
6.8 929
6.8 930
6.8 931
6.8 932
6.8 933
6.8 934
6.8 935
6.8 936
6.8 937
6.8 938
6.8 939
6.8 940
6.8 941
6.8 942
6.8 943
6.8 944
6.8 945
6.8 946
6.8 947
6.8 948
6.8 949
6.8 950
6.8 951
6.8 952
6.8 953
6.8 954
6.8 955
6.8 956
6.8 957
6.8 958
6.8 959
6.8 960
6.8 961
6.8 962
6.8 963
6.8 964
6.8 965
6.8 966
6.8 967
6.8 968
6.8 969
6.8 970
6.8 971
6.8 972
6.8 973
6.8 974
6.8 975
6.8 976
6.8 977
6.8 978
6.8 979
6.8 980
6.8 981
6.8 982
6.8 983
6.8 984
6.8 985
6.8 986
6.8 987
6.8 988
6.8 989
6.8 990
6.8 991
6.8 992
6.8 993
6.8 994
6.8 995
6.8 996
6.8 997
6.8 998
6.8 999
7.2 0
7.2 1
7.2 2
7.2 3
7.2 4
7.2 5
7.2 6
7.2 7
7.2 8
7.2 9
7.2 10
7.2 11
7.2 12
7.2 13
7.2 14
7.2 15
7.2 16
7.2 17
7.2 18
7.2 19
7.2 20
7.2 21
7.2 22
7.2 23
7.2 24
7.2 25
7.2 26
7.2 27
7.2 28
7.2 29
7.2 30
7.2 31
7.2 32
7.2 33
7.2 34
7.2 35
7.2 36
7.2 37
7.2 38
7.2 39
7.2 40
7.2 41
7.2 42
7.2 43
7.2 44
7.2 45
7.2 46
7.2 47
7.2 48
7.2 49
7.2 50
7.2 51
7.2 52
7.2 53
7.2 54
7.2 55
7.2 56
7.2 57
7.2 58
7.2 59
7.2 60
7.2 61
7.2 62
7.2 63
7.2 64
7.2 65
7.2 66
7.2 67
7.2 68
7.2 69
7.2 70
7.2 71
7.2 72
7.2 73
7.2 74
7.2 75
7.2 76
7.2 77
7.2 78
7.2 79
7.2 80
7.2 81
7.2 82
7.2 83
7.2 84
7.2 85
7.2 86
7.2 87
7.2 88
7.2 89
7.2 90
7.2 91
7.2 92
7.2 93
7.2 94
7.2 95
7.2 96
7.2 97
7.2 98
7.2 99
7.2 100
7.2 101
7.2 102
7.2 103
7.2 104
7.2 105
7.2 106
7.2 107
7.2 108
7.2 109
7.2 110
7.2 111
7.2 112
7.2 113
7.2 114
7.2 115
7.2 116
7.2 117
7.2 118
7.2 119
7.2 120
7.2 121
7.2 122
7.2 123
7.2 124
7.2 125
7.2 126
7.2 127
7.2 128
7.2 129
7.2 130
7.2 131
7.2 132
7.2 133
7.2 134
7.2 135
7.2 136
7.2 137
7.2 138
7.2 139
7.2 140
7.2 141
7.2 142
7.2 143
7.2 144
7.2 145
7.2 146
7.2 147
7.2 148
7.2 149
7.2 150
7.2 151
7.2 152
7.2 153
7.2 154
7.2 155
7.2 156
7.2 157
7.2 158
7.2 159
7.2 160
7.2 161
7.2 162
7.2 163
7.2 164
7.2 165
7.2 166
7.2 167
7.2 168
7.2 169
7.2 170
7.2 171
7.2 172
7.2 173
7.2 174
7.2 175
7.2 176
7.2 177
7.2 178
7.2 179
7.2 180
7.2 181
7.2 182
7.2 183
7.2 184
7.2 185
7.2 186
7.2 187
7.2 188
7.2 189
7.2 190
7.2 191
7.2 192
7.2 193
7.2 194
7.2 195
7.2 196
7.2 197
7.2 198
7.2 199
7.2 200
7.2 201
7.2 202
7.2 203
7.2 204
7.2 205
7.2 206
7.2 207
7.2 208
7.2 209
7.2 210
7.2 211
7.2 212
7.2 213
7.2 214
7.2 215
7.2 216
7.2 217
7.2 218
7.2 219
7.2 220
7.2 221
7.2 222
7.2 223
7.2 224
7.2 225
7.2 226
7.2 227
7.2 228
7.2 229
7.2 230
7.2 231
7.2 232
7.2 233
7.2 234
7.2 235
7.2 236
7.2 237
7.2 238
7.2 239
7.2 240
7.2 241
7.2 242
7.2 243
7.2 244
7.2 245
7.2 246
7.2 247
7.2 248
7.2 249
7.2 250
7.2 251
7.2 252
7.2 253
7.2 254
7.2 255
7.2 256
7.2 257
7.2 258
7.2 259
7.2 260
7.2 261
7.2 262
7.2 263
7.2 264
7.2 265
7.2 266
7.2 267
7.2 268
7.2 269
7.2 270
7.2 271
7.2 272
7.2 273
7.2 274
7.2 275
7.2 276
7.2 277
7.2 278
7.2 279
7.2 280
7.2 281
7.2 282
7.2 283
7.2 284
7.2 285
7.2 286
7.2 287
7.2 288
7.2 289
7.2 290
7.2 291
7.2 292
7.2 293
7.2 294
7.2 295
7.2 296
7.2 297
7.2 298
7.2 299
7.2 300
7.2 301
7.2 302
7.2 303
7.2 304
7.2 305
7.2 306
7.2 307
7.2 308
7.2 309
7.2 310
7.2 311
7.2 312
7.2 313
7.2 314
7.2 315
7.2 316
7.2 317
7.2 318
7.2 319
7.2 320
7.2 321
7.2 322
7.2 323
7.2 324
7.2 325
7.2 326
7.2 327
7.2 328
7.2 329
7.2 330
7.2 331
7.2 332
7.2 333
7.2 334
7.2 335
7.2 336
7.2 337
7.2 338
7.2 339
7.2 340
7.2 341
7.2 342
7.2 343
7.2 344
7.2 345
7.2 346
7.2 347
7.2 348
7.2 349
7.2 350
7.2 351
7.2 352
7.2 353
7.2 354
7.2 355
7.2 356
7.2 357
7.2 358
7.2 359
7.2 360
7.2 361
7.2 362
7.2 363
7.2 364
7.2 365
7.2 366
7.2 367
7.2 368
7.2 369
7.2 370
7.2 371
7.2 372
7.2 373
7.2 374
7.2 375
7.2 376
7.2 377
7.2 378
7.2 379
7.2 380
7.2 381
7.2 382
7.2 383
7.2 384
7.2 385
7.2 386
7.2 387
7.2 388
7.2 389
7.2 390
7.2 391
7.2 392
7.2 393
7.2 394
7.2 395
7.2 396
7.2 397
7.2 398
7.2 399
!!node 3!!
7.2 400
7.2 401
7.2 402
7.2 403
7.2 404
7.2 405
7.2 406
7.2 407
7.2 408
7.2 409
7.2 410
7.2 411
7.2 412
7.2 413
7.2 414
7.2 415
7.2 416
7.2 417
7.2 418
7.2 419
7.2 420
7.2 421
7.2 422
7.2 423
7.2 424
7.2 425
7.2 426
7.2 427
7.2 428
7.2 429
7.2 430
7.2 431
7.2 432
7.2 433
7.2 434
7.2 435
7.2 436
7.2 437
7.2 438
7.2 439
7.2 440
7.2 441
7.2 442
7.2 443
7.2 444
7.2 445
7.2 446
7.2 447
7.2 448
7.2 449
7.2 450
7.2 451
7.2 452
7.2 453
7.2 454
7.2 455
7.2 456
7.2 457
7.2 458
7.2 459
7.2 460
7.2 461
7.2 462
7.2 463
7.2 464
7.2 465
7.2 466
7.2 467
7.2 468
7.2 469
7.2 470
7.2 471
7.2 472
7.2 473
7.2 474
7.2 475
7.2 476
7.2 477
7.2 478
7.2 479
7.2 480
7.2 481
7.2 482
7.2 483
7.2 484
7.2 485
7.2 486
7.2 487
7.2 488
7.2 489
7.2 490
7.2 491
7.2 492
7.2 493
7.2 494
7.2 495
7.2 496
7.2 497
7.2 498
7.2 499
7.2 500
7.2 501
7.2 502
7.2 503
7.2 504
7.2 505
7.2 506
7.2 507
7.2 508
7.2 509
7.2 510
7.2 511
7.2 512
7.2 513
7.2 514
7.2 515
7.2 516
7.2 517
7.2 518
7.2 519
7.2 520
7.2 521
7.2 522
7.2 523
7.2 524
7.2 525
7.2 526
7.2 527
7.2 528
7.2 529
7.2 530
7.2 531
7.2 532
7.2 533
7.2 534
7.2 535
7.2 536
7.2 537
7.2 538
7.2 539
7.2 540
7.2 541
7.2 542
7.2 543
7.2 544
7.2 545
7.2 546
7.2 547
7.2 548
7.2 549
7.2 550
7.2 551
7.2 552
7.2 553
7.2 554
7.2 555
7.2 556
7.2 557
7.2 558
7.2 559
7.2 560
7.2 561
7.2 562
7.2 563
7.2 564
7.2 565
7.2 566
7.2 567
7.2 568
7.2 569
7.2 570
7.2 571
7.2 572
7.2 573
7.2 574
7.2 575
7.2 576
7.2 577
7.2 578
7.2 579
7.2 580
7.2 581
7.2 582
7.2 583
7.2 584
7.2 585
7.2 586
7.2 587
7.2 588
7.2 589
7.2 590
7.2 591
7.2 592
7.2 593
7.2 594
7.2 595
7.2 596
7.2 597
7.2 598
7.2 599
7.2 600
7.2 601
7.2 602
7.2 603
7.2 604
7.2 605
7.2 606
7.2 607
7.2 608
7.2 609
7.2 610
7.2 611
7.2 612
7.2 613
7.2 614
7.2 615
7.2 616
7.2 617
7.2 618
7.2 619
7.2 620
7.2 621
7.2 622
7.2 623
7.2 624
7.2 625
7.2 626
7.2 627
7.2 628
7.2 629
7.2 630
7.2 631
7.2 632
7.2 633
7.2 634
7.2 635
7.2 636
7.2 637
7.2 638
7.2 639
7.2 640
7.2 641
7.2 642
7.2 643
7.2 644
7.2 645
7.2 646
7.2 647
7.2 648
7.2 649
7.2 650
7.2 651
7.2 652
7.2 653
7.2 654
7.2 655
7.2 656
7.2 657
7.2 658
7.2 659
7.2 660
7.2 661
7.2 662
7.2 663
7.2 664
7.2 665
7.2 666
7.2 667
7.2 668
7.2 669
7.2 670
7.2 671
7.2 672
7.2 673
7.2 674
7.2 675
7.2 676
7.2 677
7.2 678
7.2 679
7.2 680
7.2 681
7.2 682
7.2 683
7.2 684
7.2 685
7.2 686
7.2 687
7.2 688
7.2 689
7.2 690
7.2 691
7.2 692
7.2 693
7.2 694
7.2 695
7.2 696
7.2 697
7.2 698
7.2 699
7.2 700
7.2 701
7.2 702
7.2 703
7.2 704
7.2 705
7.2 706
7.2 707
7.2 708
7.2 709
7.2 710
7.2 711
7.2 712
7.2 713
7.2 714
7.2 715
7.2 716
7.2 717
7.2 718
7.2 719
7.2 720
7.2 721
7.2 722
7.2 723
7.2 724
7.2 725
7.2 726
7.2 727
7.2 728
7.2 729
7.2 730
7.2 731
7.2 732
7.2 733
7.2 734
7.2 735
7.2 736
7.2 737
7.2 738
7.2 739
7.2 740
7.2 741
7.2 742
7.2 743
7.2 744
7.2 745
7.2 746
7.2 747
7.2 748
7.2 749
7.2 750
7.2 751
7.2 752
7.2 753
7.2 754
7.2 755
7.2 756
7.2 757
7.2 758
7.2 759
7.2 760
7.2 761
7.2 762
7.2 763
7.2 764
7.2 765
7.2 766
7.2 767
7.2 768
7.2 769
7.2 770
7.2 771
7.2 772
7.2 773
7.2 774
7.2 775
7.2 776
7.2 777
7.2 778
7.2 779
7.2 780
7.2 781
7.2 782
7.2 783
7.2 784
7.2 785
7.2 786
7.2 787
7.2 788
7.2 789
7.2 790
7.2 791
7.2 792
7.2 793
7.2 794
7.2 795
7.2 796
7.2 797
7.2 798
7.2 799
7.2 800
7.2 801
7.2 802
7.2 803
7.2 804
7.2 805
7.2 806
7.2 807
7.2 808
7.2 809
7.2 810
7.2 811
7.2 812
7.2 813
7.2 814
7.2 815
7.2 816
7.2 817
7.2 818
7.2 819
7.2 820
7.2 821
7.2 822
7.2 823
7.2 824
7.2 825
7.2 826
7.2 827
7.2 828
7.2 829
7.2 830
7.2 831
7.2 832
7.2 833
7.2 834
7.2 835
7.2 836
7.2 837
7.2 838
7.2 839
7.2 840
7.2 841
7.2 842
7.2 843
7.2 844
7.2 845
7.2 846
7.2 847
7.2 848
7.2 849
7.2 850
7.2 851
7.2 852
7.2 853
7.2 854
7.2 855
7.2 856
7.2 857
7.2 858
7.2 859
7.2 860
7.2 861
7.2 862
7.2 863
7.2 864
7.2 865
7.2 866
7.2 867
7.2 868
7.2 869
7.2 870
7.2 871
7.2 872
7.2 873
7.2 874
7.2 875
7.2 876
7.2 877
7.2 878
7.2 879
7.2 880
7.2 881
7.2 882
7.2 883
7.2 884
7.2 885
7.2 886
7.2 887
7.2 888
7.2 889
7.2 890
7.2 891
7.2 892
7.2 893
7.2 894
7.2 895
7.2 896
7.2 897
7.2 898
7.2 899
7.2 900
7.2 901
7.2 902
7.2 903
7.2 904
7.2 905
7.2 906
7.2 907
7.2 908
7.2 909
7.2 910
7.2 911
7.2 912
7.2 913
7.2 914
7.2 915
7.2 916
7.2 917
7.2 918
7.2 919
7.2 920
7.2 921
7.2 922
7.2 923
7.2 924
7.2 925
7.2 926
7.2 927
7.2 928
7.2 929
7.2 930
7.2 931
7.2 932
7.2 933
7.2 934
7.2 935
7.2 936
7.2 937
7.2 938
7.2 939
7.2 940
7.2 941
7.2 942
7.2 943
7.2 944
7.2 945
7.2 946
7.2 947
7.2 948
7.2 949
7.2 950
7.2 951
7.2 952
7.2 953
7.2 954
7.2 955
7.2 956
7.2 957
7.2 958
7.2 959
7.2 960
7.2 961
7.2 962
7.2 963
7.2 964
7.2 965
7.2 966
7.2 967
7.2 968
7.2 969
7.2 970
7.2 971
7.2 972
7.2 973
7.2 974
7.2 975
7.2 976
7.2 977
7.2 978
7.2 979
7.2 980
7.2 981
7.2 982
7.2 983
7.2 984
7.2 985
7.2 986
7.2 987
7.2 988
7.2 989
7.2 990
7.2 991
7.2 992
7.2 993
7.2 994
7.2 995
7.2 996
7.2 997
7.2 998
7.2 999
7.6 0
7.6 1
7.6 2
7.6 3
7.6 4
7.6 5
7.6 6
7.6 7
7.6 8
7.6 9
7.6 10
7.6 11
7.6 12
7.6 13
7.6 14
7.6 15
7.6 16
7.6 17
7.6 18
7.6 19
7.6 20
7.6 21
7.6 22
7.6 23
7.6 24
7.6 25
7.6 26
7.6 27
7.6 28
7.6 29
7.6 30
7.6 31
7.6 32
7.6 33
7.6 34
7.6 35
7.6 36
7.6 37
7.6 38
7.6 39
7.6 40
7.6 41
7.6 42
7.6 43
7.6 44
7.6 45
7.6 46
7.6 47
7.6 48
7.6 49
7.6 50
7.6 51
7.6 52
7.6 53
7.6 54
7.6 55
7.6 56
7.6 57
7.6 58
7.6 59
7.6 60
7.6 61
7.6 62
7.6 63
7.6 64
7.6 65
7.6 66
7.6 67
7.6 68
7.6 69
7.6 70
7.6 71
7.6 72
7.6 73
7.6 74
7.6 75
7.6 76
7.6 77
7.6 78
7.6 79
7.6 80
7.6 81
7.6 82
7.6 83
7.6 84
7.6 85
7.6 86
7.6 87
7.6 88
7.6 89
7.6 90
7.6 91
7.6 92
7.6 93
7.6 94
7.6 95
7.6 96
7.6 97
7.6 98
7.6 99
7.6 100
7.6 101
7.6 102
7.6 103
7.6 104
7.6 105
7.6 106
7.6 107
7.6 108
7.6 109
7.6 110
7.6 111
7.6 112
7.6 113
7.6 114
7.6 115
7.6 116
7.6 117
7.6 118
7.6 119
7.6 120
7.6 121
7.6 122
7.6 123
7.6 124
7.6 125
7.6 126
7.6 127
7.6 128
7.6 129
7.6 130
7.6 131
7.6 132
7.6 133
7.6 134
7.6 135
7.6 136
7.6 137
7.6 138
7.6 139
7.6 140
7.6 141
7.6 142
7.6 143
7.6 144
7.6 145
7.6 146
7.6 147
7.6 148
7.6 149
7.6 150
7.6 151
7.6 152
7.6 153
7.6 154
7.6 155
7.6 156
7.6 157
7.6 158
7.6 159
7.6 160
7.6 161
7.6 162
7.6 163
7.6 164
7.6 165
7.6 166
7.6 167
7.6 168
7.6 169
7.6 170
7.6 171
7.6 172
7.6 173
7.6 174
7.6 175
7.6 176
7.6 177
7.6 178
7.6 179
7.6 180
7.6 181
7.6 182
7.6 183
7.6 184
7.6 185
7.6 186
7.6 187
7.6 188
7.6 189
7.6 190
7.6 191
7.6 192
7.6 193
7.6 194
7.6 195
7.6 196
7.6 197
7.6 198
7.6 199
!!node 4!!
7.6 200
7.6 201
7.6 202
7.6 203
7.6 204
7.6 205
7.6 206
7.6 207
7.6 208
7.6 209
7.6 210
7.6 211
7.6 212
7.6 213
7.6 214
7.6 215
7.6 216
7.6 217
7.6 218
7.6 219
7.6 220
7.6 221
7.6 222
7.6 223
7.6 224
7.6 225
7.6 226
7.6 227
7.6 228
7.6 229
7.6 230
7.6 231
7.6 232
7.6 233
7.6 234
7.6 235
7.6 236
7.6 237
7.6 238
7.6 239
7.6 240
7.6 241
7.6 242
7.6 243
7.6 244
7.6 245
7.6 246
7.6 247
7.6 248
7.6 249
7.6 250
7.6 251
7.6 252
7.6 253
7.6 254
7.6 255
7.6 256
7.6 257
7.6 258
7.6 259
7.6 260
7.6 261
7.6 262
7.6 263
7.6 264
7.6 265
7.6 266
7.6 267
7.6 268
7.6 269
7.6 270
7.6 271
7.6 272
7.6 273
7.6 274
7.6 275
7.6 276
7.6 277
7.6 278
7.6 279
7.6 280
7.6 281
7.6 282
7.6 283
7.6 284
7.6 285
7.6 286
7.6 287
7.6 288
7.6 289
7.6 290
7.6 291
7.6 292
7.6 293
7.6 294
7.6 295
7.6 296
7.6 297
7.6 298
7.6 299
7.6 300
7.6 301
7.6 302
7.6 303
7.6 304
7.6 305
7.6 306
7.6 307
7.6 308
7.6 309
7.6 310
7.6 311
7.6 312
7.6 313
7.6 314
7.6 315
7.6 316
7.6 317
7.6 318
7.6 319
7.6 320
7.6 321
7.6 322
7.6 323
7.6 324
7.6 325
7.6 326
7.6 327
7.6 328
7.6 329
7.6 330
7.6 331
7.6 332
7.6 333
7.6 334
7.6 335
7.6 336
7.6 337
7.6 338
7.6 339
7.6 340
7.6 341
7.6 342
7.6 343
7.6 344
7.6 345
7.6 346
7.6 347
7.6 348
7.6 349
7.6 350
7.6 351
7.6 352
7.6 353
7.6 354
7.6 355
7.6 356
7.6 357
7.6 358
7.6 359
7.6 360
7.6 361
7.6 362
7.6 363
7.6 364
7.6 365
7.6 366
7.6 367
7.6 368
7.6 369
7.6 370
7.6 371
7.6 372
7.6 373
7.6 374
7.6 375
7.6 376
7.6 377
7.6 378
7.6 379
7.6 380
7.6 381
7.6 382
7.6 383
7.6 384
7.6 385
7.6 386
7.6 387
7.6 388
7.6 389
7.6 390
7.6 391
7.6 392
7.6 393
7.6 394
7.6 395
7.6 396
7.6 397
7.6 398
7.6 399
7.6 400
7.6 401
7.6 402
7.6 403
7.6 404
7.6 405
7.6 406
7.6 407
7.6 408
7.6 409
7.6 410
7.6 411
7.6 412
7.6 413
7.6 414
7.6 415
7.6 416
7.6 417
7.6 418
7.6 419
7.6 420
7.6 421
7.6 422
7.6 423
7.6 424
7.6 425
7.6 426
7.6 427
7.6 428
7.6 429
7.6 430
7.6 431
7.6 432
7.6 433
7.6 434
7.6 435
7.6 436
7.6 437
7.6 438
7.6 439
7.6 440
7.6 441
7.6 442
7.6 443
7.6 444
7.6 445
7.6 446
7.6 447
7.6 448
7.6 449
7.6 450
7.6 451
7.6 452
7.6 453
7.6 454
7.6 455
7.6 456
7.6 457
7.6 458
7.6 459
7.6 460
7.6 461
7.6 462
7.6 463
7.6 464
7.6 465
7.6 466
7.6 467
7.6 468
7.6 469
7.6 470
7.6 471
7.6 472
7.6 473
7.6 474
7.6 475
7.6 476
7.6 477
7.6 478
7.6 479
7.6 480
7.6 481
7.6 482
7.6 483
7.6 484
7.6 485
7.6 486
7.6 487
7.6 488
7.6 489
7.6 490
7.6 491
7.6 492
7.6 493
7.6 494
7.6 495
7.6 496
7.6 497
7.6 498
7.6 499
7.6 500
7.6 501
7.6 502
7.6 503
7.6 504
7.6 505
7.6 506
7.6 507
7.6 508
7.6 509
7.6 510
7.6 511
7.6 512
7.6 513
7.6 514
7.6 515
7.6 516
7.6 517
7.6 518
7.6 519
7.6 520
7.6 521
7.6 522
7.6 523
7.6 524
7.6 525
7.6 526
7.6 527
7.6 528
7.6 529
7.6 530
7.6 531
7.6 532
7.6 533
7.6 534
7.6 535
7.6 536
7.6 537
7.6 538
7.6 539
7.6 540
7.6 541
7.6 542
7.6 543
7.6 544
7.6 545
7.6 546
7.6 547
7.6 548
7.6 549
7.6 550
7.6 551
7.6 552
7.6 553
7.6 554
7.6 555
7.6 556
7.6 557
7.6 558
7.6 559
7.6 560
7.6 561
7.6 562
7.6 563
7.6 564
7.6 565
7.6 566
7.6 567
7.6 568
7.6 569
7.6 570
7.6 571
7.6 572
7.6 573
7.6 574
7.6 575
7.6 576
7.6 577
7.6 578
7.6 579
7.6 580
7.6 581
7.6 582
7.6 583
7.6 584
7.6 585
7.6 586
7.6 587
7.6 588
7.6 589
7.6 590
7.6 591
7.6 592
7.6 593
7.6 594
7.6 595
7.6 596
7.6 597
7.6 598
7.6 599
7.6 600
7.6 601
7.6 602
7.6 603
7.6 604
7.6 605
7.6 606
7.6 607
7.6 608
7.6 609
7.6 610
7.6 611
7.6 612
7.6 613
7.6 614
7.6 615
7.6 616
7.6 617
7.6 618
7.6 619
7.6 620
7.6 621
7.6 622
7.6 623
7.6 624
7.6 625
7.6 626
7.6 627
7.6 628
7.6 629
7.6 630
7.6 631
7.6 632
7.6 633
7.6 634
7.6 635
7.6 636
7.6 637
7.6 638
7.6 639
7.6 640
7.6 641
7.6 642
7.6 643
7.6 644
7.6 645
7.6 646
7.6 647
7.6 648
7.6 649
7.6 650
7.6 651
7.6 652
7.6 653
7.6 654
7.6 655
7.6 656
7.6 657
7.6 658
7.6 659
7.6 660
7.6 661
7.6 662
7.6 663
7.6 664
7.6 665
7.6 666
7.6 667
7.6 668
7.6 669
7.6 670
7.6 671
7.6 672
7.6 673
7.6 674
7.6 675
7.6 676
7.6 677
7.6 678
7.6 679
7.6 680
7.6 681
7.6 682
7.6 683
7.6 684
7.6 685
7.6 686
7.6 687
7.6 688
7.6 689
7.6 690
7.6 691
7.6 692
7.6 693
7.6 694
7.6 695
7.6 696
7.6 697
7.6 698
7.6 699
7.6 700
7.6 701
7.6 702
7.6 703
7.6 704
7.6 705
7.6 706
7.6 707
7.6 708
7.6 709
7.6 710
7.6 711
7.6 712
7.6 713
7.6 714
7.6 715
7.6 716
7.6 717
7.6 718
7.6 719
7.6 720
7.6 721
7.6 722
7.6 723
7.6 724
7.6 725
7.6 726
7.6 727
7.6 728
7.6 729
7.6 730
7.6 731
7.6 732
7.6 733
7.6 734
7.6 735
7.6 736
7.6 737
7.6 738
7.6 739
7.6 740
7.6 741
7.6 742
7.6 743
7.6 744
7.6 745
7.6 746
7.6 747
7.6 748
7.6 749
7.6 750
7.6 751
7.6 752
7.6 753
7.6 754
7.6 755
7.6 756
7.6 757
7.6 758
7.6 759
7.6 760
7.6 761
7.6 762
7.6 763
7.6 764
7.6 765
7.6 766
7.6 767
7.6 768
7.6 769
7.6 770
7.6 771
7.6 772
7.6 773
7.6 774
7.6 775
7.6 776
7.6 777
7.6 778
7.6 779
7.6 780
7.6 781
7.6 782
7.6 783
7.6 784
7.6 785
7.6 786
7.6 787
7.6 788
7.6 789
7.6 790
7.6 791
7.6 792
7.6 793
7.6 794
7.6 795
7.6 796
7.6 797
7.6 798
7.6 799
7.6 800
7.6 801
7.6 802
7.6 803
7.6 804
7.6 805
7.6 806
7.6 807
7.6 808
7.6 809
7.6 810
7.6 811
7.6 812
7.6 813
7.6 814
7.6 815
7.6 816
7.6 817
7.6 818
7.6 819
7.6 820
7.6 821
7.6 822
7.6 823
7.6 824
7.6 825
7.6 826
7.6 827
7.6 828
7.6 829
7.6 830
7.6 831
7.6 832
7.6 833
7.6 834
7.6 835
7.6 836
7.6 837
7.6 838
7.6 839
7.6 840
7.6 841
7.6 842
7.6 843
7.6 844
7.6 845
7.6 846
7.6 847
7.6 848
7.6 849
7.6 850
7.6 851
7.6 852
7.6 853
7.6 854
7.6 855
7.6 856
7.6 857
7.6 858
7.6 859
7.6 860
7.6 861
7.6 862
7.6 863
7.6 864
7.6 865
7.6 866
7.6 867
7.6 868
7.6 869
7.6 870
7.6 871
7.6 872
7.6 873
7.6 874
7.6 875
7.6 876
7.6 877
7.6 878
7.6 879
7.6 880
7.6 881
7.6 882
7.6 883
7.6 884
7.6 885
7.6 886
7.6 887
7.6 888
7.6 889
7.6 890
7.6 891
7.6 892
7.6 893
7.6 894
7.6 895
7.6 896
7.6 897
7.6 898
7.6 899
7.6 900
7.6 901
7.6 902
7.6 903
7.6 904
7.6 905
7.6 906
7.6 907
7.6 908
7.6 909
7.6 910
7.6 911
7.6 912
7.6 913
7.6 914
7.6 915
7.6 916
7.6 917
7.6 918
7.6 919
7.6 920
7.6 921
7.6 922
7.6 923
7.6 924
7.6 925
7.6 926
7.6 927
7.6 928
7.6 929
7.6 930
7.6 931
7.6 932
7.6 933
7.6 934
7.6 935
7.6 936
7.6 937
7.6 938
7.6 939
7.6 940
7.6 941
7.6 942
7.6 943
7.6 944
7.6 945
7.6 946
7.6 947
7.6 948
7.6 949
7.6 950
7.6 951
7.6 952
7.6 953
7.6 954
7.6 955
7.6 956
7.6 957
7.6 958
7.6 959
7.6 960
7.6 961
7.6 962
7.6 963
7.6 964
7.6 965
7.6 966
7.6 967
7.6 968
7.6 969
7.6 970
7.6 971
7.6 972
7.6 973
7.6 974
7.6 975
7.6 976
7.6 977
7.6 978
7.6 979
7.6 980
7.6 981
7.6 982
7.6 983
7.6 984
7.6 985
7.6 986
7.6 987
7.6 988
7.6 989
7.6 990
7.6 991
7.6 992
7.6 993
7.6 994
7.6 995
7.6 996
7.6 997
7.6 998
7.6 999
