!!node 0!!
14 2 0.3 0.1 0
14 2 0.3 0.1 1
14.75 2 0.3 0.1 0
14.75 2 0.3 0.1 1
15.5 2 0.3 0.1 0
15.5 2 0.3 0.1 1
16.25 2 0.3 0.1 0
16.25 2 0.3 0.1 1
17 2 0.3 0.1 0
17 2 0.3 0.1 1
17.75 2 0.3 0.1 0
17.75 2 0.3 0.1 1
18.5 2 0.3 0.1 0
18.5 2 0.3 0.1 1
19.25 2 0.3 0.1 0
19.25 2 0.3 0.1 1
20 2 0.3 0.1 0
20 2 0.3 0.1 1
20.75 2 0.3 0.1 0
20.75 2 0.3 0.1 1
21.5 2 0.3 0.1 0
21.5 2 0.3 0.1 1
22.25 2 0.3 0.1 0
22.25 2 0.3 0.1 1
23 2 0.3 0.1 0
23 2 0.3 0.1 1
23.75 2 0.3 0.1 0
23.75 2 0.3 0.1 1
24.5 2 0.3 0.1 0
24.5 2 0.3 0.1 1
25.25 2 0.3 0.1 0
25.25 2 0.3 0.1 1
26 2 0.3 0.1 0
26 2 0.3 0.1 1
26.75 2 0.3 0.1 0
26.75 2 0.3 0.1 1
27.5 2 0.3 0.1 0
27.5 2 0.3 0.1 1
28.25 2 0.3 0.1 0
28.25 2 0.3 0.1 1
29 2 0.3 0.1 0
29 2 0.3 0.1 1
29.75 2 0.3 0.1 0
29.75 2 0.3 0.1 1
30.5 2 0.3 0.1 0
30.5 2 0.3 0.1 1
31.25 2 0.3 0.1 0
31.25 2 0.3 0.1 1
