!!node 0!!
12 2 0.6 0
12 2 0.6 1
12 2 0.6 2
12 2 0.6 3
12 2 0.6 4
12 2 0.6 5
12 2 0.6 6
12 2 0.6 7
12 2 0.6 8
12 2 0.6 9
12 2 0.6 10
12 2 0.6 11
!!node 1!!
12 2 0.6 12
12 2 0.6 13
12 2 0.6 14
12 2 0.6 15
12 2 0.6 16
12 2 0.6 17
12 2 0.6 18
12 2 0.6 19
12 2 0.6 20
12 2 0.6 21
12 2 0.6 22
12 2 0.6 23
!!node 2!!
12 2 0.6 24
12 2 0.6 25
12 2 0.6 26
12 2 0.6 27
12 2 0.6 28
12 2 0.6 29
12 2 0.6 30
12 2 0.6 31
12 2 0.6 32
12 2 0.6 33
12 2 0.6 34
12 2 0.6 35
!!node 3!!
12 2 0.6 36
12 2 0.6 37
12 2 0.6 38
12 2 0.6 39
12 2 0.6 40
12 2 0.6 41
12 2 0.6 42
12 2 0.6 43
12 2 0.6 44
12 2 0.6 45
12 2 0.6 46
12 2 0.6 47
!!node 4!!
12 2 0.6 48
12 2 0.6 49
12 2 0.6 50
12 2 0.6 51
12 2 0.6 52
12 2 0.6 53
12 2 0.6 54
12 2 0.6 55
12 2 0.6 56
12 2 0.6 57
12 2 0.6 58
12 2 0.6 59
!!node 5!!
12 2 0.6 60
12 2 0.6 61
12 2 0.6 62
12 2 0.6 63
12 2 0.6 64
12 2 0.6 65
12 2 0.6 66
12 2 0.6 67
12 2 0.6 68
12 2 0.6 69
12 2 0.6 70
12 2 0.6 71
!!node 6!!
12 2 0.6 72
12 2 0.6 73
12 2 0.6 74
12 2 0.6 75
12 2 0.6 76
12 2 0.6 77
12 2 0.6 78
12 2 0.6 79
12 2 0.6 80
12 2 0.6 81
12 2 0.6 82
12 2 0.6 83
!!node 7!!
12 2 0.6 84
12 2 0.6 85
12 2 0.6 86
12 2 0.6 87
12 2 0.6 88
12 2 0.6 89
12 2 0.6 90
12 2 0.6 91
12 2 0.6 92
12 2 0.6 93
12 2 0.6 94
12 2 0.6 95
!!node 8!!
12 2 0.6 96
12 2 0.6 97
12 2 0.6 98
12 2 0.6 99
13.0263 2 0.6 0
13.0263 2 0.6 1
13.0263 2 0.6 2
13.0263 2 0.6 3
13.0263 2 0.6 4
13.0263 2 0.6 5
13.0263 2 0.6 6
13.0263 2 0.6 7
!!node 9!!
13.0263 2 0.6 8
13.0263 2 0.6 9
13.0263 2 0.6 10
13.0263 2 0.6 11
13.0263 2 0.6 12
13.0263 2 0.6 13
13.0263 2 0.6 14
13.0263 2 0.6 15
13.0263 2 0.6 16
13.0263 2 0.6 17
13.0263 2 0.6 18
13.0263 2 0.6 19
!!node 10!!
13.0263 2 0.6 20
13.0263 2 0.6 21
13.0263 2 0.6 22
13.0263 2 0.6 23
13.0263 2 0.6 24
13.0263 2 0.6 25
13.0263 2 0.6 26
13.0263 2 0.6 27
13.0263 2 0.6 28
13.0263 2 0.6 29
13.0263 2 0.6 30
13.0263 2 0.6 31
!!node 11!!
13.0263 2 0.6 32
13.0263 2 0.6 33
13.0263 2 0.6 34
13.0263 2 0.6 35
13.0263 2 0.6 36
13.0263 2 0.6 37
13.0263 2 0.6 38
13.0263 2 0.6 39
13.0263 2 0.6 40
13.0263 2 0.6 41
13.0263 2 0.6 42
13.0263 2 0.6 43
!!node 12!!
13.0263 2 0.6 44
13.0263 2 0.6 45
13.0263 2 0.6 46
13.0263 2 0.6 47
13.0263 2 0.6 48
13.0263 2 0.6 49
13.0263 2 0.6 50
13.0263 2 0.6 51
13.0263 2 0.6 52
13.0263 2 0.6 53
13.0263 2 0.6 54
13.0263 2 0.6 55
!!node 13!!
13.0263 2 0.6 56
13.0263 2 0.6 57
13.0263 2 0.6 58
13.0263 2 0.6 59
13.0263 2 0.6 60
13.0263 2 0.6 61
13.0263 2 0.6 62
13.0263 2 0.6 63
13.0263 2 0.6 64
13.0263 2 0.6 65
13.0263 2 0.6 66
13.0263 2 0.6 67
!!node 14!!
13.0263 2 0.6 68
13.0263 2 0.6 69
13.0263 2 0.6 70
13.0263 2 0.6 71
13.0263 2 0.6 72
13.0263 2 0.6 73
13.0263 2 0.6 74
13.0263 2 0.6 75
13.0263 2 0.6 76
13.0263 2 0.6 77
13.0263 2 0.6 78
13.0263 2 0.6 79
!!node 15!!
13.0263 2 0.6 80
13.0263 2 0.6 81
13.0263 2 0.6 82
13.0263 2 0.6 83
13.0263 2 0.6 84
13.0263 2 0.6 85
13.0263 2 0.6 86
13.0263 2 0.6 87
13.0263 2 0.6 88
13.0263 2 0.6 89
13.0263 2 0.6 90
13.0263 2 0.6 91
!!node 16!!
13.0263 2 0.6 92
13.0263 2 0.6 93
13.0263 2 0.6 94
13.0263 2 0.6 95
13.0263 2 0.6 96
13.0263 2 0.6 97
13.0263 2 0.6 98
13.0263 2 0.6 99
14.0526 2 0.6 0
14.0526 2 0.6 1
14.0526 2 0.6 2
14.0526 2 0.6 3
!!node 17!!
14.0526 2 0.6 4
14.0526 2 0.6 5
14.0526 2 0.6 6
14.0526 2 0.6 7
14.0526 2 0.6 8
14.0526 2 0.6 9
14.0526 2 0.6 10
14.0526 2 0.6 11
14.0526 2 0.6 12
14.0526 2 0.6 13
14.0526 2 0.6 14
14.0526 2 0.6 15
!!node 18!!
14.0526 2 0.6 16
14.0526 2 0.6 17
14.0526 2 0.6 18
14.0526 2 0.6 19
14.0526 2 0.6 20
14.0526 2 0.6 21
14.0526 2 0.6 22
14.0526 2 0.6 23
14.0526 2 0.6 24
14.0526 2 0.6 25
14.0526 2 0.6 26
14.0526 2 0.6 27
!!node 19!!
14.0526 2 0.6 28
14.0526 2 0.6 29
14.0526 2 0.6 30
14.0526 2 0.6 31
14.0526 2 0.6 32
14.0526 2 0.6 33
14.0526 2 0.6 34
14.0526 2 0.6 35
14.0526 2 0.6 36
14.0526 2 0.6 37
14.0526 2 0.6 38
14.0526 2 0.6 39
!!node 20!!
14.0526 2 0.6 40
14.0526 2 0.6 41
14.0526 2 0.6 42
14.0526 2 0.6 43
14.0526 2 0.6 44
14.0526 2 0.6 45
14.0526 2 0.6 46
14.0526 2 0.6 47
14.0526 2 0.6 48
14.0526 2 0.6 49
14.0526 2 0.6 50
14.0526 2 0.6 51
!!node 21!!
14.0526 2 0.6 52
14.0526 2 0.6 53
14.0526 2 0.6 54
14.0526 2 0.6 55
14.0526 2 0.6 56
14.0526 2 0.6 57
14.0526 2 0.6 58
14.0526 2 0.6 59
14.0526 2 0.6 60
14.0526 2 0.6 61
14.0526 2 0.6 62
14.0526 2 0.6 63
!!node 22!!
14.0526 2 0.6 64
14.0526 2 0.6 65
14.0526 2 0.6 66
14.0526 2 0.6 67
14.0526 2 0.6 68
14.0526 2 0.6 69
14.0526 2 0.6 70
14.0526 2 0.6 71
14.0526 2 0.6 72
14.0526 2 0.6 73
14.0526 2 0.6 74
14.0526 2 0.6 75
!!node 23!!
14.0526 2 0.6 76
14.0526 2 0.6 77
14.0526 2 0.6 78
14.0526 2 0.6 79
14.0526 2 0.6 80
14.0526 2 0.6 81
14.0526 2 0.6 82
14.0526 2 0.6 83
14.0526 2 0.6 84
14.0526 2 0.6 85
14.0526 2 0.6 86
14.0526 2 0.6 87
!!node 24!!
14.0526 2 0.6 88
14.0526 2 0.6 89
14.0526 2 0.6 90
14.0526 2 0.6 91
14.0526 2 0.6 92
14.0526 2 0.6 93
14.0526 2 0.6 94
14.0526 2 0.6 95
14.0526 2 0.6 96
14.0526 2 0.6 97
14.0526 2 0.6 98
14.0526 2 0.6 99
!!node 25!!
15.0789 2 0.6 0
15.0789 2 0.6 1
15.0789 2 0.6 2
15.0789 2 0.6 3
15.0789 2 0.6 4
15.0789 2 0.6 5
15.0789 2 0.6 6
15.0789 2 0.6 7
15.0789 2 0.6 8
15.0789 2 0.6 9
15.0789 2 0.6 10
15.0789 2 0.6 11
!!node 26!!
15.0789 2 0.6 12
15.0789 2 0.6 13
15.0789 2 0.6 14
15.0789 2 0.6 15
15.0789 2 0.6 16
15.0789 2 0.6 17
15.0789 2 0.6 18
15.0789 2 0.6 19
15.0789 2 0.6 20
15.0789 2 0.6 21
15.0789 2 0.6 22
15.0789 2 0.6 23
!!node 27!!
15.0789 2 0.6 24
15.0789 2 0.6 25
15.0789 2 0.6 26
15.0789 2 0.6 27
15.0789 2 0.6 28
15.0789 2 0.6 29
15.0789 2 0.6 30
15.0789 2 0.6 31
15.0789 2 0.6 32
15.0789 2 0.6 33
15.0789 2 0.6 34
15.0789 2 0.6 35
!!node 28!!
15.0789 2 0.6 36
15.0789 2 0.6 37
15.0789 2 0.6 38
15.0789 2 0.6 39
15.0789 2 0.6 40
15.0789 2 0.6 41
15.0789 2 0.6 42
15.0789 2 0.6 43
15.0789 2 0.6 44
15.0789 2 0.6 45
15.0789 2 0.6 46
15.0789 2 0.6 47
!!node 29!!
15.0789 2 0.6 48
15.0789 2 0.6 49
15.0789 2 0.6 50
15.0789 2 0.6 51
15.0789 2 0.6 52
15.0789 2 0.6 53
15.0789 2 0.6 54
15.0789 2 0.6 55
15.0789 2 0.6 56
15.0789 2 0.6 57
15.0789 2 0.6 58
15.0789 2 0.6 59
!!node 30!!
15.0789 2 0.6 60
15.0789 2 0.6 61
15.0789 2 0.6 62
15.0789 2 0.6 63
15.0789 2 0.6 64
15.0789 2 0.6 65
15.0789 2 0.6 66
15.0789 2 0.6 67
15.0789 2 0.6 68
15.0789 2 0.6 69
15.0789 2 0.6 70
15.0789 2 0.6 71
!!node 31!!
15.0789 2 0.6 72
15.0789 2 0.6 73
15.0789 2 0.6 74
15.0789 2 0.6 75
15.0789 2 0.6 76
15.0789 2 0.6 77
15.0789 2 0.6 78
15.0789 2 0.6 79
15.0789 2 0.6 80
15.0789 2 0.6 81
15.0789 2 0.6 82
15.0789 2 0.6 83
!!node 32!!
15.0789 2 0.6 84
15.0789 2 0.6 85
15.0789 2 0.6 86
15.0789 2 0.6 87
15.0789 2 0.6 88
15.0789 2 0.6 89
15.0789 2 0.6 90
15.0789 2 0.6 91
15.0789 2 0.6 92
15.0789 2 0.6 93
15.0789 2 0.6 94
15.0789 2 0.6 95
!!node 33!!
15.0789 2 0.6 96
15.0789 2 0.6 97
15.0789 2 0.6 98
15.0789 2 0.6 99
16.1053 2 0.6 0
16.1053 2 0.6 1
16.1053 2 0.6 2
16.1053 2 0.6 3
16.1053 2 0.6 4
16.1053 2 0.6 5
16.1053 2 0.6 6
16.1053 2 0.6 7
!!node 34!!
16.1053 2 0.6 8
16.1053 2 0.6 9
16.1053 2 0.6 10
16.1053 2 0.6 11
16.1053 2 0.6 12
16.1053 2 0.6 13
16.1053 2 0.6 14
16.1053 2 0.6 15
16.1053 2 0.6 16
16.1053 2 0.6 17
16.1053 2 0.6 18
16.1053 2 0.6 19
!!node 35!!
16.1053 2 0.6 20
16.1053 2 0.6 21
16.1053 2 0.6 22
16.1053 2 0.6 23
16.1053 2 0.6 24
16.1053 2 0.6 25
16.1053 2 0.6 26
16.1053 2 0.6 27
16.1053 2 0.6 28
16.1053 2 0.6 29
16.1053 2 0.6 30
16.1053 2 0.6 31
!!node 36!!
16.1053 2 0.6 32
16.1053 2 0.6 33
16.1053 2 0.6 34
16.1053 2 0.6 35
16.1053 2 0.6 36
16.1053 2 0.6 37
16.1053 2 0.6 38
16.1053 2 0.6 39
16.1053 2 0.6 40
16.1053 2 0.6 41
16.1053 2 0.6 42
16.1053 2 0.6 43
!!node 37!!
16.1053 2 0.6 44
16.1053 2 0.6 45
16.1053 2 0.6 46
16.1053 2 0.6 47
16.1053 2 0.6 48
16.1053 2 0.6 49
16.1053 2 0.6 50
16.1053 2 0.6 51
16.1053 2 0.6 52
16.1053 2 0.6 53
16.1053 2 0.6 54
16.1053 2 0.6 55
!!node 38!!
16.1053 2 0.6 56
16.1053 2 0.6 57
16.1053 2 0.6 58
16.1053 2 0.6 59
16.1053 2 0.6 60
16.1053 2 0.6 61
16.1053 2 0.6 62
16.1053 2 0.6 63
16.1053 2 0.6 64
16.1053 2 0.6 65
16.1053 2 0.6 66
16.1053 2 0.6 67
!!node 39!!
16.1053 2 0.6 68
16.1053 2 0.6 69
16.1053 2 0.6 70
16.1053 2 0.6 71
16.1053 2 0.6 72
16.1053 2 0.6 73
16.1053 2 0.6 74
16.1053 2 0.6 75
16.1053 2 0.6 76
16.1053 2 0.6 77
16.1053 2 0.6 78
16.1053 2 0.6 79
!!node 40!!
16.1053 2 0.6 80
16.1053 2 0.6 81
16.1053 2 0.6 82
16.1053 2 0.6 83
16.1053 2 0.6 84
16.1053 2 0.6 85
16.1053 2 0.6 86
16.1053 2 0.6 87
16.1053 2 0.6 88
16.1053 2 0.6 89
16.1053 2 0.6 90
16.1053 2 0.6 91
!!node 41!!
16.1053 2 0.6 92
16.1053 2 0.6 93
16.1053 2 0.6 94
16.1053 2 0.6 95
16.1053 2 0.6 96
16.1053 2 0.6 97
16.1053 2 0.6 98
16.1053 2 0.6 99
17.1316 2 0.6 0
17.1316 2 0.6 1
17.1316 2 0.6 2
17.1316 2 0.6 3
!!node 42!!
17.1316 2 0.6 4
17.1316 2 0.6 5
17.1316 2 0.6 6
17.1316 2 0.6 7
17.1316 2 0.6 8
17.1316 2 0.6 9
17.1316 2 0.6 10
17.1316 2 0.6 11
17.1316 2 0.6 12
17.1316 2 0.6 13
17.1316 2 0.6 14
17.1316 2 0.6 15
!!node 43!!
17.1316 2 0.6 16
17.1316 2 0.6 17
17.1316 2 0.6 18
17.1316 2 0.6 19
17.1316 2 0.6 20
17.1316 2 0.6 21
17.1316 2 0.6 22
17.1316 2 0.6 23
17.1316 2 0.6 24
17.1316 2 0.6 25
17.1316 2 0.6 26
17.1316 2 0.6 27
!!node 44!!
17.1316 2 0.6 28
17.1316 2 0.6 29
17.1316 2 0.6 30
17.1316 2 0.6 31
17.1316 2 0.6 32
17.1316 2 0.6 33
17.1316 2 0.6 34
17.1316 2 0.6 35
17.1316 2 0.6 36
17.1316 2 0.6 37
17.1316 2 0.6 38
17.1316 2 0.6 39
!!node 45!!
17.1316 2 0.6 40
17.1316 2 0.6 41
17.1316 2 0.6 42
17.1316 2 0.6 43
17.1316 2 0.6 44
17.1316 2 0.6 45
17.1316 2 0.6 46
17.1316 2 0.6 47
17.1316 2 0.6 48
17.1316 2 0.6 49
17.1316 2 0.6 50
17.1316 2 0.6 51
!!node 46!!
17.1316 2 0.6 52
17.1316 2 0.6 53
17.1316 2 0.6 54
17.1316 2 0.6 55
17.1316 2 0.6 56
17.1316 2 0.6 57
17.1316 2 0.6 58
17.1316 2 0.6 59
17.1316 2 0.6 60
17.1316 2 0.6 61
17.1316 2 0.6 62
17.1316 2 0.6 63
!!node 47!!
17.1316 2 0.6 64
17.1316 2 0.6 65
17.1316 2 0.6 66
17.1316 2 0.6 67
17.1316 2 0.6 68
17.1316 2 0.6 69
17.1316 2 0.6 70
17.1316 2 0.6 71
17.1316 2 0.6 72
17.1316 2 0.6 73
17.1316 2 0.6 74
17.1316 2 0.6 75
!!node 48!!
17.1316 2 0.6 76
17.1316 2 0.6 77
17.1316 2 0.6 78
17.1316 2 0.6 79
17.1316 2 0.6 80
17.1316 2 0.6 81
17.1316 2 0.6 82
17.1316 2 0.6 83
17.1316 2 0.6 84
17.1316 2 0.6 85
17.1316 2 0.6 86
17.1316 2 0.6 87
!!node 49!!
17.1316 2 0.6 88
17.1316 2 0.6 89
17.1316 2 0.6 90
17.1316 2 0.6 91
17.1316 2 0.6 92
17.1316 2 0.6 93
17.1316 2 0.6 94
17.1316 2 0.6 95
17.1316 2 0.6 96
17.1316 2 0.6 97
17.1316 2 0.6 98
17.1316 2 0.6 99
!!node 50!!
18.1579 2 0.6 0
18.1579 2 0.6 1
18.1579 2 0.6 2
18.1579 2 0.6 3
18.1579 2 0.6 4
18.1579 2 0.6 5
18.1579 2 0.6 6
18.1579 2 0.6 7
18.1579 2 0.6 8
18.1579 2 0.6 9
18.1579 2 0.6 10
18.1579 2 0.6 11
!!node 51!!
18.1579 2 0.6 12
18.1579 2 0.6 13
18.1579 2 0.6 14
18.1579 2 0.6 15
18.1579 2 0.6 16
18.1579 2 0.6 17
18.1579 2 0.6 18
18.1579 2 0.6 19
18.1579 2 0.6 20
18.1579 2 0.6 21
18.1579 2 0.6 22
18.1579 2 0.6 23
!!node 52!!
18.1579 2 0.6 24
18.1579 2 0.6 25
18.1579 2 0.6 26
18.1579 2 0.6 27
18.1579 2 0.6 28
18.1579 2 0.6 29
18.1579 2 0.6 30
18.1579 2 0.6 31
18.1579 2 0.6 32
18.1579 2 0.6 33
18.1579 2 0.6 34
18.1579 2 0.6 35
!!node 53!!
18.1579 2 0.6 36
18.1579 2 0.6 37
18.1579 2 0.6 38
18.1579 2 0.6 39
18.1579 2 0.6 40
18.1579 2 0.6 41
18.1579 2 0.6 42
18.1579 2 0.6 43
18.1579 2 0.6 44
18.1579 2 0.6 45
18.1579 2 0.6 46
18.1579 2 0.6 47
!!node 54!!
18.1579 2 0.6 48
18.1579 2 0.6 49
18.1579 2 0.6 50
18.1579 2 0.6 51
18.1579 2 0.6 52
18.1579 2 0.6 53
18.1579 2 0.6 54
18.1579 2 0.6 55
18.1579 2 0.6 56
18.1579 2 0.6 57
18.1579 2 0.6 58
18.1579 2 0.6 59
!!node 55!!
18.1579 2 0.6 60
18.1579 2 0.6 61
18.1579 2 0.6 62
18.1579 2 0.6 63
18.1579 2 0.6 64
18.1579 2 0.6 65
18.1579 2 0.6 66
18.1579 2 0.6 67
18.1579 2 0.6 68
18.1579 2 0.6 69
18.1579 2 0.6 70
18.1579 2 0.6 71
!!node 56!!
18.1579 2 0.6 72
18.1579 2 0.6 73
18.1579 2 0.6 74
18.1579 2 0.6 75
18.1579 2 0.6 76
18.1579 2 0.6 77
18.1579 2 0.6 78
18.1579 2 0.6 79
18.1579 2 0.6 80
18.1579 2 0.6 81
18.1579 2 0.6 82
18.1579 2 0.6 83
!!node 57!!
18.1579 2 0.6 84
18.1579 2 0.6 85
18.1579 2 0.6 86
18.1579 2 0.6 87
18.1579 2 0.6 88
18.1579 2 0.6 89
18.1579 2 0.6 90
18.1579 2 0.6 91
18.1579 2 0.6 92
18.1579 2 0.6 93
18.1579 2 0.6 94
18.1579 2 0.6 95
!!node 58!!
18.1579 2 0.6 96
18.1579 2 0.6 97
18.1579 2 0.6 98
18.1579 2 0.6 99
19.1842 2 0.6 0
19.1842 2 0.6 1
19.1842 2 0.6 2
19.1842 2 0.6 3
19.1842 2 0.6 4
19.1842 2 0.6 5
19.1842 2 0.6 6
19.1842 2 0.6 7
!!node 59!!
19.1842 2 0.6 8
19.1842 2 0.6 9
19.1842 2 0.6 10
19.1842 2 0.6 11
19.1842 2 0.6 12
19.1842 2 0.6 13
19.1842 2 0.6 14
19.1842 2 0.6 15
19.1842 2 0.6 16
19.1842 2 0.6 17
19.1842 2 0.6 18
19.1842 2 0.6 19
!!node 60!!
19.1842 2 0.6 20
19.1842 2 0.6 21
19.1842 2 0.6 22
19.1842 2 0.6 23
19.1842 2 0.6 24
19.1842 2 0.6 25
19.1842 2 0.6 26
19.1842 2 0.6 27
19.1842 2 0.6 28
19.1842 2 0.6 29
19.1842 2 0.6 30
19.1842 2 0.6 31
!!node 61!!
19.1842 2 0.6 32
19.1842 2 0.6 33
19.1842 2 0.6 34
19.1842 2 0.6 35
19.1842 2 0.6 36
19.1842 2 0.6 37
19.1842 2 0.6 38
19.1842 2 0.6 39
19.1842 2 0.6 40
19.1842 2 0.6 41
19.1842 2 0.6 42
19.1842 2 0.6 43
!!node 62!!
19.1842 2 0.6 44
19.1842 2 0.6 45
19.1842 2 0.6 46
19.1842 2 0.6 47
19.1842 2 0.6 48
19.1842 2 0.6 49
19.1842 2 0.6 50
19.1842 2 0.6 51
19.1842 2 0.6 52
19.1842 2 0.6 53
19.1842 2 0.6 54
19.1842 2 0.6 55
!!node 63!!
19.1842 2 0.6 56
19.1842 2 0.6 57
19.1842 2 0.6 58
19.1842 2 0.6 59
19.1842 2 0.6 60
19.1842 2 0.6 61
19.1842 2 0.6 62
19.1842 2 0.6 63
19.1842 2 0.6 64
19.1842 2 0.6 65
19.1842 2 0.6 66
19.1842 2 0.6 67
!!node 64!!
19.1842 2 0.6 68
19.1842 2 0.6 69
19.1842 2 0.6 70
19.1842 2 0.6 71
19.1842 2 0.6 72
19.1842 2 0.6 73
19.1842 2 0.6 74
19.1842 2 0.6 75
19.1842 2 0.6 76
19.1842 2 0.6 77
19.1842 2 0.6 78
19.1842 2 0.6 79
!!node 65!!
19.1842 2 0.6 80
19.1842 2 0.6 81
19.1842 2 0.6 82
19.1842 2 0.6 83
19.1842 2 0.6 84
19.1842 2 0.6 85
19.1842 2 0.6 86
19.1842 2 0.6 87
19.1842 2 0.6 88
19.1842 2 0.6 89
19.1842 2 0.6 90
19.1842 2 0.6 91
!!node 66!!
19.1842 2 0.6 92
19.1842 2 0.6 93
19.1842 2 0.6 94
19.1842 2 0.6 95
19.1842 2 0.6 96
19.1842 2 0.6 97
19.1842 2 0.6 98
19.1842 2 0.6 99
20.2105 2 0.6 0
20.2105 2 0.6 1
20.2105 2 0.6 2
20.2105 2 0.6 3
!!node 67!!
20.2105 2 0.6 4
20.2105 2 0.6 5
20.2105 2 0.6 6
20.2105 2 0.6 7
20.2105 2 0.6 8
20.2105 2 0.6 9
20.2105 2 0.6 10
20.2105 2 0.6 11
20.2105 2 0.6 12
20.2105 2 0.6 13
20.2105 2 0.6 14
20.2105 2 0.6 15
!!node 68!!
20.2105 2 0.6 16
20.2105 2 0.6 17
20.2105 2 0.6 18
20.2105 2 0.6 19
20.2105 2 0.6 20
20.2105 2 0.6 21
20.2105 2 0.6 22
20.2105 2 0.6 23
20.2105 2 0.6 24
20.2105 2 0.6 25
20.2105 2 0.6 26
20.2105 2 0.6 27
!!node 69!!
20.2105 2 0.6 28
20.2105 2 0.6 29
20.2105 2 0.6 30
20.2105 2 0.6 31
20.2105 2 0.6 32
20.2105 2 0.6 33
20.2105 2 0.6 34
20.2105 2 0.6 35
20.2105 2 0.6 36
20.2105 2 0.6 37
20.2105 2 0.6 38
20.2105 2 0.6 39
!!node 70!!
20.2105 2 0.6 40
20.2105 2 0.6 41
20.2105 2 0.6 42
20.2105 2 0.6 43
20.2105 2 0.6 44
20.2105 2 0.6 45
20.2105 2 0.6 46
20.2105 2 0.6 47
20.2105 2 0.6 48
20.2105 2 0.6 49
20.2105 2 0.6 50
20.2105 2 0.6 51
!!node 71!!
20.2105 2 0.6 52
20.2105 2 0.6 53
20.2105 2 0.6 54
20.2105 2 0.6 55
20.2105 2 0.6 56
20.2105 2 0.6 57
20.2105 2 0.6 58
20.2105 2 0.6 59
20.2105 2 0.6 60
20.2105 2 0.6 61
20.2105 2 0.6 62
20.2105 2 0.6 63
!!node 72!!
20.2105 2 0.6 64
20.2105 2 0.6 65
20.2105 2 0.6 66
20.2105 2 0.6 67
20.2105 2 0.6 68
20.2105 2 0.6 69
20.2105 2 0.6 70
20.2105 2 0.6 71
20.2105 2 0.6 72
20.2105 2 0.6 73
20.2105 2 0.6 74
20.2105 2 0.6 75
!!node 73!!
20.2105 2 0.6 76
20.2105 2 0.6 77
20.2105 2 0.6 78
20.2105 2 0.6 79
20.2105 2 0.6 80
20.2105 2 0.6 81
20.2105 2 0.6 82
20.2105 2 0.6 83
20.2105 2 0.6 84
20.2105 2 0.6 85
20.2105 2 0.6 86
20.2105 2 0.6 87
!!node 74!!
20.2105 2 0.6 88
20.2105 2 0.6 89
20.2105 2 0.6 90
20.2105 2 0.6 91
20.2105 2 0.6 92
20.2105 2 0.6 93
20.2105 2 0.6 94
20.2105 2 0.6 95
20.2105 2 0.6 96
20.2105 2 0.6 97
20.2105 2 0.6 98
20.2105 2 0.6 99
!!node 75!!
21.2368 2 0.6 0
21.2368 2 0.6 1
21.2368 2 0.6 2
21.2368 2 0.6 3
21.2368 2 0.6 4
21.2368 2 0.6 5
21.2368 2 0.6 6
21.2368 2 0.6 7
21.2368 2 0.6 8
21.2368 2 0.6 9
21.2368 2 0.6 10
21.2368 2 0.6 11
!!node 76!!
21.2368 2 0.6 12
21.2368 2 0.6 13
21.2368 2 0.6 14
21.2368 2 0.6 15
21.2368 2 0.6 16
21.2368 2 0.6 17
21.2368 2 0.6 18
21.2368 2 0.6 19
21.2368 2 0.6 20
21.2368 2 0.6 21
21.2368 2 0.6 22
21.2368 2 0.6 23
!!node 77!!
21.2368 2 0.6 24
21.2368 2 0.6 25
21.2368 2 0.6 26
21.2368 2 0.6 27
21.2368 2 0.6 28
21.2368 2 0.6 29
21.2368 2 0.6 30
21.2368 2 0.6 31
21.2368 2 0.6 32
21.2368 2 0.6 33
21.2368 2 0.6 34
21.2368 2 0.6 35
!!node 78!!
21.2368 2 0.6 36
21.2368 2 0.6 37
21.2368 2 0.6 38
21.2368 2 0.6 39
21.2368 2 0.6 40
21.2368 2 0.6 41
21.2368 2 0.6 42
21.2368 2 0.6 43
21.2368 2 0.6 44
21.2368 2 0.6 45
21.2368 2 0.6 46
21.2368 2 0.6 47
!!node 79!!
21.2368 2 0.6 48
21.2368 2 0.6 49
21.2368 2 0.6 50
21.2368 2 0.6 51
21.2368 2 0.6 52
21.2368 2 0.6 53
21.2368 2 0.6 54
21.2368 2 0.6 55
21.2368 2 0.6 56
21.2368 2 0.6 57
21.2368 2 0.6 58
21.2368 2 0.6 59
!!node 80!!
21.2368 2 0.6 60
21.2368 2 0.6 61
21.2368 2 0.6 62
21.2368 2 0.6 63
21.2368 2 0.6 64
21.2368 2 0.6 65
21.2368 2 0.6 66
21.2368 2 0.6 67
21.2368 2 0.6 68
21.2368 2 0.6 69
21.2368 2 0.6 70
21.2368 2 0.6 71
!!node 81!!
21.2368 2 0.6 72
21.2368 2 0.6 73
21.2368 2 0.6 74
21.2368 2 0.6 75
21.2368 2 0.6 76
21.2368 2 0.6 77
21.2368 2 0.6 78
21.2368 2 0.6 79
21.2368 2 0.6 80
21.2368 2 0.6 81
21.2368 2 0.6 82
21.2368 2 0.6 83
!!node 82!!
21.2368 2 0.6 84
21.2368 2 0.6 85
21.2368 2 0.6 86
21.2368 2 0.6 87
21.2368 2 0.6 88
21.2368 2 0.6 89
21.2368 2 0.6 90
21.2368 2 0.6 91
21.2368 2 0.6 92
21.2368 2 0.6 93
21.2368 2 0.6 94
21.2368 2 0.6 95
!!node 83!!
21.2368 2 0.6 96
21.2368 2 0.6 97
21.2368 2 0.6 98
21.2368 2 0.6 99
22.2632 2 0.6 0
22.2632 2 0.6 1
22.2632 2 0.6 2
22.2632 2 0.6 3
22.2632 2 0.6 4
22.2632 2 0.6 5
22.2632 2 0.6 6
22.2632 2 0.6 7
!!node 84!!
22.2632 2 0.6 8
22.2632 2 0.6 9
22.2632 2 0.6 10
22.2632 2 0.6 11
22.2632 2 0.6 12
22.2632 2 0.6 13
22.2632 2 0.6 14
22.2632 2 0.6 15
22.2632 2 0.6 16
22.2632 2 0.6 17
22.2632 2 0.6 18
22.2632 2 0.6 19
!!node 85!!
22.2632 2 0.6 20
22.2632 2 0.6 21
22.2632 2 0.6 22
22.2632 2 0.6 23
22.2632 2 0.6 24
22.2632 2 0.6 25
22.2632 2 0.6 26
22.2632 2 0.6 27
22.2632 2 0.6 28
22.2632 2 0.6 29
22.2632 2 0.6 30
22.2632 2 0.6 31
!!node 86!!
22.2632 2 0.6 32
22.2632 2 0.6 33
22.2632 2 0.6 34
22.2632 2 0.6 35
22.2632 2 0.6 36
22.2632 2 0.6 37
22.2632 2 0.6 38
22.2632 2 0.6 39
22.2632 2 0.6 40
22.2632 2 0.6 41
22.2632 2 0.6 42
22.2632 2 0.6 43
!!node 87!!
22.2632 2 0.6 44
22.2632 2 0.6 45
22.2632 2 0.6 46
22.2632 2 0.6 47
22.2632 2 0.6 48
22.2632 2 0.6 49
22.2632 2 0.6 50
22.2632 2 0.6 51
22.2632 2 0.6 52
22.2632 2 0.6 53
22.2632 2 0.6 54
22.2632 2 0.6 55
!!node 88!!
22.2632 2 0.6 56
22.2632 2 0.6 57
22.2632 2 0.6 58
22.2632 2 0.6 59
22.2632 2 0.6 60
22.2632 2 0.6 61
22.2632 2 0.6 62
22.2632 2 0.6 63
22.2632 2 0.6 64
22.2632 2 0.6 65
22.2632 2 0.6 66
22.2632 2 0.6 67
!!node 89!!
22.2632 2 0.6 68
22.2632 2 0.6 69
22.2632 2 0.6 70
22.2632 2 0.6 71
22.2632 2 0.6 72
22.2632 2 0.6 73
22.2632 2 0.6 74
22.2632 2 0.6 75
22.2632 2 0.6 76
22.2632 2 0.6 77
22.2632 2 0.6 78
22.2632 2 0.6 79
!!node 90!!
22.2632 2 0.6 80
22.2632 2 0.6 81
22.2632 2 0.6 82
22.2632 2 0.6 83
22.2632 2 0.6 84
22.2632 2 0.6 85
22.2632 2 0.6 86
22.2632 2 0.6 87
22.2632 2 0.6 88
22.2632 2 0.6 89
22.2632 2 0.6 90
22.2632 2 0.6 91
!!node 91!!
22.2632 2 0.6 92
22.2632 2 0.6 93
22.2632 2 0.6 94
22.2632 2 0.6 95
22.2632 2 0.6 96
22.2632 2 0.6 97
22.2632 2 0.6 98
22.2632 2 0.6 99
23.2895 2 0.6 0
23.2895 2 0.6 1
23.2895 2 0.6 2
23.2895 2 0.6 3
!!node 92!!
23.2895 2 0.6 4
23.2895 2 0.6 5
23.2895 2 0.6 6
23.2895 2 0.6 7
23.2895 2 0.6 8
23.2895 2 0.6 9
23.2895 2 0.6 10
23.2895 2 0.6 11
23.2895 2 0.6 12
23.2895 2 0.6 13
23.2895 2 0.6 14
23.2895 2 0.6 15
!!node 93!!
23.2895 2 0.6 16
23.2895 2 0.6 17
23.2895 2 0.6 18
23.2895 2 0.6 19
23.2895 2 0.6 20
23.2895 2 0.6 21
23.2895 2 0.6 22
23.2895 2 0.6 23
23.2895 2 0.6 24
23.2895 2 0.6 25
23.2895 2 0.6 26
23.2895 2 0.6 27
!!node 94!!
23.2895 2 0.6 28
23.2895 2 0.6 29
23.2895 2 0.6 30
23.2895 2 0.6 31
23.2895 2 0.6 32
23.2895 2 0.6 33
23.2895 2 0.6 34
23.2895 2 0.6 35
23.2895 2 0.6 36
23.2895 2 0.6 37
23.2895 2 0.6 38
23.2895 2 0.6 39
!!node 95!!
23.2895 2 0.6 40
23.2895 2 0.6 41
23.2895 2 0.6 42
23.2895 2 0.6 43
23.2895 2 0.6 44
23.2895 2 0.6 45
23.2895 2 0.6 46
23.2895 2 0.6 47
23.2895 2 0.6 48
23.2895 2 0.6 49
23.2895 2 0.6 50
23.2895 2 0.6 51
!!node 96!!
23.2895 2 0.6 52
23.2895 2 0.6 53
23.2895 2 0.6 54
23.2895 2 0.6 55
23.2895 2 0.6 56
23.2895 2 0.6 57
23.2895 2 0.6 58
23.2895 2 0.6 59
23.2895 2 0.6 60
23.2895 2 0.6 61
23.2895 2 0.6 62
23.2895 2 0.6 63
!!node 97!!
23.2895 2 0.6 64
23.2895 2 0.6 65
23.2895 2 0.6 66
23.2895 2 0.6 67
23.2895 2 0.6 68
23.2895 2 0.6 69
23.2895 2 0.6 70
23.2895 2 0.6 71
23.2895 2 0.6 72
23.2895 2 0.6 73
23.2895 2 0.6 74
23.2895 2 0.6 75
!!node 98!!
23.2895 2 0.6 76
23.2895 2 0.6 77
23.2895 2 0.6 78
23.2895 2 0.6 79
23.2895 2 0.6 80
23.2895 2 0.6 81
23.2895 2 0.6 82
23.2895 2 0.6 83
23.2895 2 0.6 84
23.2895 2 0.6 85
23.2895 2 0.6 86
23.2895 2 0.6 87
!!node 99!!
23.2895 2 0.6 88
23.2895 2 0.6 89
23.2895 2 0.6 90
23.2895 2 0.6 91
23.2895 2 0.6 92
23.2895 2 0.6 93
23.2895 2 0.6 94
23.2895 2 0.6 95
23.2895 2 0.6 96
23.2895 2 0.6 97
23.2895 2 0.6 98
23.2895 2 0.6 99
!!node 100!!
24.3158 2 0.6 0
24.3158 2 0.6 1
24.3158 2 0.6 2
24.3158 2 0.6 3
24.3158 2 0.6 4
24.3158 2 0.6 5
24.3158 2 0.6 6
24.3158 2 0.6 7
24.3158 2 0.6 8
24.3158 2 0.6 9
24.3158 2 0.6 10
24.3158 2 0.6 11
!!node 101!!
24.3158 2 0.6 12
24.3158 2 0.6 13
24.3158 2 0.6 14
24.3158 2 0.6 15
24.3158 2 0.6 16
24.3158 2 0.6 17
24.3158 2 0.6 18
24.3158 2 0.6 19
24.3158 2 0.6 20
24.3158 2 0.6 21
24.3158 2 0.6 22
24.3158 2 0.6 23
!!node 102!!
24.3158 2 0.6 24
24.3158 2 0.6 25
24.3158 2 0.6 26
24.3158 2 0.6 27
24.3158 2 0.6 28
24.3158 2 0.6 29
24.3158 2 0.6 30
24.3158 2 0.6 31
24.3158 2 0.6 32
24.3158 2 0.6 33
24.3158 2 0.6 34
24.3158 2 0.6 35
!!node 103!!
24.3158 2 0.6 36
24.3158 2 0.6 37
24.3158 2 0.6 38
24.3158 2 0.6 39
24.3158 2 0.6 40
24.3158 2 0.6 41
24.3158 2 0.6 42
24.3158 2 0.6 43
24.3158 2 0.6 44
24.3158 2 0.6 45
24.3158 2 0.6 46
24.3158 2 0.6 47
!!node 104!!
24.3158 2 0.6 48
24.3158 2 0.6 49
24.3158 2 0.6 50
24.3158 2 0.6 51
24.3158 2 0.6 52
24.3158 2 0.6 53
24.3158 2 0.6 54
24.3158 2 0.6 55
24.3158 2 0.6 56
24.3158 2 0.6 57
24.3158 2 0.6 58
24.3158 2 0.6 59
!!node 105!!
24.3158 2 0.6 60
24.3158 2 0.6 61
24.3158 2 0.6 62
24.3158 2 0.6 63
24.3158 2 0.6 64
24.3158 2 0.6 65
24.3158 2 0.6 66
24.3158 2 0.6 67
24.3158 2 0.6 68
24.3158 2 0.6 69
24.3158 2 0.6 70
24.3158 2 0.6 71
!!node 106!!
24.3158 2 0.6 72
24.3158 2 0.6 73
24.3158 2 0.6 74
24.3158 2 0.6 75
24.3158 2 0.6 76
24.3158 2 0.6 77
24.3158 2 0.6 78
24.3158 2 0.6 79
24.3158 2 0.6 80
24.3158 2 0.6 81
24.3158 2 0.6 82
24.3158 2 0.6 83
!!node 107!!
24.3158 2 0.6 84
24.3158 2 0.6 85
24.3158 2 0.6 86
24.3158 2 0.6 87
24.3158 2 0.6 88
24.3158 2 0.6 89
24.3158 2 0.6 90
24.3158 2 0.6 91
24.3158 2 0.6 92
24.3158 2 0.6 93
24.3158 2 0.6 94
24.3158 2 0.6 95
!!node 108!!
24.3158 2 0.6 96
24.3158 2 0.6 97
24.3158 2 0.6 98
24.3158 2 0.6 99
25.3421 2 0.6 0
25.3421 2 0.6 1
25.3421 2 0.6 2
25.3421 2 0.6 3
25.3421 2 0.6 4
25.3421 2 0.6 5
25.3421 2 0.6 6
25.3421 2 0.6 7
!!node 109!!
25.3421 2 0.6 8
25.3421 2 0.6 9
25.3421 2 0.6 10
25.3421 2 0.6 11
25.3421 2 0.6 12
25.3421 2 0.6 13
25.3421 2 0.6 14
25.3421 2 0.6 15
25.3421 2 0.6 16
25.3421 2 0.6 17
25.3421 2 0.6 18
25.3421 2 0.6 19
!!node 110!!
25.3421 2 0.6 20
25.3421 2 0.6 21
25.3421 2 0.6 22
25.3421 2 0.6 23
25.3421 2 0.6 24
25.3421 2 0.6 25
25.3421 2 0.6 26
25.3421 2 0.6 27
25.3421 2 0.6 28
25.3421 2 0.6 29
25.3421 2 0.6 30
25.3421 2 0.6 31
!!node 111!!
25.3421 2 0.6 32
25.3421 2 0.6 33
25.3421 2 0.6 34
25.3421 2 0.6 35
25.3421 2 0.6 36
25.3421 2 0.6 37
25.3421 2 0.6 38
25.3421 2 0.6 39
25.3421 2 0.6 40
25.3421 2 0.6 41
25.3421 2 0.6 42
25.3421 2 0.6 43
!!node 112!!
25.3421 2 0.6 44
25.3421 2 0.6 45
25.3421 2 0.6 46
25.3421 2 0.6 47
25.3421 2 0.6 48
25.3421 2 0.6 49
25.3421 2 0.6 50
25.3421 2 0.6 51
25.3421 2 0.6 52
25.3421 2 0.6 53
25.3421 2 0.6 54
25.3421 2 0.6 55
!!node 113!!
25.3421 2 0.6 56
25.3421 2 0.6 57
25.3421 2 0.6 58
25.3421 2 0.6 59
25.3421 2 0.6 60
25.3421 2 0.6 61
25.3421 2 0.6 62
25.3421 2 0.6 63
25.3421 2 0.6 64
25.3421 2 0.6 65
25.3421 2 0.6 66
25.3421 2 0.6 67
!!node 114!!
25.3421 2 0.6 68
25.3421 2 0.6 69
25.3421 2 0.6 70
25.3421 2 0.6 71
25.3421 2 0.6 72
25.3421 2 0.6 73
25.3421 2 0.6 74
25.3421 2 0.6 75
25.3421 2 0.6 76
25.3421 2 0.6 77
25.3421 2 0.6 78
25.3421 2 0.6 79
!!node 115!!
25.3421 2 0.6 80
25.3421 2 0.6 81
25.3421 2 0.6 82
25.3421 2 0.6 83
25.3421 2 0.6 84
25.3421 2 0.6 85
25.3421 2 0.6 86
25.3421 2 0.6 87
25.3421 2 0.6 88
25.3421 2 0.6 89
25.3421 2 0.6 90
25.3421 2 0.6 91
!!node 116!!
25.3421 2 0.6 92
25.3421 2 0.6 93
25.3421 2 0.6 94
25.3421 2 0.6 95
25.3421 2 0.6 96
25.3421 2 0.6 97
25.3421 2 0.6 98
25.3421 2 0.6 99
26.3684 2 0.6 0
26.3684 2 0.6 1
26.3684 2 0.6 2
26.3684 2 0.6 3
!!node 117!!
26.3684 2 0.6 4
26.3684 2 0.6 5
26.3684 2 0.6 6
26.3684 2 0.6 7
26.3684 2 0.6 8
26.3684 2 0.6 9
26.3684 2 0.6 10
26.3684 2 0.6 11
26.3684 2 0.6 12
26.3684 2 0.6 13
26.3684 2 0.6 14
26.3684 2 0.6 15
!!node 118!!
26.3684 2 0.6 16
26.3684 2 0.6 17
26.3684 2 0.6 18
26.3684 2 0.6 19
26.3684 2 0.6 20
26.3684 2 0.6 21
26.3684 2 0.6 22
26.3684 2 0.6 23
26.3684 2 0.6 24
26.3684 2 0.6 25
26.3684 2 0.6 26
26.3684 2 0.6 27
!!node 119!!
26.3684 2 0.6 28
26.3684 2 0.6 29
26.3684 2 0.6 30
26.3684 2 0.6 31
26.3684 2 0.6 32
26.3684 2 0.6 33
26.3684 2 0.6 34
26.3684 2 0.6 35
26.3684 2 0.6 36
26.3684 2 0.6 37
26.3684 2 0.6 38
26.3684 2 0.6 39
!!node 120!!
26.3684 2 0.6 40
26.3684 2 0.6 41
26.3684 2 0.6 42
26.3684 2 0.6 43
26.3684 2 0.6 44
26.3684 2 0.6 45
26.3684 2 0.6 46
26.3684 2 0.6 47
26.3684 2 0.6 48
26.3684 2 0.6 49
26.3684 2 0.6 50
26.3684 2 0.6 51
!!node 121!!
26.3684 2 0.6 52
26.3684 2 0.6 53
26.3684 2 0.6 54
26.3684 2 0.6 55
26.3684 2 0.6 56
26.3684 2 0.6 57
26.3684 2 0.6 58
26.3684 2 0.6 59
26.3684 2 0.6 60
26.3684 2 0.6 61
26.3684 2 0.6 62
26.3684 2 0.6 63
!!node 122!!
26.3684 2 0.6 64
26.3684 2 0.6 65
26.3684 2 0.6 66
26.3684 2 0.6 67
26.3684 2 0.6 68
26.3684 2 0.6 69
26.3684 2 0.6 70
26.3684 2 0.6 71
26.3684 2 0.6 72
26.3684 2 0.6 73
26.3684 2 0.6 74
26.3684 2 0.6 75
!!node 123!!
26.3684 2 0.6 76
26.3684 2 0.6 77
26.3684 2 0.6 78
26.3684 2 0.6 79
26.3684 2 0.6 80
26.3684 2 0.6 81
26.3684 2 0.6 82
26.3684 2 0.6 83
26.3684 2 0.6 84
26.3684 2 0.6 85
26.3684 2 0.6 86
26.3684 2 0.6 87
!!node 124!!
26.3684 2 0.6 88
26.3684 2 0.6 89
26.3684 2 0.6 90
26.3684 2 0.6 91
26.3684 2 0.6 92
26.3684 2 0.6 93
26.3684 2 0.6 94
26.3684 2 0.6 95
26.3684 2 0.6 96
26.3684 2 0.6 97
26.3684 2 0.6 98
26.3684 2 0.6 99
!!node 125!!
27.3947 2 0.6 0
27.3947 2 0.6 1
27.3947 2 0.6 2
27.3947 2 0.6 3
27.3947 2 0.6 4
27.3947 2 0.6 5
27.3947 2 0.6 6
27.3947 2 0.6 7
27.3947 2 0.6 8
27.3947 2 0.6 9
27.3947 2 0.6 10
27.3947 2 0.6 11
!!node 126!!
27.3947 2 0.6 12
27.3947 2 0.6 13
27.3947 2 0.6 14
27.3947 2 0.6 15
27.3947 2 0.6 16
27.3947 2 0.6 17
27.3947 2 0.6 18
27.3947 2 0.6 19
27.3947 2 0.6 20
27.3947 2 0.6 21
27.3947 2 0.6 22
27.3947 2 0.6 23
!!node 127!!
27.3947 2 0.6 24
27.3947 2 0.6 25
27.3947 2 0.6 26
27.3947 2 0.6 27
27.3947 2 0.6 28
27.3947 2 0.6 29
27.3947 2 0.6 30
27.3947 2 0.6 31
27.3947 2 0.6 32
27.3947 2 0.6 33
27.3947 2 0.6 34
27.3947 2 0.6 35
!!node 128!!
27.3947 2 0.6 36
27.3947 2 0.6 37
27.3947 2 0.6 38
27.3947 2 0.6 39
27.3947 2 0.6 40
27.3947 2 0.6 41
27.3947 2 0.6 42
27.3947 2 0.6 43
27.3947 2 0.6 44
27.3947 2 0.6 45
27.3947 2 0.6 46
27.3947 2 0.6 47
!!node 129!!
27.3947 2 0.6 48
27.3947 2 0.6 49
27.3947 2 0.6 50
27.3947 2 0.6 51
27.3947 2 0.6 52
27.3947 2 0.6 53
27.3947 2 0.6 54
27.3947 2 0.6 55
27.3947 2 0.6 56
27.3947 2 0.6 57
27.3947 2 0.6 58
27.3947 2 0.6 59
!!node 130!!
27.3947 2 0.6 60
27.3947 2 0.6 61
27.3947 2 0.6 62
27.3947 2 0.6 63
27.3947 2 0.6 64
27.3947 2 0.6 65
27.3947 2 0.6 66
27.3947 2 0.6 67
27.3947 2 0.6 68
27.3947 2 0.6 69
27.3947 2 0.6 70
27.3947 2 0.6 71
!!node 131!!
27.3947 2 0.6 72
27.3947 2 0.6 73
27.3947 2 0.6 74
27.3947 2 0.6 75
27.3947 2 0.6 76
27.3947 2 0.6 77
27.3947 2 0.6 78
27.3947 2 0.6 79
27.3947 2 0.6 80
27.3947 2 0.6 81
27.3947 2 0.6 82
27.3947 2 0.6 83
!!node 132!!
27.3947 2 0.6 84
27.3947 2 0.6 85
27.3947 2 0.6 86
27.3947 2 0.6 87
27.3947 2 0.6 88
27.3947 2 0.6 89
27.3947 2 0.6 90
27.3947 2 0.6 91
27.3947 2 0.6 92
27.3947 2 0.6 93
27.3947 2 0.6 94
27.3947 2 0.6 95
!!node 133!!
27.3947 2 0.6 96
27.3947 2 0.6 97
27.3947 2 0.6 98
27.3947 2 0.6 99
28.4211 2 0.6 0
28.4211 2 0.6 1
28.4211 2 0.6 2
28.4211 2 0.6 3
28.4211 2 0.6 4
28.4211 2 0.6 5
28.4211 2 0.6 6
28.4211 2 0.6 7
!!node 134!!
28.4211 2 0.6 8
28.4211 2 0.6 9
28.4211 2 0.6 10
28.4211 2 0.6 11
28.4211 2 0.6 12
28.4211 2 0.6 13
28.4211 2 0.6 14
28.4211 2 0.6 15
28.4211 2 0.6 16
28.4211 2 0.6 17
28.4211 2 0.6 18
28.4211 2 0.6 19
!!node 135!!
28.4211 2 0.6 20
28.4211 2 0.6 21
28.4211 2 0.6 22
28.4211 2 0.6 23
28.4211 2 0.6 24
28.4211 2 0.6 25
28.4211 2 0.6 26
28.4211 2 0.6 27
28.4211 2 0.6 28
28.4211 2 0.6 29
28.4211 2 0.6 30
28.4211 2 0.6 31
!!node 136!!
28.4211 2 0.6 32
28.4211 2 0.6 33
28.4211 2 0.6 34
28.4211 2 0.6 35
28.4211 2 0.6 36
28.4211 2 0.6 37
28.4211 2 0.6 38
28.4211 2 0.6 39
28.4211 2 0.6 40
28.4211 2 0.6 41
28.4211 2 0.6 42
28.4211 2 0.6 43
!!node 137!!
28.4211 2 0.6 44
28.4211 2 0.6 45
28.4211 2 0.6 46
28.4211 2 0.6 47
28.4211 2 0.6 48
28.4211 2 0.6 49
28.4211 2 0.6 50
28.4211 2 0.6 51
28.4211 2 0.6 52
28.4211 2 0.6 53
28.4211 2 0.6 54
28.4211 2 0.6 55
!!node 138!!
28.4211 2 0.6 56
28.4211 2 0.6 57
28.4211 2 0.6 58
28.4211 2 0.6 59
28.4211 2 0.6 60
28.4211 2 0.6 61
28.4211 2 0.6 62
28.4211 2 0.6 63
28.4211 2 0.6 64
28.4211 2 0.6 65
28.4211 2 0.6 66
28.4211 2 0.6 67
!!node 139!!
28.4211 2 0.6 68
28.4211 2 0.6 69
28.4211 2 0.6 70
28.4211 2 0.6 71
28.4211 2 0.6 72
28.4211 2 0.6 73
28.4211 2 0.6 74
28.4211 2 0.6 75
28.4211 2 0.6 76
28.4211 2 0.6 77
28.4211 2 0.6 78
28.4211 2 0.6 79
!!node 140!!
28.4211 2 0.6 80
28.4211 2 0.6 81
28.4211 2 0.6 82
28.4211 2 0.6 83
28.4211 2 0.6 84
28.4211 2 0.6 85
28.4211 2 0.6 86
28.4211 2 0.6 87
28.4211 2 0.6 88
28.4211 2 0.6 89
28.4211 2 0.6 90
28.4211 2 0.6 91
!!node 141!!
28.4211 2 0.6 92
28.4211 2 0.6 93
28.4211 2 0.6 94
28.4211 2 0.6 95
28.4211 2 0.6 96
28.4211 2 0.6 97
28.4211 2 0.6 98
28.4211 2 0.6 99
29.4474 2 0.6 0
29.4474 2 0.6 1
29.4474 2 0.6 2
29.4474 2 0.6 3
!!node 142!!
29.4474 2 0.6 4
29.4474 2 0.6 5
29.4474 2 0.6 6
29.4474 2 0.6 7
29.4474 2 0.6 8
29.4474 2 0.6 9
29.4474 2 0.6 10
29.4474 2 0.6 11
29.4474 2 0.6 12
29.4474 2 0.6 13
29.4474 2 0.6 14
29.4474 2 0.6 15
!!node 143!!
29.4474 2 0.6 16
29.4474 2 0.6 17
29.4474 2 0.6 18
29.4474 2 0.6 19
29.4474 2 0.6 20
29.4474 2 0.6 21
29.4474 2 0.6 22
29.4474 2 0.6 23
29.4474 2 0.6 24
29.4474 2 0.6 25
29.4474 2 0.6 26
29.4474 2 0.6 27
!!node 144!!
29.4474 2 0.6 28
29.4474 2 0.6 29
29.4474 2 0.6 30
29.4474 2 0.6 31
29.4474 2 0.6 32
29.4474 2 0.6 33
29.4474 2 0.6 34
29.4474 2 0.6 35
29.4474 2 0.6 36
29.4474 2 0.6 37
29.4474 2 0.6 38
29.4474 2 0.6 39
!!node 145!!
29.4474 2 0.6 40
29.4474 2 0.6 41
29.4474 2 0.6 42
29.4474 2 0.6 43
29.4474 2 0.6 44
29.4474 2 0.6 45
29.4474 2 0.6 46
29.4474 2 0.6 47
29.4474 2 0.6 48
29.4474 2 0.6 49
29.4474 2 0.6 50
29.4474 2 0.6 51
!!node 146!!
29.4474 2 0.6 52
29.4474 2 0.6 53
29.4474 2 0.6 54
29.4474 2 0.6 55
29.4474 2 0.6 56
29.4474 2 0.6 57
29.4474 2 0.6 58
29.4474 2 0.6 59
29.4474 2 0.6 60
29.4474 2 0.6 61
29.4474 2 0.6 62
29.4474 2 0.6 63
!!node 147!!
29.4474 2 0.6 64
29.4474 2 0.6 65
29.4474 2 0.6 66
29.4474 2 0.6 67
29.4474 2 0.6 68
29.4474 2 0.6 69
29.4474 2 0.6 70
29.4474 2 0.6 71
29.4474 2 0.6 72
29.4474 2 0.6 73
29.4474 2 0.6 74
29.4474 2 0.6 75
!!node 148!!
29.4474 2 0.6 76
29.4474 2 0.6 77
29.4474 2 0.6 78
29.4474 2 0.6 79
29.4474 2 0.6 80
29.4474 2 0.6 81
29.4474 2 0.6 82
29.4474 2 0.6 83
29.4474 2 0.6 84
29.4474 2 0.6 85
29.4474 2 0.6 86
29.4474 2 0.6 87
!!node 149!!
29.4474 2 0.6 88
29.4474 2 0.6 89
29.4474 2 0.6 90
29.4474 2 0.6 91
29.4474 2 0.6 92
29.4474 2 0.6 93
29.4474 2 0.6 94
29.4474 2 0.6 95
29.4474 2 0.6 96
29.4474 2 0.6 97
29.4474 2 0.6 98
29.4474 2 0.6 99
!!node 150!!
30.4737 2 0.6 0
30.4737 2 0.6 1
30.4737 2 0.6 2
30.4737 2 0.6 3
30.4737 2 0.6 4
30.4737 2 0.6 5
30.4737 2 0.6 6
30.4737 2 0.6 7
30.4737 2 0.6 8
30.4737 2 0.6 9
30.4737 2 0.6 10
30.4737 2 0.6 11
!!node 151!!
30.4737 2 0.6 12
30.4737 2 0.6 13
30.4737 2 0.6 14
30.4737 2 0.6 15
30.4737 2 0.6 16
30.4737 2 0.6 17
30.4737 2 0.6 18
30.4737 2 0.6 19
30.4737 2 0.6 20
30.4737 2 0.6 21
30.4737 2 0.6 22
30.4737 2 0.6 23
!!node 152!!
30.4737 2 0.6 24
30.4737 2 0.6 25
30.4737 2 0.6 26
30.4737 2 0.6 27
30.4737 2 0.6 28
30.4737 2 0.6 29
30.4737 2 0.6 30
30.4737 2 0.6 31
30.4737 2 0.6 32
30.4737 2 0.6 33
30.4737 2 0.6 34
30.4737 2 0.6 35
!!node 153!!
30.4737 2 0.6 36
30.4737 2 0.6 37
30.4737 2 0.6 38
30.4737 2 0.6 39
30.4737 2 0.6 40
30.4737 2 0.6 41
30.4737 2 0.6 42
30.4737 2 0.6 43
30.4737 2 0.6 44
30.4737 2 0.6 45
30.4737 2 0.6 46
30.4737 2 0.6 47
!!node 154!!
30.4737 2 0.6 48
30.4737 2 0.6 49
30.4737 2 0.6 50
30.4737 2 0.6 51
30.4737 2 0.6 52
30.4737 2 0.6 53
30.4737 2 0.6 54
30.4737 2 0.6 55
30.4737 2 0.6 56
30.4737 2 0.6 57
30.4737 2 0.6 58
30.4737 2 0.6 59
!!node 155!!
30.4737 2 0.6 60
30.4737 2 0.6 61
30.4737 2 0.6 62
30.4737 2 0.6 63
30.4737 2 0.6 64
30.4737 2 0.6 65
30.4737 2 0.6 66
30.4737 2 0.6 67
30.4737 2 0.6 68
30.4737 2 0.6 69
30.4737 2 0.6 70
30.4737 2 0.6 71
!!node 156!!
30.4737 2 0.6 72
30.4737 2 0.6 73
30.4737 2 0.6 74
30.4737 2 0.6 75
30.4737 2 0.6 76
30.4737 2 0.6 77
30.4737 2 0.6 78
30.4737 2 0.6 79
30.4737 2 0.6 80
30.4737 2 0.6 81
30.4737 2 0.6 82
30.4737 2 0.6 83
!!node 157!!
30.4737 2 0.6 84
30.4737 2 0.6 85
30.4737 2 0.6 86
30.4737 2 0.6 87
30.4737 2 0.6 88
30.4737 2 0.6 89
30.4737 2 0.6 90
30.4737 2 0.6 91
30.4737 2 0.6 92
30.4737 2 0.6 93
30.4737 2 0.6 94
30.4737 2 0.6 95
!!node 158!!
30.4737 2 0.6 96
30.4737 2 0.6 97
30.4737 2 0.6 98
30.4737 2 0.6 99
31.5 2 0.6 0
31.5 2 0.6 1
31.5 2 0.6 2
31.5 2 0.6 3
31.5 2 0.6 4
31.5 2 0.6 5
31.5 2 0.6 6
31.5 2 0.6 7
!!node 159!!
31.5 2 0.6 8
31.5 2 0.6 9
31.5 2 0.6 10
31.5 2 0.6 11
31.5 2 0.6 12
31.5 2 0.6 13
31.5 2 0.6 14
31.5 2 0.6 15
31.5 2 0.6 16
31.5 2 0.6 17
31.5 2 0.6 18
31.5 2 0.6 19
!!node 160!!
31.5 2 0.6 20
31.5 2 0.6 21
31.5 2 0.6 22
31.5 2 0.6 23
31.5 2 0.6 24
31.5 2 0.6 25
31.5 2 0.6 26
31.5 2 0.6 27
31.5 2 0.6 28
31.5 2 0.6 29
31.5 2 0.6 30
31.5 2 0.6 31
!!node 161!!
31.5 2 0.6 32
31.5 2 0.6 33
31.5 2 0.6 34
31.5 2 0.6 35
31.5 2 0.6 36
31.5 2 0.6 37
31.5 2 0.6 38
31.5 2 0.6 39
31.5 2 0.6 40
31.5 2 0.6 41
31.5 2 0.6 42
31.5 2 0.6 43
!!node 162!!
31.5 2 0.6 44
31.5 2 0.6 45
31.5 2 0.6 46
31.5 2 0.6 47
31.5 2 0.6 48
31.5 2 0.6 49
31.5 2 0.6 50
31.5 2 0.6 51
31.5 2 0.6 52
31.5 2 0.6 53
31.5 2 0.6 54
31.5 2 0.6 55
!!node 163!!
31.5 2 0.6 56
31.5 2 0.6 57
31.5 2 0.6 58
31.5 2 0.6 59
31.5 2 0.6 60
31.5 2 0.6 61
31.5 2 0.6 62
31.5 2 0.6 63
31.5 2 0.6 64
31.5 2 0.6 65
31.5 2 0.6 66
31.5 2 0.6 67
!!node 164!!
31.5 2 0.6 68
31.5 2 0.6 69
31.5 2 0.6 70
31.5 2 0.6 71
31.5 2 0.6 72
31.5 2 0.6 73
31.5 2 0.6 74
31.5 2 0.6 75
31.5 2 0.6 76
31.5 2 0.6 77
31.5 2 0.6 78
31.5 2 0.6 79
!!node 165!!
31.5 2 0.6 80
31.5 2 0.6 81
31.5 2 0.6 82
31.5 2 0.6 83
31.5 2 0.6 84
31.5 2 0.6 85
31.5 2 0.6 86
31.5 2 0.6 87
31.5 2 0.6 88
31.5 2 0.6 89
31.5 2 0.6 90
31.5 2 0.6 91
!!node 166!!
31.5 2 0.6 92
31.5 2 0.6 93
31.5 2 0.6 94
31.5 2 0.6 95
31.5 2 0.6 96
31.5 2 0.6 97
31.5 2 0.6 98
31.5 2 0.6 99
