!!node 0!!
6 -1 0 0 0
6 -1 0 0 1
6 -1 0 0 2
6 -1 0 0 3
6 -1 0 0 4
6 -1 0 0 5
6 -1 0 0 6
6 -1 0 0 7
6 -1 0 0 8
6 -1 0 0 9
6 -1 0 0 10
6 -1 0 0 11
!!node 1!!
6 -1 0 0 12
6 -1 0 0 13
6 -1 0 0 14
6 -1 0 0 15
6 -1 0 0 16
6 -1 0 0 17
6 -1 0 0 18
6 -1 0 0 19
6 -1 0 0 20
6 -1 0 0 21
6 -1 0 0 22
6 -1 0 0 23
!!node 2!!
6 -1 0 0 24
6.5 -1 0 0 0
6.5 -1 0 0 1
6.5 -1 0 0 2
6.5 -1 0 0 3
6.5 -1 0 0 4
6.5 -1 0 0 5
6.5 -1 0 0 6
6.5 -1 0 0 7
6.5 -1 0 0 8
6.5 -1 0 0 9
6.5 -1 0 0 10
!!node 3!!
6.5 -1 0 0 11
6.5 -1 0 0 12
6.5 -1 0 0 13
6.5 -1 0 0 14
6.5 -1 0 0 15
6.5 -1 0 0 16
6.5 -1 0 0 17
6.5 -1 0 0 18
6.5 -1 0 0 19
6.5 -1 0 0 20
6.5 -1 0 0 21
6.5 -1 0 0 22
!!node 4!!
6.5 -1 0 0 23
6.5 -1 0 0 24
7 -1 0 0 0
7 -1 0 0 1
7 -1 0 0 2
7 -1 0 0 3
7 -1 0 0 4
7 -1 0 0 5
7 -1 0 0 6
7 -1 0 0 7
7 -1 0 0 8
7 -1 0 0 9
!!node 5!!
7 -1 0 0 10
7 -1 0 0 11
7 -1 0 0 12
7 -1 0 0 13
7 -1 0 0 14
7 -1 0 0 15
7 -1 0 0 16
7 -1 0 0 17
7 -1 0 0 18
7 -1 0 0 19
7 -1 0 0 20
7 -1 0 0 21
!!node 6!!
7 -1 0 0 22
7 -1 0 0 23
7 -1 0 0 24
7.5 -1 0 0 0
7.5 -1 0 0 1
7.5 -1 0 0 2
7.5 -1 0 0 3
7.5 -1 0 0 4
7.5 -1 0 0 5
7.5 -1 0 0 6
7.5 -1 0 0 7
7.5 -1 0 0 8
!!node 7!!
7.5 -1 0 0 9
7.5 -1 0 0 10
7.5 -1 0 0 11
7.5 -1 0 0 12
7.5 -1 0 0 13
7.5 -1 0 0 14
7.5 -1 0 0 15
7.5 -1 0 0 16
7.5 -1 0 0 17
7.5 -1 0 0 18
7.5 -1 0 0 19
7.5 -1 0 0 20
!!node 8!!
7.5 -1 0 0 21
7.5 -1 0 0 22
7.5 -1 0 0 23
7.5 -1 0 0 24
8 -1 0 0 0
8 -1 0 0 1
8 -1 0 0 2
8 -1 0 0 3
8 -1 0 0 4
8 -1 0 0 5
8 -1 0 0 6
8 -1 0 0 7
!!node 9!!
8 -1 0 0 8
8 -1 0 0 9
8 -1 0 0 10
8 -1 0 0 11
8 -1 0 0 12
8 -1 0 0 13
8 -1 0 0 14
8 -1 0 0 15
8 -1 0 0 16
8 -1 0 0 17
8 -1 0 0 18
8 -1 0 0 19
!!node 10!!
8 -1 0 0 20
8 -1 0 0 21
8 -1 0 0 22
8 -1 0 0 23
8 -1 0 0 24
8.5 -1 0 0 0
8.5 -1 0 0 1
8.5 -1 0 0 2
8.5 -1 0 0 3
8.5 -1 0 0 4
8.5 -1 0 0 5
8.5 -1 0 0 6
!!node 11!!
8.5 -1 0 0 7
8.5 -1 0 0 8
8.5 -1 0 0 9
8.5 -1 0 0 10
8.5 -1 0 0 11
8.5 -1 0 0 12
8.5 -1 0 0 13
8.5 -1 0 0 14
8.5 -1 0 0 15
8.5 -1 0 0 16
8.5 -1 0 0 17
8.5 -1 0 0 18
!!node 12!!
8.5 -1 0 0 19
8.5 -1 0 0 20
8.5 -1 0 0 21
8.5 -1 0 0 22
8.5 -1 0 0 23
8.5 -1 0 0 24
9 -1 0 0 0
9 -1 0 0 1
9 -1 0 0 2
9 -1 0 0 3
9 -1 0 0 4
9 -1 0 0 5
!!node 13!!
9 -1 0 0 6
9 -1 0 0 7
9 -1 0 0 8
9 -1 0 0 9
9 -1 0 0 10
9 -1 0 0 11
9 -1 0 0 12
9 -1 0 0 13
9 -1 0 0 14
9 -1 0 0 15
9 -1 0 0 16
9 -1 0 0 17
!!node 14!!
9 -1 0 0 18
9 -1 0 0 19
9 -1 0 0 20
9 -1 0 0 21
9 -1 0 0 22
9 -1 0 0 23
9 -1 0 0 24
9.5 -1 0 0 0
9.5 -1 0 0 1
9.5 -1 0 0 2
9.5 -1 0 0 3
9.5 -1 0 0 4
!!node 15!!
9.5 -1 0 0 5
9.5 -1 0 0 6
9.5 -1 0 0 7
9.5 -1 0 0 8
9.5 -1 0 0 9
9.5 -1 0 0 10
9.5 -1 0 0 11
9.5 -1 0 0 12
9.5 -1 0 0 13
9.5 -1 0 0 14
9.5 -1 0 0 15
9.5 -1 0 0 16
!!node 16!!
9.5 -1 0 0 17
9.5 -1 0 0 18
9.5 -1 0 0 19
9.5 -1 0 0 20
9.5 -1 0 0 21
9.5 -1 0 0 22
9.5 -1 0 0 23
9.5 -1 0 0 24
10 -1 0 0 0
10 -1 0 0 1
10 -1 0 0 2
10 -1 0 0 3
!!node 17!!
10 -1 0 0 4
10 -1 0 0 5
10 -1 0 0 6
10 -1 0 0 7
10 -1 0 0 8
10 -1 0 0 9
10 -1 0 0 10
10 -1 0 0 11
10 -1 0 0 12
10 -1 0 0 13
10 -1 0 0 14
10 -1 0 0 15
!!node 18!!
10 -1 0 0 16
10 -1 0 0 17
10 -1 0 0 18
10 -1 0 0 19
10 -1 0 0 20
10 -1 0 0 21
10 -1 0 0 22
10 -1 0 0 23
10 -1 0 0 24
10.5 -1 0 0 0
10.5 -1 0 0 1
10.5 -1 0 0 2
!!node 19!!
10.5 -1 0 0 3
10.5 -1 0 0 4
10.5 -1 0 0 5
10.5 -1 0 0 6
10.5 -1 0 0 7
10.5 -1 0 0 8
10.5 -1 0 0 9
10.5 -1 0 0 10
10.5 -1 0 0 11
10.5 -1 0 0 12
10.5 -1 0 0 13
10.5 -1 0 0 14
!!node 20!!
10.5 -1 0 0 15
10.5 -1 0 0 16
10.5 -1 0 0 17
10.5 -1 0 0 18
10.5 -1 0 0 19
10.5 -1 0 0 20
10.5 -1 0 0 21
10.5 -1 0 0 22
10.5 -1 0 0 23
10.5 -1 0 0 24
11 -1 0 0 0
11 -1 0 0 1
!!node 21!!
11 -1 0 0 2
11 -1 0 0 3
11 -1 0 0 4
11 -1 0 0 5
11 -1 0 0 6
11 -1 0 0 7
11 -1 0 0 8
11 -1 0 0 9
11 -1 0 0 10
11 -1 0 0 11
11 -1 0 0 12
11 -1 0 0 13
!!node 22!!
11 -1 0 0 14
11 -1 0 0 15
11 -1 0 0 16
11 -1 0 0 17
11 -1 0 0 18
11 -1 0 0 19
11 -1 0 0 20
11 -1 0 0 21
11 -1 0 0 22
11 -1 0 0 23
11 -1 0 0 24
11.5 -1 0 0 0
!!node 23!!
11.5 -1 0 0 1
11.5 -1 0 0 2
11.5 -1 0 0 3
11.5 -1 0 0 4
11.5 -1 0 0 5
11.5 -1 0 0 6
11.5 -1 0 0 7
11.5 -1 0 0 8
11.5 -1 0 0 9
11.5 -1 0 0 10
11.5 -1 0 0 11
11.5 -1 0 0 12
!!node 24!!
11.5 -1 0 0 13
11.5 -1 0 0 14
11.5 -1 0 0 15
11.5 -1 0 0 16
11.5 -1 0 0 17
11.5 -1 0 0 18
11.5 -1 0 0 19
11.5 -1 0 0 20
11.5 -1 0 0 21
11.5 -1 0 0 22
11.5 -1 0 0 23
11.5 -1 0 0 24
