!!node 0!!
5 1 0
5 1 1
5 1 2
5 1 3
5 1 4
5 1 5
5 1 6
5 1 7
!!node 1!!
5 1 8
5 1 9
5 1 10
5 1 11
5 1 12
5 1 13
5 1 14
5 1 15
!!node 2!!
5 1 16
5 1 17
5 1 18
5 1 19
5 1 20
5 1 21
5 1 22
5 1 23
!!node 3!!
5 1 24
5 1 25
5 1 26
5 1 27
5 1 28
5 1 29
5 1 30
5 1 31
!!node 4!!
5 1 32
5 1 33
5 1 34
5 1 35
5 1 36
5 1 37
5 1 38
5 1 39
!!node 5!!
5 1 40
5 1 41
5 1 42
5 1 43
5 1 44
5 1 45
5 1 46
5 1 47
!!node 6!!
5 1 48
5 1 49
5 1 50
5 1 51
5 1 52
5 1 53
5 1 54
5 1 55
!!node 7!!
5 1 56
5 1 57
5 1 58
5 1 59
5 1 60
5 1 61
5 1 62
5 1 63
!!node 8!!
5 1 64
5 1 65
5 1 66
5 1 67
5 1 68
5 1 69
5 1 70
5 1 71
!!node 9!!
5 1 72
5 1 73
5 1 74
5 1 75
5 1 76
5 1 77
5 1 78
5 1 79
!!node 10!!
5 1 80
5 1 81
5 1 82
5 1 83
5 1 84
5 1 85
5 1 86
5 1 87
!!node 11!!
5 1 88
5 1 89
5 1 90
5 1 91
5 1 92
5 1 93
5 1 94
5 1 95
!!node 12!!
5 1 96
5 1 97
5 1 98
5 1 99
5.5 1 0
5.5 1 1
5.5 1 2
5.5 1 3
!!node 13!!
5.5 1 4
5.5 1 5
5.5 1 6
5.5 1 7
5.5 1 8
5.5 1 9
5.5 1 10
5.5 1 11
!!node 14!!
5.5 1 12
5.5 1 13
5.5 1 14
5.5 1 15
5.5 1 16
5.5 1 17
5.5 1 18
5.5 1 19
!!node 15!!
5.5 1 20
5.5 1 21
5.5 1 22
5.5 1 23
5.5 1 24
5.5 1 25
5.5 1 26
5.5 1 27
!!node 16!!
5.5 1 28
5.5 1 29
5.5 1 30
5.5 1 31
5.5 1 32
5.5 1 33
5.5 1 34
5.5 1 35
!!node 17!!
5.5 1 36
5.5 1 37
5.5 1 38
5.5 1 39
5.5 1 40
5.5 1 41
5.5 1 42
5.5 1 43
!!node 18!!
5.5 1 44
5.5 1 45
5.5 1 46
5.5 1 47
5.5 1 48
5.5 1 49
5.5 1 50
5.5 1 51
!!node 19!!
5.5 1 52
5.5 1 53
5.5 1 54
5.5 1 55
5.5 1 56
5.5 1 57
5.5 1 58
5.5 1 59
!!node 20!!
5.5 1 60
5.5 1 61
5.5 1 62
5.5 1 63
5.5 1 64
5.5 1 65
5.5 1 66
5.5 1 67
!!node 21!!
5.5 1 68
5.5 1 69
5.5 1 70
5.5 1 71
5.5 1 72
5.5 1 73
5.5 1 74
5.5 1 75
!!node 22!!
5.5 1 76
5.5 1 77
5.5 1 78
5.5 1 79
5.5 1 80
5.5 1 81
5.5 1 82
5.5 1 83
!!node 23!!
5.5 1 84
5.5 1 85
5.5 1 86
5.5 1 87
5.5 1 88
5.5 1 89
5.5 1 90
5.5 1 91
!!node 24!!
5.5 1 92
5.5 1 93
5.5 1 94
5.5 1 95
5.5 1 96
5.5 1 97
5.5 1 98
5.5 1 99
!!node 25!!
6 1 0
6 1 1
6 1 2
6 1 3
6 1 4
6 1 5
6 1 6
6 1 7
!!node 26!!
6 1 8
6 1 9
6 1 10
6 1 11
6 1 12
6 1 13
6 1 14
6 1 15
!!node 27!!
6 1 16
6 1 17
6 1 18
6 1 19
6 1 20
6 1 21
6 1 22
6 1 23
!!node 28!!
6 1 24
6 1 25
6 1 26
6 1 27
6 1 28
6 1 29
6 1 30
6 1 31
!!node 29!!
6 1 32
6 1 33
6 1 34
6 1 35
6 1 36
6 1 37
6 1 38
6 1 39
!!node 30!!
6 1 40
6 1 41
6 1 42
6 1 43
6 1 44
6 1 45
6 1 46
6 1 47
!!node 31!!
6 1 48
6 1 49
6 1 50
6 1 51
6 1 52
6 1 53
6 1 54
6 1 55
!!node 32!!
6 1 56
6 1 57
6 1 58
6 1 59
6 1 60
6 1 61
6 1 62
6 1 63
!!node 33!!
6 1 64
6 1 65
6 1 66
6 1 67
6 1 68
6 1 69
6 1 70
6 1 71
!!node 34!!
6 1 72
6 1 73
6 1 74
6 1 75
6 1 76
6 1 77
6 1 78
6 1 79
!!node 35!!
6 1 80
6 1 81
6 1 82
6 1 83
6 1 84
6 1 85
6 1 86
6 1 87
!!node 36!!
6 1 88
6 1 89
6 1 90
6 1 91
6 1 92
6 1 93
6 1 94
6 1 95
!!node 37!!
6 1 96
6 1 97
6 1 98
6 1 99
6.5 1 0
6.5 1 1
6.5 1 2
6.5 1 3
!!node 38!!
6.5 1 4
6.5 1 5
6.5 1 6
6.5 1 7
6.5 1 8
6.5 1 9
6.5 1 10
6.5 1 11
!!node 39!!
6.5 1 12
6.5 1 13
6.5 1 14
6.5 1 15
6.5 1 16
6.5 1 17
6.5 1 18
6.5 1 19
!!node 40!!
6.5 1 20
6.5 1 21
6.5 1 22
6.5 1 23
6.5 1 24
6.5 1 25
6.5 1 26
6.5 1 27
!!node 41!!
6.5 1 28
6.5 1 29
6.5 1 30
6.5 1 31
6.5 1 32
6.5 1 33
6.5 1 34
6.5 1 35
!!node 42!!
6.5 1 36
6.5 1 37
6.5 1 38
6.5 1 39
6.5 1 40
6.5 1 41
6.5 1 42
6.5 1 43
!!node 43!!
6.5 1 44
6.5 1 45
6.5 1 46
6.5 1 47
6.5 1 48
6.5 1 49
6.5 1 50
6.5 1 51
!!node 44!!
6.5 1 52
6.5 1 53
6.5 1 54
6.5 1 55
6.5 1 56
6.5 1 57
6.5 1 58
6.5 1 59
!!node 45!!
6.5 1 60
6.5 1 61
6.5 1 62
6.5 1 63
6.5 1 64
6.5 1 65
6.5 1 66
6.5 1 67
!!node 46!!
6.5 1 68
6.5 1 69
6.5 1 70
6.5 1 71
6.5 1 72
6.5 1 73
6.5 1 74
6.5 1 75
!!node 47!!
6.5 1 76
6.5 1 77
6.5 1 78
6.5 1 79
6.5 1 80
6.5 1 81
6.5 1 82
6.5 1 83
!!node 48!!
6.5 1 84
6.5 1 85
6.5 1 86
6.5 1 87
6.5 1 88
6.5 1 89
6.5 1 90
6.5 1 91
!!node 49!!
6.5 1 92
6.5 1 93
6.5 1 94
6.5 1 95
6.5 1 96
6.5 1 97
6.5 1 98
6.5 1 99
!!node 50!!
7 1 0
7 1 1
7 1 2
7 1 3
7 1 4
7 1 5
7 1 6
7 1 7
!!node 51!!
7 1 8
7 1 9
7 1 10
7 1 11
7 1 12
7 1 13
7 1 14
7 1 15
!!node 52!!
7 1 16
7 1 17
7 1 18
7 1 19
7 1 20
7 1 21
7 1 22
7 1 23
!!node 53!!
7 1 24
7 1 25
7 1 26
7 1 27
7 1 28
7 1 29
7 1 30
7 1 31
!!node 54!!
7 1 32
7 1 33
7 1 34
7 1 35
7 1 36
7 1 37
7 1 38
7 1 39
!!node 55!!
7 1 40
7 1 41
7 1 42
7 1 43
7 1 44
7 1 45
7 1 46
7 1 47
!!node 56!!
7 1 48
7 1 49
7 1 50
7 1 51
7 1 52
7 1 53
7 1 54
7 1 55
!!node 57!!
7 1 56
7 1 57
7 1 58
7 1 59
7 1 60
7 1 61
7 1 62
7 1 63
!!node 58!!
7 1 64
7 1 65
7 1 66
7 1 67
7 1 68
7 1 69
7 1 70
7 1 71
!!node 59!!
7 1 72
7 1 73
7 1 74
7 1 75
7 1 76
7 1 77
7 1 78
7 1 79
!!node 60!!
7 1 80
7 1 81
7 1 82
7 1 83
7 1 84
7 1 85
7 1 86
7 1 87
!!node 61!!
7 1 88
7 1 89
7 1 90
7 1 91
7 1 92
7 1 93
7 1 94
7 1 95
!!node 62!!
7 1 96
7 1 97
7 1 98
7 1 99
7.5 1 0
7.5 1 1
7.5 1 2
7.5 1 3
!!node 63!!
7.5 1 4
7.5 1 5
7.5 1 6
7.5 1 7
7.5 1 8
7.5 1 9
7.5 1 10
7.5 1 11
!!node 64!!
7.5 1 12
7.5 1 13
7.5 1 14
7.5 1 15
7.5 1 16
7.5 1 17
7.5 1 18
7.5 1 19
!!node 65!!
7.5 1 20
7.5 1 21
7.5 1 22
7.5 1 23
7.5 1 24
7.5 1 25
7.5 1 26
7.5 1 27
!!node 66!!
7.5 1 28
7.5 1 29
7.5 1 30
7.5 1 31
7.5 1 32
7.5 1 33
7.5 1 34
7.5 1 35
!!node 67!!
7.5 1 36
7.5 1 37
7.5 1 38
7.5 1 39
7.5 1 40
7.5 1 41
7.5 1 42
7.5 1 43
!!node 68!!
7.5 1 44
7.5 1 45
7.5 1 46
7.5 1 47
7.5 1 48
7.5 1 49
7.5 1 50
7.5 1 51
!!node 69!!
7.5 1 52
7.5 1 53
7.5 1 54
7.5 1 55
7.5 1 56
7.5 1 57
7.5 1 58
7.5 1 59
!!node 70!!
7.5 1 60
7.5 1 61
7.5 1 62
7.5 1 63
7.5 1 64
7.5 1 65
7.5 1 66
7.5 1 67
!!node 71!!
7.5 1 68
7.5 1 69
7.5 1 70
7.5 1 71
7.5 1 72
7.5 1 73
7.5 1 74
7.5 1 75
!!node 72!!
7.5 1 76
7.5 1 77
7.5 1 78
7.5 1 79
7.5 1 80
7.5 1 81
7.5 1 82
7.5 1 83
!!node 73!!
7.5 1 84
7.5 1 85
7.5 1 86
7.5 1 87
7.5 1 88
7.5 1 89
7.5 1 90
7.5 1 91
!!node 74!!
7.5 1 92
7.5 1 93
7.5 1 94
7.5 1 95
7.5 1 96
7.5 1 97
7.5 1 98
7.5 1 99
!!node 75!!
8 1 0
8 1 1
8 1 2
8 1 3
8 1 4
8 1 5
8 1 6
8 1 7
!!node 76!!
8 1 8
8 1 9
8 1 10
8 1 11
8 1 12
8 1 13
8 1 14
8 1 15
!!node 77!!
8 1 16
8 1 17
8 1 18
8 1 19
8 1 20
8 1 21
8 1 22
8 1 23
!!node 78!!
8 1 24
8 1 25
8 1 26
8 1 27
8 1 28
8 1 29
8 1 30
8 1 31
!!node 79!!
8 1 32
8 1 33
8 1 34
8 1 35
8 1 36
8 1 37
8 1 38
8 1 39
!!node 80!!
8 1 40
8 1 41
8 1 42
8 1 43
8 1 44
8 1 45
8 1 46
8 1 47
!!node 81!!
8 1 48
8 1 49
8 1 50
8 1 51
8 1 52
8 1 53
8 1 54
8 1 55
!!node 82!!
8 1 56
8 1 57
8 1 58
8 1 59
8 1 60
8 1 61
8 1 62
8 1 63
!!node 83!!
8 1 64
8 1 65
8 1 66
8 1 67
8 1 68
8 1 69
8 1 70
8 1 71
!!node 84!!
8 1 72
8 1 73
8 1 74
8 1 75
8 1 76
8 1 77
8 1 78
8 1 79
!!node 85!!
8 1 80
8 1 81
8 1 82
8 1 83
8 1 84
8 1 85
8 1 86
8 1 87
!!node 86!!
8 1 88
8 1 89
8 1 90
8 1 91
8 1 92
8 1 93
8 1 94
8 1 95
!!node 87!!
8 1 96
8 1 97
8 1 98
8 1 99
8.5 1 0
8.5 1 1
8.5 1 2
8.5 1 3
!!node 88!!
8.5 1 4
8.5 1 5
8.5 1 6
8.5 1 7
8.5 1 8
8.5 1 9
8.5 1 10
8.5 1 11
!!node 89!!
8.5 1 12
8.5 1 13
8.5 1 14
8.5 1 15
8.5 1 16
8.5 1 17
8.5 1 18
8.5 1 19
!!node 90!!
8.5 1 20
8.5 1 21
8.5 1 22
8.5 1 23
8.5 1 24
8.5 1 25
8.5 1 26
8.5 1 27
!!node 91!!
8.5 1 28
8.5 1 29
8.5 1 30
8.5 1 31
8.5 1 32
8.5 1 33
8.5 1 34
8.5 1 35
!!node 92!!
8.5 1 36
8.5 1 37
8.5 1 38
8.5 1 39
8.5 1 40
8.5 1 41
8.5 1 42
8.5 1 43
!!node 93!!
8.5 1 44
8.5 1 45
8.5 1 46
8.5 1 47
8.5 1 48
8.5 1 49
8.5 1 50
8.5 1 51
!!node 94!!
8.5 1 52
8.5 1 53
8.5 1 54
8.5 1 55
8.5 1 56
8.5 1 57
8.5 1 58
8.5 1 59
!!node 95!!
8.5 1 60
8.5 1 61
8.5 1 62
8.5 1 63
8.5 1 64
8.5 1 65
8.5 1 66
8.5 1 67
!!node 96!!
8.5 1 68
8.5 1 69
8.5 1 70
8.5 1 71
8.5 1 72
8.5 1 73
8.5 1 74
8.5 1 75
!!node 97!!
8.5 1 76
8.5 1 77
8.5 1 78
8.5 1 79
8.5 1 80
8.5 1 81
8.5 1 82
8.5 1 83
!!node 98!!
8.5 1 84
8.5 1 85
8.5 1 86
8.5 1 87
8.5 1 88
8.5 1 89
8.5 1 90
8.5 1 91
!!node 99!!
8.5 1 92
8.5 1 93
8.5 1 94
8.5 1 95
8.5 1 96
8.5 1 97
8.5 1 98
8.5 1 99
!!node 100!!
9 1 0
9 1 1
9 1 2
9 1 3
9 1 4
9 1 5
9 1 6
9 1 7
!!node 101!!
9 1 8
9 1 9
9 1 10
9 1 11
9 1 12
9 1 13
9 1 14
9 1 15
!!node 102!!
9 1 16
9 1 17
9 1 18
9 1 19
9 1 20
9 1 21
9 1 22
9 1 23
!!node 103!!
9 1 24
9 1 25
9 1 26
9 1 27
9 1 28
9 1 29
9 1 30
9 1 31
!!node 104!!
9 1 32
9 1 33
9 1 34
9 1 35
9 1 36
9 1 37
9 1 38
9 1 39
!!node 105!!
9 1 40
9 1 41
9 1 42
9 1 43
9 1 44
9 1 45
9 1 46
9 1 47
!!node 106!!
9 1 48
9 1 49
9 1 50
9 1 51
9 1 52
9 1 53
9 1 54
9 1 55
!!node 107!!
9 1 56
9 1 57
9 1 58
9 1 59
9 1 60
9 1 61
9 1 62
9 1 63
!!node 108!!
9 1 64
9 1 65
9 1 66
9 1 67
9 1 68
9 1 69
9 1 70
9 1 71
!!node 109!!
9 1 72
9 1 73
9 1 74
9 1 75
9 1 76
9 1 77
9 1 78
9 1 79
!!node 110!!
9 1 80
9 1 81
9 1 82
9 1 83
9 1 84
9 1 85
9 1 86
9 1 87
!!node 111!!
9 1 88
9 1 89
9 1 90
9 1 91
9 1 92
9 1 93
9 1 94
9 1 95
!!node 112!!
9 1 96
9 1 97
9 1 98
9 1 99
9.5 1 0
9.5 1 1
9.5 1 2
9.5 1 3
!!node 113!!
9.5 1 4
9.5 1 5
9.5 1 6
9.5 1 7
9.5 1 8
9.5 1 9
9.5 1 10
9.5 1 11
!!node 114!!
9.5 1 12
9.5 1 13
9.5 1 14
9.5 1 15
9.5 1 16
9.5 1 17
9.5 1 18
9.5 1 19
!!node 115!!
9.5 1 20
9.5 1 21
9.5 1 22
9.5 1 23
9.5 1 24
9.5 1 25
9.5 1 26
9.5 1 27
!!node 116!!
9.5 1 28
9.5 1 29
9.5 1 30
9.5 1 31
9.5 1 32
9.5 1 33
9.5 1 34
9.5 1 35
!!node 117!!
9.5 1 36
9.5 1 37
9.5 1 38
9.5 1 39
9.5 1 40
9.5 1 41
9.5 1 42
9.5 1 43
!!node 118!!
9.5 1 44
9.5 1 45
9.5 1 46
9.5 1 47
9.5 1 48
9.5 1 49
9.5 1 50
9.5 1 51
!!node 119!!
9.5 1 52
9.5 1 53
9.5 1 54
9.5 1 55
9.5 1 56
9.5 1 57
9.5 1 58
9.5 1 59
!!node 120!!
9.5 1 60
9.5 1 61
9.5 1 62
9.5 1 63
9.5 1 64
9.5 1 65
9.5 1 66
9.5 1 67
!!node 121!!
9.5 1 68
9.5 1 69
9.5 1 70
9.5 1 71
9.5 1 72
9.5 1 73
9.5 1 74
9.5 1 75
!!node 122!!
9.5 1 76
9.5 1 77
9.5 1 78
9.5 1 79
9.5 1 80
9.5 1 81
9.5 1 82
9.5 1 83
!!node 123!!
9.5 1 84
9.5 1 85
9.5 1 86
9.5 1 87
9.5 1 88
9.5 1 89
9.5 1 90
9.5 1 91
!!node 124!!
9.5 1 92
9.5 1 93
9.5 1 94
9.5 1 95
9.5 1 96
9.5 1 97
9.5 1 98
9.5 1 99
