!!node 0!!
5.5 0
5.5 1
5.5 2
5.5 3
5.5 4
5.5 5
5.5 6
5.5 7
5.5 8
5.5 9
5.5 10
5.5 11
!!node 1!!
5.5 12
5.5 13
5.5 14
5.5 15
5.5 16
5.5 17
5.5 18
5.5 19
5.5 20
5.5 21
5.5 22
5.5 23
!!node 2!!
5.5 24
5.5 25
5.5 26
5.5 27
5.5 28
5.5 29
5.5 30
5.5 31
5.5 32
5.5 33
5.5 34
5.5 35
!!node 3!!
5.5 36
5.5 37
5.5 38
5.5 39
5.5 40
5.5 41
5.5 42
5.5 43
5.5 44
5.5 45
5.5 46
5.5 47
!!node 4!!
5.5 48
5.5 49
5.5 50
5.5 51
5.5 52
5.5 53
5.5 54
5.5 55
5.5 56
5.5 57
5.5 58
5.5 59
!!node 5!!
5.5 60
5.5 61
5.5 62
5.5 63
5.5 64
5.5 65
5.5 66
5.5 67
5.5 68
5.5 69
5.5 70
5.5 71
!!node 6!!
5.5 72
5.5 73
5.5 74
5.5 75
5.5 76
5.5 77
5.5 78
5.5 79
5.5 80
5.5 81
5.5 82
5.5 83
!!node 7!!
5.5 84
5.5 85
5.5 86
5.5 87
5.5 88
5.5 89
5.5 90
5.5 91
5.5 92
5.5 93
5.5 94
5.5 95
!!node 8!!
5.5 96
5.5 97
5.5 98
5.5 99
5.5 100
5.5 101
5.5 102
5.5 103
5.5 104
5.5 105
5.5 106
5.5 107
!!node 9!!
5.5 108
5.5 109
5.5 110
5.5 111
5.5 112
5.5 113
5.5 114
5.5 115
5.5 116
5.5 117
5.5 118
5.5 119
!!node 10!!
5.5 120
5.5 121
5.5 122
5.5 123
5.5 124
5.5 125
5.5 126
5.5 127
5.5 128
5.5 129
5.5 130
5.5 131
!!node 11!!
5.5 132
5.5 133
5.5 134
5.5 135
5.5 136
5.5 137
5.5 138
5.5 139
5.5 140
5.5 141
5.5 142
5.5 143
!!node 12!!
5.5 144
5.5 145
5.5 146
5.5 147
5.5 148
5.5 149
5.5 150
5.5 151
5.5 152
5.5 153
5.5 154
5.5 155
!!node 13!!
5.5 156
5.5 157
5.5 158
5.5 159
5.5 160
5.5 161
5.5 162
5.5 163
5.5 164
5.5 165
5.5 166
5.5 167
!!node 14!!
5.5 168
5.5 169
5.5 170
5.5 171
5.5 172
5.5 173
5.5 174
5.5 175
5.5 176
5.5 177
5.5 178
5.5 179
!!node 15!!
5.5 180
5.5 181
5.5 182
5.5 183
5.5 184
5.5 185
5.5 186
5.5 187
5.5 188
5.5 189
5.5 190
5.5 191
!!node 16!!
5.5 192
5.5 193
5.5 194
5.5 195
5.5 196
5.5 197
5.5 198
5.5 199
5.5 200
5.5 201
5.5 202
5.5 203
!!node 17!!
5.5 204
5.5 205
5.5 206
5.5 207
5.5 208
5.5 209
5.5 210
5.5 211
5.5 212
5.5 213
5.5 214
5.5 215
!!node 18!!
5.5 216
5.5 217
5.5 218
5.5 219
5.5 220
5.5 221
5.5 222
5.5 223
5.5 224
5.5 225
5.5 226
5.5 227
!!node 19!!
5.5 228
5.5 229
5.5 230
5.5 231
5.5 232
5.5 233
5.5 234
5.5 235
5.5 236
5.5 237
5.5 238
5.5 239
!!node 20!!
5.5 240
5.5 241
5.5 242
5.5 243
5.5 244
5.5 245
5.5 246
5.5 247
5.5 248
5.5 249
5.5 250
5.5 251
!!node 21!!
5.5 252
5.5 253
5.5 254
5.5 255
5.5 256
5.5 257
5.5 258
5.5 259
5.5 260
5.5 261
5.5 262
5.5 263
!!node 22!!
5.5 264
5.5 265
5.5 266
5.5 267
5.5 268
5.5 269
5.5 270
5.5 271
5.5 272
5.5 273
5.5 274
5.5 275
!!node 23!!
5.5 276
5.5 277
5.5 278
5.5 279
5.5 280
5.5 281
5.5 282
5.5 283
5.5 284
5.5 285
5.5 286
5.5 287
!!node 24!!
5.5 288
5.5 289
5.5 290
5.5 291
5.5 292
5.5 293
5.5 294
5.5 295
5.5 296
5.5 297
5.5 298
5.5 299
!!node 25!!
5.5 300
5.5 301
5.5 302
5.5 303
5.5 304
5.5 305
5.5 306
5.5 307
5.5 308
5.5 309
5.5 310
5.5 311
!!node 26!!
5.5 312
5.5 313
5.5 314
5.5 315
5.5 316
5.5 317
5.5 318
5.5 319
5.5 320
5.5 321
5.5 322
5.5 323
!!node 27!!
5.5 324
5.5 325
5.5 326
5.5 327
5.5 328
5.5 329
5.5 330
5.5 331
5.5 332
5.5 333
5.5 334
5.5 335
!!node 28!!
5.5 336
5.5 337
5.5 338
5.5 339
5.5 340
5.5 341
5.5 342
5.5 343
5.5 344
5.5 345
5.5 346
5.5 347
!!node 29!!
5.5 348
5.5 349
5.5 350
5.5 351
5.5 352
5.5 353
5.5 354
5.5 355
5.5 356
5.5 357
5.5 358
5.5 359
!!node 30!!
5.5 360
5.5 361
5.5 362
5.5 363
5.5 364
5.5 365
5.5 366
5.5 367
5.5 368
5.5 369
5.5 370
5.5 371
!!node 31!!
5.5 372
5.5 373
5.5 374
5.5 375
5.5 376
5.5 377
5.5 378
5.5 379
5.5 380
5.5 381
5.5 382
5.5 383
!!node 32!!
5.5 384
5.5 385
5.5 386
5.5 387
5.5 388
5.5 389
5.5 390
5.5 391
5.5 392
5.5 393
5.5 394
5.5 395
!!node 33!!
5.5 396
5.5 397
5.5 398
5.5 399
5.5 400
5.5 401
5.5 402
5.5 403
5.5 404
5.5 405
5.5 406
5.5 407
!!node 34!!
5.5 408
5.5 409
5.5 410
5.5 411
5.5 412
5.5 413
5.5 414
5.5 415
5.5 416
5.5 417
5.5 418
5.5 419
!!node 35!!
5.5 420
5.5 421
5.5 422
5.5 423
5.5 424
5.5 425
5.5 426
5.5 427
5.5 428
5.5 429
5.5 430
5.5 431
!!node 36!!
5.5 432
5.5 433
5.5 434
5.5 435
5.5 436
5.5 437
5.5 438
5.5 439
5.5 440
5.5 441
5.5 442
5.5 443
!!node 37!!
5.5 444
5.5 445
5.5 446
5.5 447
5.5 448
5.5 449
5.5 450
5.5 451
5.5 452
5.5 453
5.5 454
5.5 455
!!node 38!!
5.5 456
5.5 457
5.5 458
5.5 459
5.5 460
5.5 461
5.5 462
5.5 463
5.5 464
5.5 465
5.5 466
5.5 467
!!node 39!!
5.5 468
5.5 469
5.5 470
5.5 471
5.5 472
5.5 473
5.5 474
5.5 475
5.5 476
5.5 477
5.5 478
5.5 479
!!node 40!!
5.5 480
5.5 481
5.5 482
5.5 483
5.5 484
5.5 485
5.5 486
5.5 487
5.5 488
5.5 489
5.5 490
5.5 491
!!node 41!!
5.5 492
5.5 493
5.5 494
5.5 495
5.5 496
5.5 497
5.5 498
5.5 499
5.5 500
5.5 501
5.5 502
5.5 503
!!node 42!!
5.5 504
5.5 505
5.5 506
5.5 507
5.5 508
5.5 509
5.5 510
5.5 511
5.5 512
5.5 513
5.5 514
5.5 515
!!node 43!!
5.5 516
5.5 517
5.5 518
5.5 519
5.5 520
5.5 521
5.5 522
5.5 523
5.5 524
5.5 525
5.5 526
5.5 527
!!node 44!!
5.5 528
5.5 529
5.5 530
5.5 531
5.5 532
5.5 533
5.5 534
5.5 535
5.5 536
5.5 537
5.5 538
5.5 539
!!node 45!!
5.5 540
5.5 541
5.5 542
5.5 543
5.5 544
5.5 545
5.5 546
5.5 547
5.5 548
5.5 549
5.5 550
5.5 551
!!node 46!!
5.5 552
5.5 553
5.5 554
5.5 555
5.5 556
5.5 557
5.5 558
5.5 559
5.5 560
5.5 561
5.5 562
5.5 563
!!node 47!!
5.5 564
5.5 565
5.5 566
5.5 567
5.5 568
5.5 569
5.5 570
5.5 571
5.5 572
5.5 573
5.5 574
5.5 575
!!node 48!!
5.5 576
5.5 577
5.5 578
5.5 579
5.5 580
5.5 581
5.5 582
5.5 583
5.5 584
5.5 585
5.5 586
5.5 587
!!node 49!!
5.5 588
5.5 589
5.5 590
5.5 591
5.5 592
5.5 593
5.5 594
5.5 595
5.5 596
5.5 597
5.5 598
5.5 599
!!node 50!!
5.5 600
5.5 601
5.5 602
5.5 603
5.5 604
5.5 605
5.5 606
5.5 607
5.5 608
5.5 609
5.5 610
5.5 611
!!node 51!!
5.5 612
5.5 613
5.5 614
5.5 615
5.5 616
5.5 617
5.5 618
5.5 619
5.5 620
5.5 621
5.5 622
5.5 623
!!node 52!!
5.5 624
5.5 625
5.5 626
5.5 627
5.5 628
5.5 629
5.5 630
5.5 631
5.5 632
5.5 633
5.5 634
5.5 635
!!node 53!!
5.5 636
5.5 637
5.5 638
5.5 639
5.5 640
5.5 641
5.5 642
5.5 643
5.5 644
5.5 645
5.5 646
5.5 647
!!node 54!!
5.5 648
5.5 649
5.5 650
5.5 651
5.5 652
5.5 653
5.5 654
5.5 655
5.5 656
5.5 657
5.5 658
5.5 659
!!node 55!!
5.5 660
5.5 661
5.5 662
5.5 663
5.5 664
5.5 665
5.5 666
5.5 667
5.5 668
5.5 669
5.5 670
5.5 671
!!node 56!!
5.5 672
5.5 673
5.5 674
5.5 675
5.5 676
5.5 677
5.5 678
5.5 679
5.5 680
5.5 681
5.5 682
5.5 683
!!node 57!!
5.5 684
5.5 685
5.5 686
5.5 687
5.5 688
5.5 689
5.5 690
5.5 691
5.5 692
5.5 693
5.5 694
5.5 695
!!node 58!!
5.5 696
5.5 697
5.5 698
5.5 699
5.5 700
5.5 701
5.5 702
5.5 703
5.5 704
5.5 705
5.5 706
5.5 707
!!node 59!!
5.5 708
5.5 709
5.5 710
5.5 711
5.5 712
5.5 713
5.5 714
5.5 715
5.5 716
5.5 717
5.5 718
5.5 719
!!node 60!!
5.5 720
5.5 721
5.5 722
5.5 723
5.5 724
5.5 725
5.5 726
5.5 727
5.5 728
5.5 729
5.5 730
5.5 731
!!node 61!!
5.5 732
5.5 733
5.5 734
5.5 735
5.5 736
5.5 737
5.5 738
5.5 739
5.5 740
5.5 741
5.5 742
5.5 743
!!node 62!!
5.5 744
5.5 745
5.5 746
5.5 747
5.5 748
5.5 749
5.5 750
5.5 751
5.5 752
5.5 753
5.5 754
5.5 755
!!node 63!!
5.5 756
5.5 757
5.5 758
5.5 759
5.5 760
5.5 761
5.5 762
5.5 763
5.5 764
5.5 765
5.5 766
5.5 767
!!node 64!!
5.5 768
5.5 769
5.5 770
5.5 771
5.5 772
5.5 773
5.5 774
5.5 775
5.5 776
5.5 777
5.5 778
5.5 779
!!node 65!!
5.5 780
5.5 781
5.5 782
5.5 783
5.5 784
5.5 785
5.5 786
5.5 787
5.5 788
5.5 789
5.5 790
5.5 791
!!node 66!!
5.5 792
5.5 793
5.5 794
5.5 795
5.5 796
5.5 797
5.5 798
5.5 799
5.5 800
5.5 801
5.5 802
5.5 803
!!node 67!!
5.5 804
5.5 805
5.5 806
5.5 807
5.5 808
5.5 809
5.5 810
5.5 811
5.5 812
5.5 813
5.5 814
5.5 815
!!node 68!!
5.5 816
5.5 817
5.5 818
5.5 819
5.5 820
5.5 821
5.5 822
5.5 823
5.5 824
5.5 825
5.5 826
5.5 827
!!node 69!!
5.5 828
5.5 829
5.5 830
5.5 831
5.5 832
5.5 833
5.5 834
5.5 835
5.5 836
5.5 837
5.5 838
5.5 839
!!node 70!!
5.5 840
5.5 841
5.5 842
5.5 843
5.5 844
5.5 845
5.5 846
5.5 847
5.5 848
5.5 849
5.5 850
5.5 851
!!node 71!!
5.5 852
5.5 853
5.5 854
5.5 855
5.5 856
5.5 857
5.5 858
5.5 859
5.5 860
5.5 861
5.5 862
5.5 863
!!node 72!!
5.5 864
5.5 865
5.5 866
5.5 867
5.5 868
5.5 869
5.5 870
5.5 871
5.5 872
5.5 873
5.5 874
5.5 875
!!node 73!!
5.5 876
5.5 877
5.5 878
5.5 879
5.5 880
5.5 881
5.5 882
5.5 883
5.5 884
5.5 885
5.5 886
5.5 887
!!node 74!!
5.5 888
5.5 889
5.5 890
5.5 891
5.5 892
5.5 893
5.5 894
5.5 895
5.5 896
5.5 897
5.5 898
5.5 899
!!node 75!!
5.5 900
5.5 901
5.5 902
5.5 903
5.5 904
5.5 905
5.5 906
5.5 907
5.5 908
5.5 909
5.5 910
5.5 911
!!node 76!!
5.5 912
5.5 913
5.5 914
5.5 915
5.5 916
5.5 917
5.5 918
5.5 919
5.5 920
5.5 921
5.5 922
5.5 923
!!node 77!!
5.5 924
5.5 925
5.5 926
5.5 927
5.5 928
5.5 929
5.5 930
5.5 931
5.5 932
5.5 933
5.5 934
5.5 935
!!node 78!!
5.5 936
5.5 937
5.5 938
5.5 939
5.5 940
5.5 941
5.5 942
5.5 943
5.5 944
5.5 945
5.5 946
5.5 947
!!node 79!!
5.5 948
5.5 949
5.5 950
5.5 951
5.5 952
5.5 953
5.5 954
5.5 955
5.5 956
5.5 957
5.5 958
5.5 959
!!node 80!!
5.5 960
5.5 961
5.5 962
5.5 963
5.5 964
5.5 965
5.5 966
5.5 967
5.5 968
5.5 969
5.5 970
5.5 971
!!node 81!!
5.5 972
5.5 973
5.5 974
5.5 975
5.5 976
5.5 977
5.5 978
5.5 979
5.5 980
5.5 981
5.5 982
5.5 983
!!node 82!!
5.5 984
5.5 985
5.5 986
5.5 987
5.5 988
5.5 989
5.5 990
5.5 991
5.5 992
5.5 993
5.5 994
5.5 995
!!node 83!!
5.5 996
5.5 997
5.5 998
5.5 999
6 0
6 1
6 2
6 3
6 4
6 5
6 6
6 7
!!node 84!!
6 8
6 9
6 10
6 11
6 12
6 13
6 14
6 15
6 16
6 17
6 18
6 19
!!node 85!!
6 20
6 21
6 22
6 23
6 24
6 25
6 26
6 27
6 28
6 29
6 30
6 31
!!node 86!!
6 32
6 33
6 34
6 35
6 36
6 37
6 38
6 39
6 40
6 41
6 42
6 43
!!node 87!!
6 44
6 45
6 46
6 47
6 48
6 49
6 50
6 51
6 52
6 53
6 54
6 55
!!node 88!!
6 56
6 57
6 58
6 59
6 60
6 61
6 62
6 63
6 64
6 65
6 66
6 67
!!node 89!!
6 68
6 69
6 70
6 71
6 72
6 73
6 74
6 75
6 76
6 77
6 78
6 79
!!node 90!!
6 80
6 81
6 82
6 83
6 84
6 85
6 86
6 87
6 88
6 89
6 90
6 91
!!node 91!!
6 92
6 93
6 94
6 95
6 96
6 97
6 98
6 99
6 100
6 101
6 102
6 103
!!node 92!!
6 104
6 105
6 106
6 107
6 108
6 109
6 110
6 111
6 112
6 113
6 114
6 115
!!node 93!!
6 116
6 117
6 118
6 119
6 120
6 121
6 122
6 123
6 124
6 125
6 126
6 127
!!node 94!!
6 128
6 129
6 130
6 131
6 132
6 133
6 134
6 135
6 136
6 137
6 138
6 139
!!node 95!!
6 140
6 141
6 142
6 143
6 144
6 145
6 146
6 147
6 148
6 149
6 150
6 151
!!node 96!!
6 152
6 153
6 154
6 155
6 156
6 157
6 158
6 159
6 160
6 161
6 162
6 163
!!node 97!!
6 164
6 165
6 166
6 167
6 168
6 169
6 170
6 171
6 172
6 173
6 174
6 175
!!node 98!!
6 176
6 177
6 178
6 179
6 180
6 181
6 182
6 183
6 184
6 185
6 186
6 187
!!node 99!!
6 188
6 189
6 190
6 191
6 192
6 193
6 194
6 195
6 196
6 197
6 198
6 199
!!node 100!!
6 200
6 201
6 202
6 203
6 204
6 205
6 206
6 207
6 208
6 209
6 210
6 211
!!node 101!!
6 212
6 213
6 214
6 215
6 216
6 217
6 218
6 219
6 220
6 221
6 222
6 223
!!node 102!!
6 224
6 225
6 226
6 227
6 228
6 229
6 230
6 231
6 232
6 233
6 234
6 235
!!node 103!!
6 236
6 237
6 238
6 239
6 240
6 241
6 242
6 243
6 244
6 245
6 246
6 247
!!node 104!!
6 248
6 249
6 250
6 251
6 252
6 253
6 254
6 255
6 256
6 257
6 258
6 259
!!node 105!!
6 260
6 261
6 262
6 263
6 264
6 265
6 266
6 267
6 268
6 269
6 270
6 271
!!node 106!!
6 272
6 273
6 274
6 275
6 276
6 277
6 278
6 279
6 280
6 281
6 282
6 283
!!node 107!!
6 284
6 285
6 286
6 287
6 288
6 289
6 290
6 291
6 292
6 293
6 294
6 295
!!node 108!!
6 296
6 297
6 298
6 299
6 300
6 301
6 302
6 303
6 304
6 305
6 306
6 307
!!node 109!!
6 308
6 309
6 310
6 311
6 312
6 313
6 314
6 315
6 316
6 317
6 318
6 319
!!node 110!!
6 320
6 321
6 322
6 323
6 324
6 325
6 326
6 327
6 328
6 329
6 330
6 331
!!node 111!!
6 332
6 333
6 334
6 335
6 336
6 337
6 338
6 339
6 340
6 341
6 342
6 343
!!node 112!!
6 344
6 345
6 346
6 347
6 348
6 349
6 350
6 351
6 352
6 353
6 354
6 355
!!node 113!!
6 356
6 357
6 358
6 359
6 360
6 361
6 362
6 363
6 364
6 365
6 366
6 367
!!node 114!!
6 368
6 369
6 370
6 371
6 372
6 373
6 374
6 375
6 376
6 377
6 378
6 379
!!node 115!!
6 380
6 381
6 382
6 383
6 384
6 385
6 386
6 387
6 388
6 389
6 390
6 391
!!node 116!!
6 392
6 393
6 394
6 395
6 396
6 397
6 398
6 399
6 400
6 401
6 402
6 403
!!node 117!!
6 404
6 405
6 406
6 407
6 408
6 409
6 410
6 411
6 412
6 413
6 414
6 415
!!node 118!!
6 416
6 417
6 418
6 419
6 420
6 421
6 422
6 423
6 424
6 425
6 426
6 427
!!node 119!!
6 428
6 429
6 430
6 431
6 432
6 433
6 434
6 435
6 436
6 437
6 438
6 439
!!node 120!!
6 440
6 441
6 442
6 443
6 444
6 445
6 446
6 447
6 448
6 449
6 450
6 451
!!node 121!!
6 452
6 453
6 454
6 455
6 456
6 457
6 458
6 459
6 460
6 461
6 462
6 463
!!node 122!!
6 464
6 465
6 466
6 467
6 468
6 469
6 470
6 471
6 472
6 473
6 474
6 475
!!node 123!!
6 476
6 477
6 478
6 479
6 480
6 481
6 482
6 483
6 484
6 485
6 486
6 487
!!node 124!!
6 488
6 489
6 490
6 491
6 492
6 493
6 494
6 495
6 496
6 497
6 498
6 499
!!node 125!!
6 500
6 501
6 502
6 503
6 504
6 505
6 506
6 507
6 508
6 509
6 510
6 511
!!node 126!!
6 512
6 513
6 514
6 515
6 516
6 517
6 518
6 519
6 520
6 521
6 522
6 523
!!node 127!!
6 524
6 525
6 526
6 527
6 528
6 529
6 530
6 531
6 532
6 533
6 534
6 535
!!node 128!!
6 536
6 537
6 538
6 539
6 540
6 541
6 542
6 543
6 544
6 545
6 546
6 547
!!node 129!!
6 548
6 549
6 550
6 551
6 552
6 553
6 554
6 555
6 556
6 557
6 558
6 559
!!node 130!!
6 560
6 561
6 562
6 563
6 564
6 565
6 566
6 567
6 568
6 569
6 570
6 571
!!node 131!!
6 572
6 573
6 574
6 575
6 576
6 577
6 578
6 579
6 580
6 581
6 582
6 583
!!node 132!!
6 584
6 585
6 586
6 587
6 588
6 589
6 590
6 591
6 592
6 593
6 594
6 595
!!node 133!!
6 596
6 597
6 598
6 599
6 600
6 601
6 602
6 603
6 604
6 605
6 606
6 607
!!node 134!!
6 608
6 609
6 610
6 611
6 612
6 613
6 614
6 615
6 616
6 617
6 618
6 619
!!node 135!!
6 620
6 621
6 622
6 623
6 624
6 625
6 626
6 627
6 628
6 629
6 630
6 631
!!node 136!!
6 632
6 633
6 634
6 635
6 636
6 637
6 638
6 639
6 640
6 641
6 642
6 643
!!node 137!!
6 644
6 645
6 646
6 647
6 648
6 649
6 650
6 651
6 652
6 653
6 654
6 655
!!node 138!!
6 656
6 657
6 658
6 659
6 660
6 661
6 662
6 663
6 664
6 665
6 666
6 667
!!node 139!!
6 668
6 669
6 670
6 671
6 672
6 673
6 674
6 675
6 676
6 677
6 678
6 679
!!node 140!!
6 680
6 681
6 682
6 683
6 684
6 685
6 686
6 687
6 688
6 689
6 690
6 691
!!node 141!!
6 692
6 693
6 694
6 695
6 696
6 697
6 698
6 699
6 700
6 701
6 702
6 703
!!node 142!!
6 704
6 705
6 706
6 707
6 708
6 709
6 710
6 711
6 712
6 713
6 714
6 715
!!node 143!!
6 716
6 717
6 718
6 719
6 720
6 721
6 722
6 723
6 724
6 725
6 726
6 727
!!node 144!!
6 728
6 729
6 730
6 731
6 732
6 733
6 734
6 735
6 736
6 737
6 738
6 739
!!node 145!!
6 740
6 741
6 742
6 743
6 744
6 745
6 746
6 747
6 748
6 749
6 750
6 751
!!node 146!!
6 752
6 753
6 754
6 755
6 756
6 757
6 758
6 759
6 760
6 761
6 762
6 763
!!node 147!!
6 764
6 765
6 766
6 767
6 768
6 769
6 770
6 771
6 772
6 773
6 774
6 775
!!node 148!!
6 776
6 777
6 778
6 779
6 780
6 781
6 782
6 783
6 784
6 785
6 786
6 787
!!node 149!!
6 788
6 789
6 790
6 791
6 792
6 793
6 794
6 795
6 796
6 797
6 798
6 799
!!node 150!!
6 800
6 801
6 802
6 803
6 804
6 805
6 806
6 807
6 808
6 809
6 810
6 811
!!node 151!!
6 812
6 813
6 814
6 815
6 816
6 817
6 818
6 819
6 820
6 821
6 822
6 823
!!node 152!!
6 824
6 825
6 826
6 827
6 828
6 829
6 830
6 831
6 832
6 833
6 834
6 835
!!node 153!!
6 836
6 837
6 838
6 839
6 840
6 841
6 842
6 843
6 844
6 845
6 846
6 847
!!node 154!!
6 848
6 849
6 850
6 851
6 852
6 853
6 854
6 855
6 856
6 857
6 858
6 859
!!node 155!!
6 860
6 861
6 862
6 863
6 864
6 865
6 866
6 867
6 868
6 869
6 870
6 871
!!node 156!!
6 872
6 873
6 874
6 875
6 876
6 877
6 878
6 879
6 880
6 881
6 882
6 883
!!node 157!!
6 884
6 885
6 886
6 887
6 888
6 889
6 890
6 891
6 892
6 893
6 894
6 895
!!node 158!!
6 896
6 897
6 898
6 899
6 900
6 901
6 902
6 903
6 904
6 905
6 906
6 907
!!node 159!!
6 908
6 909
6 910
6 911
6 912
6 913
6 914
6 915
6 916
6 917
6 918
6 919
!!node 160!!
6 920
6 921
6 922
6 923
6 924
6 925
6 926
6 927
6 928
6 929
6 930
6 931
!!node 161!!
6 932
6 933
6 934
6 935
6 936
6 937
6 938
6 939
6 940
6 941
6 942
6 943
!!node 162!!
6 944
6 945
6 946
6 947
6 948
6 949
6 950
6 951
6 952
6 953
6 954
6 955
!!node 163!!
6 956
6 957
6 958
6 959
6 960
6 961
6 962
6 963
6 964
6 965
6 966
6 967
!!node 164!!
6 968
6 969
6 970
6 971
6 972
6 973
6 974
6 975
6 976
6 977
6 978
6 979
!!node 165!!
6 980
6 981
6 982
6 983
6 984
6 985
6 986
6 987
6 988
6 989
6 990
6 991
!!node 166!!
6 992
6 993
6 994
6 995
6 996
6 997
6 998
6 999
6.5 0
6.5 1
6.5 2
6.5 3
!!node 167!!
6.5 4
6.5 5
6.5 6
6.5 7
6.5 8
6.5 9
6.5 10
6.5 11
6.5 12
6.5 13
6.5 14
6.5 15
!!node 168!!
6.5 16
6.5 17
6.5 18
6.5 19
6.5 20
6.5 21
6.5 22
6.5 23
6.5 24
6.5 25
6.5 26
6.5 27
!!node 169!!
6.5 28
6.5 29
6.5 30
6.5 31
6.5 32
6.5 33
6.5 34
6.5 35
6.5 36
6.5 37
6.5 38
6.5 39
!!node 170!!
6.5 40
6.5 41
6.5 42
6.5 43
6.5 44
6.5 45
6.5 46
6.5 47
6.5 48
6.5 49
6.5 50
6.5 51
!!node 171!!
6.5 52
6.5 53
6.5 54
6.5 55
6.5 56
6.5 57
6.5 58
6.5 59
6.5 60
6.5 61
6.5 62
6.5 63
!!node 172!!
6.5 64
6.5 65
6.5 66
6.5 67
6.5 68
6.5 69
6.5 70
6.5 71
6.5 72
6.5 73
6.5 74
6.5 75
!!node 173!!
6.5 76
6.5 77
6.5 78
6.5 79
6.5 80
6.5 81
6.5 82
6.5 83
6.5 84
6.5 85
6.5 86
6.5 87
!!node 174!!
6.5 88
6.5 89
6.5 90
6.5 91
6.5 92
6.5 93
6.5 94
6.5 95
6.5 96
6.5 97
6.5 98
6.5 99
!!node 175!!
6.5 100
6.5 101
6.5 102
6.5 103
6.5 104
6.5 105
6.5 106
6.5 107
6.5 108
6.5 109
6.5 110
6.5 111
!!node 176!!
6.5 112
6.5 113
6.5 114
6.5 115
6.5 116
6.5 117
6.5 118
6.5 119
6.5 120
6.5 121
6.5 122
6.5 123
!!node 177!!
6.5 124
6.5 125
6.5 126
6.5 127
6.5 128
6.5 129
6.5 130
6.5 131
6.5 132
6.5 133
6.5 134
6.5 135
!!node 178!!
6.5 136
6.5 137
6.5 138
6.5 139
6.5 140
6.5 141
6.5 142
6.5 143
6.5 144
6.5 145
6.5 146
6.5 147
!!node 179!!
6.5 148
6.5 149
6.5 150
6.5 151
6.5 152
6.5 153
6.5 154
6.5 155
6.5 156
6.5 157
6.5 158
6.5 159
!!node 180!!
6.5 160
6.5 161
6.5 162
6.5 163
6.5 164
6.5 165
6.5 166
6.5 167
6.5 168
6.5 169
6.5 170
6.5 171
!!node 181!!
6.5 172
6.5 173
6.5 174
6.5 175
6.5 176
6.5 177
6.5 178
6.5 179
6.5 180
6.5 181
6.5 182
6.5 183
!!node 182!!
6.5 184
6.5 185
6.5 186
6.5 187
6.5 188
6.5 189
6.5 190
6.5 191
6.5 192
6.5 193
6.5 194
6.5 195
!!node 183!!
6.5 196
6.5 197
6.5 198
6.5 199
6.5 200
6.5 201
6.5 202
6.5 203
6.5 204
6.5 205
6.5 206
6.5 207
!!node 184!!
6.5 208
6.5 209
6.5 210
6.5 211
6.5 212
6.5 213
6.5 214
6.5 215
6.5 216
6.5 217
6.5 218
6.5 219
!!node 185!!
6.5 220
6.5 221
6.5 222
6.5 223
6.5 224
6.5 225
6.5 226
6.5 227
6.5 228
6.5 229
6.5 230
6.5 231
!!node 186!!
6.5 232
6.5 233
6.5 234
6.5 235
6.5 236
6.5 237
6.5 238
6.5 239
6.5 240
6.5 241
6.5 242
6.5 243
!!node 187!!
6.5 244
6.5 245
6.5 246
6.5 247
6.5 248
6.5 249
6.5 250
6.5 251
6.5 252
6.5 253
6.5 254
6.5 255
!!node 188!!
6.5 256
6.5 257
6.5 258
6.5 259
6.5 260
6.5 261
6.5 262
6.5 263
6.5 264
6.5 265
6.5 266
6.5 267
!!node 189!!
6.5 268
6.5 269
6.5 270
6.5 271
6.5 272
6.5 273
6.5 274
6.5 275
6.5 276
6.5 277
6.5 278
6.5 279
!!node 190!!
6.5 280
6.5 281
6.5 282
6.5 283
6.5 284
6.5 285
6.5 286
6.5 287
6.5 288
6.5 289
6.5 290
6.5 291
!!node 191!!
6.5 292
6.5 293
6.5 294
6.5 295
6.5 296
6.5 297
6.5 298
6.5 299
6.5 300
6.5 301
6.5 302
6.5 303
!!node 192!!
6.5 304
6.5 305
6.5 306
6.5 307
6.5 308
6.5 309
6.5 310
6.5 311
6.5 312
6.5 313
6.5 314
6.5 315
!!node 193!!
6.5 316
6.5 317
6.5 318
6.5 319
6.5 320
6.5 321
6.5 322
6.5 323
6.5 324
6.5 325
6.5 326
6.5 327
!!node 194!!
6.5 328
6.5 329
6.5 330
6.5 331
6.5 332
6.5 333
6.5 334
6.5 335
6.5 336
6.5 337
6.5 338
6.5 339
!!node 195!!
6.5 340
6.5 341
6.5 342
6.5 343
6.5 344
6.5 345
6.5 346
6.5 347
6.5 348
6.5 349
6.5 350
6.5 351
!!node 196!!
6.5 352
6.5 353
6.5 354
6.5 355
6.5 356
6.5 357
6.5 358
6.5 359
6.5 360
6.5 361
6.5 362
6.5 363
!!node 197!!
6.5 364
6.5 365
6.5 366
6.5 367
6.5 368
6.5 369
6.5 370
6.5 371
6.5 372
6.5 373
6.5 374
6.5 375
!!node 198!!
6.5 376
6.5 377
6.5 378
6.5 379
6.5 380
6.5 381
6.5 382
6.5 383
6.5 384
6.5 385
6.5 386
6.5 387
!!node 199!!
6.5 388
6.5 389
6.5 390
6.5 391
6.5 392
6.5 393
6.5 394
6.5 395
6.5 396
6.5 397
6.5 398
6.5 399
!!node 200!!
6.5 400
6.5 401
6.5 402
6.5 403
6.5 404
6.5 405
6.5 406
6.5 407
6.5 408
6.5 409
6.5 410
6.5 411
!!node 201!!
6.5 412
6.5 413
6.5 414
6.5 415
6.5 416
6.5 417
6.5 418
6.5 419
6.5 420
6.5 421
6.5 422
6.5 423
!!node 202!!
6.5 424
6.5 425
6.5 426
6.5 427
6.5 428
6.5 429
6.5 430
6.5 431
6.5 432
6.5 433
6.5 434
6.5 435
!!node 203!!
6.5 436
6.5 437
6.5 438
6.5 439
6.5 440
6.5 441
6.5 442
6.5 443
6.5 444
6.5 445
6.5 446
6.5 447
!!node 204!!
6.5 448
6.5 449
6.5 450
6.5 451
6.5 452
6.5 453
6.5 454
6.5 455
6.5 456
6.5 457
6.5 458
6.5 459
!!node 205!!
6.5 460
6.5 461
6.5 462
6.5 463
6.5 464
6.5 465
6.5 466
6.5 467
6.5 468
6.5 469
6.5 470
6.5 471
!!node 206!!
6.5 472
6.5 473
6.5 474
6.5 475
6.5 476
6.5 477
6.5 478
6.5 479
6.5 480
6.5 481
6.5 482
6.5 483
!!node 207!!
6.5 484
6.5 485
6.5 486
6.5 487
6.5 488
6.5 489
6.5 490
6.5 491
6.5 492
6.5 493
6.5 494
6.5 495
!!node 208!!
6.5 496
6.5 497
6.5 498
6.5 499
6.5 500
6.5 501
6.5 502
6.5 503
6.5 504
6.5 505
6.5 506
6.5 507
!!node 209!!
6.5 508
6.5 509
6.5 510
6.5 511
6.5 512
6.5 513
6.5 514
6.5 515
6.5 516
6.5 517
6.5 518
6.5 519
!!node 210!!
6.5 520
6.5 521
6.5 522
6.5 523
6.5 524
6.5 525
6.5 526
6.5 527
6.5 528
6.5 529
6.5 530
6.5 531
!!node 211!!
6.5 532
6.5 533
6.5 534
6.5 535
6.5 536
6.5 537
6.5 538
6.5 539
6.5 540
6.5 541
6.5 542
6.5 543
!!node 212!!
6.5 544
6.5 545
6.5 546
6.5 547
6.5 548
6.5 549
6.5 550
6.5 551
6.5 552
6.5 553
6.5 554
6.5 555
!!node 213!!
6.5 556
6.5 557
6.5 558
6.5 559
6.5 560
6.5 561
6.5 562
6.5 563
6.5 564
6.5 565
6.5 566
6.5 567
!!node 214!!
6.5 568
6.5 569
6.5 570
6.5 571
6.5 572
6.5 573
6.5 574
6.5 575
6.5 576
6.5 577
6.5 578
6.5 579
!!node 215!!
6.5 580
6.5 581
6.5 582
6.5 583
6.5 584
6.5 585
6.5 586
6.5 587
6.5 588
6.5 589
6.5 590
6.5 591
!!node 216!!
6.5 592
6.5 593
6.5 594
6.5 595
6.5 596
6.5 597
6.5 598
6.5 599
6.5 600
6.5 601
6.5 602
6.5 603
!!node 217!!
6.5 604
6.5 605
6.5 606
6.5 607
6.5 608
6.5 609
6.5 610
6.5 611
6.5 612
6.5 613
6.5 614
6.5 615
!!node 218!!
6.5 616
6.5 617
6.5 618
6.5 619
6.5 620
6.5 621
6.5 622
6.5 623
6.5 624
6.5 625
6.5 626
6.5 627
!!node 219!!
6.5 628
6.5 629
6.5 630
6.5 631
6.5 632
6.5 633
6.5 634
6.5 635
6.5 636
6.5 637
6.5 638
6.5 639
!!node 220!!
6.5 640
6.5 641
6.5 642
6.5 643
6.5 644
6.5 645
6.5 646
6.5 647
6.5 648
6.5 649
6.5 650
6.5 651
!!node 221!!
6.5 652
6.5 653
6.5 654
6.5 655
6.5 656
6.5 657
6.5 658
6.5 659
6.5 660
6.5 661
6.5 662
6.5 663
!!node 222!!
6.5 664
6.5 665
6.5 666
6.5 667
6.5 668
6.5 669
6.5 670
6.5 671
6.5 672
6.5 673
6.5 674
6.5 675
!!node 223!!
6.5 676
6.5 677
6.5 678
6.5 679
6.5 680
6.5 681
6.5 682
6.5 683
6.5 684
6.5 685
6.5 686
6.5 687
!!node 224!!
6.5 688
6.5 689
6.5 690
6.5 691
6.5 692
6.5 693
6.5 694
6.5 695
6.5 696
6.5 697
6.5 698
6.5 699
!!node 225!!
6.5 700
6.5 701
6.5 702
6.5 703
6.5 704
6.5 705
6.5 706
6.5 707
6.5 708
6.5 709
6.5 710
6.5 711
!!node 226!!
6.5 712
6.5 713
6.5 714
6.5 715
6.5 716
6.5 717
6.5 718
6.5 719
6.5 720
6.5 721
6.5 722
6.5 723
!!node 227!!
6.5 724
6.5 725
6.5 726
6.5 727
6.5 728
6.5 729
6.5 730
6.5 731
6.5 732
6.5 733
6.5 734
6.5 735
!!node 228!!
6.5 736
6.5 737
6.5 738
6.5 739
6.5 740
6.5 741
6.5 742
6.5 743
6.5 744
6.5 745
6.5 746
6.5 747
!!node 229!!
6.5 748
6.5 749
6.5 750
6.5 751
6.5 752
6.5 753
6.5 754
6.5 755
6.5 756
6.5 757
6.5 758
6.5 759
!!node 230!!
6.5 760
6.5 761
6.5 762
6.5 763
6.5 764
6.5 765
6.5 766
6.5 767
6.5 768
6.5 769
6.5 770
6.5 771
!!node 231!!
6.5 772
6.5 773
6.5 774
6.5 775
6.5 776
6.5 777
6.5 778
6.5 779
6.5 780
6.5 781
6.5 782
6.5 783
!!node 232!!
6.5 784
6.5 785
6.5 786
6.5 787
6.5 788
6.5 789
6.5 790
6.5 791
6.5 792
6.5 793
6.5 794
6.5 795
!!node 233!!
6.5 796
6.5 797
6.5 798
6.5 799
6.5 800
6.5 801
6.5 802
6.5 803
6.5 804
6.5 805
6.5 806
6.5 807
!!node 234!!
6.5 808
6.5 809
6.5 810
6.5 811
6.5 812
6.5 813
6.5 814
6.5 815
6.5 816
6.5 817
6.5 818
6.5 819
!!node 235!!
6.5 820
6.5 821
6.5 822
6.5 823
6.5 824
6.5 825
6.5 826
6.5 827
6.5 828
6.5 829
6.5 830
6.5 831
!!node 236!!
6.5 832
6.5 833
6.5 834
6.5 835
6.5 836
6.5 837
6.5 838
6.5 839
6.5 840
6.5 841
6.5 842
6.5 843
!!node 237!!
6.5 844
6.5 845
6.5 846
6.5 847
6.5 848
6.5 849
6.5 850
6.5 851
6.5 852
6.5 853
6.5 854
6.5 855
!!node 238!!
6.5 856
6.5 857
6.5 858
6.5 859
6.5 860
6.5 861
6.5 862
6.5 863
6.5 864
6.5 865
6.5 866
6.5 867
!!node 239!!
6.5 868
6.5 869
6.5 870
6.5 871
6.5 872
6.5 873
6.5 874
6.5 875
6.5 876
6.5 877
6.5 878
6.5 879
!!node 240!!
6.5 880
6.5 881
6.5 882
6.5 883
6.5 884
6.5 885
6.5 886
6.5 887
6.5 888
6.5 889
6.5 890
6.5 891
!!node 241!!
6.5 892
6.5 893
6.5 894
6.5 895
6.5 896
6.5 897
6.5 898
6.5 899
6.5 900
6.5 901
6.5 902
6.5 903
!!node 242!!
6.5 904
6.5 905
6.5 906
6.5 907
6.5 908
6.5 909
6.5 910
6.5 911
6.5 912
6.5 913
6.5 914
6.5 915
!!node 243!!
6.5 916
6.5 917
6.5 918
6.5 919
6.5 920
6.5 921
6.5 922
6.5 923
6.5 924
6.5 925
6.5 926
6.5 927
!!node 244!!
6.5 928
6.5 929
6.5 930
6.5 931
6.5 932
6.5 933
6.5 934
6.5 935
6.5 936
6.5 937
6.5 938
6.5 939
!!node 245!!
6.5 940
6.5 941
6.5 942
6.5 943
6.5 944
6.5 945
6.5 946
6.5 947
6.5 948
6.5 949
6.5 950
6.5 951
!!node 246!!
6.5 952
6.5 953
6.5 954
6.5 955
6.5 956
6.5 957
6.5 958
6.5 959
6.5 960
6.5 961
6.5 962
6.5 963
!!node 247!!
6.5 964
6.5 965
6.5 966
6.5 967
6.5 968
6.5 969
6.5 970
6.5 971
6.5 972
6.5 973
6.5 974
6.5 975
!!node 248!!
6.5 976
6.5 977
6.5 978
6.5 979
6.5 980
6.5 981
6.5 982
6.5 983
6.5 984
6.5 985
6.5 986
6.5 987
!!node 249!!
6.5 988
6.5 989
6.5 990
6.5 991
6.5 992
6.5 993
6.5 994
6.5 995
6.5 996
6.5 997
6.5 998
6.5 999
!!node 250!!
7 0
7 1
7 2
7 3
7 4
7 5
7 6
7 7
7 8
7 9
7 10
7 11
!!node 251!!
7 12
7 13
7 14
7 15
7 16
7 17
7 18
7 19
7 20
7 21
7 22
7 23
!!node 252!!
7 24
7 25
7 26
7 27
7 28
7 29
7 30
7 31
7 32
7 33
7 34
7 35
!!node 253!!
7 36
7 37
7 38
7 39
7 40
7 41
7 42
7 43
7 44
7 45
7 46
7 47
!!node 254!!
7 48
7 49
7 50
7 51
7 52
7 53
7 54
7 55
7 56
7 57
7 58
7 59
!!node 255!!
7 60
7 61
7 62
7 63
7 64
7 65
7 66
7 67
7 68
7 69
7 70
7 71
!!node 256!!
7 72
7 73
7 74
7 75
7 76
7 77
7 78
7 79
7 80
7 81
7 82
7 83
!!node 257!!
7 84
7 85
7 86
7 87
7 88
7 89
7 90
7 91
7 92
7 93
7 94
7 95
!!node 258!!
7 96
7 97
7 98
7 99
7 100
7 101
7 102
7 103
7 104
7 105
7 106
7 107
!!node 259!!
7 108
7 109
7 110
7 111
7 112
7 113
7 114
7 115
7 116
7 117
7 118
7 119
!!node 260!!
7 120
7 121
7 122
7 123
7 124
7 125
7 126
7 127
7 128
7 129
7 130
7 131
!!node 261!!
7 132
7 133
7 134
7 135
7 136
7 137
7 138
7 139
7 140
7 141
7 142
7 143
!!node 262!!
7 144
7 145
7 146
7 147
7 148
7 149
7 150
7 151
7 152
7 153
7 154
7 155
!!node 263!!
7 156
7 157
7 158
7 159
7 160
7 161
7 162
7 163
7 164
7 165
7 166
7 167
!!node 264!!
7 168
7 169
7 170
7 171
7 172
7 173
7 174
7 175
7 176
7 177
7 178
7 179
!!node 265!!
7 180
7 181
7 182
7 183
7 184
7 185
7 186
7 187
7 188
7 189
7 190
7 191
!!node 266!!
7 192
7 193
7 194
7 195
7 196
7 197
7 198
7 199
7 200
7 201
7 202
7 203
!!node 267!!
7 204
7 205
7 206
7 207
7 208
7 209
7 210
7 211
7 212
7 213
7 214
7 215
!!node 268!!
7 216
7 217
7 218
7 219
7 220
7 221
7 222
7 223
7 224
7 225
7 226
7 227
!!node 269!!
7 228
7 229
7 230
7 231
7 232
7 233
7 234
7 235
7 236
7 237
7 238
7 239
!!node 270!!
7 240
7 241
7 242
7 243
7 244
7 245
7 246
7 247
7 248
7 249
7 250
7 251
!!node 271!!
7 252
7 253
7 254
7 255
7 256
7 257
7 258
7 259
7 260
7 261
7 262
7 263
!!node 272!!
7 264
7 265
7 266
7 267
7 268
7 269
7 270
7 271
7 272
7 273
7 274
7 275
!!node 273!!
7 276
7 277
7 278
7 279
7 280
7 281
7 282
7 283
7 284
7 285
7 286
7 287
!!node 274!!
7 288
7 289
7 290
7 291
7 292
7 293
7 294
7 295
7 296
7 297
7 298
7 299
!!node 275!!
7 300
7 301
7 302
7 303
7 304
7 305
7 306
7 307
7 308
7 309
7 310
7 311
!!node 276!!
7 312
7 313
7 314
7 315
7 316
7 317
7 318
7 319
7 320
7 321
7 322
7 323
!!node 277!!
7 324
7 325
7 326
7 327
7 328
7 329
7 330
7 331
7 332
7 333
7 334
7 335
!!node 278!!
7 336
7 337
7 338
7 339
7 340
7 341
7 342
7 343
7 344
7 345
7 346
7 347
!!node 279!!
7 348
7 349
7 350
7 351
7 352
7 353
7 354
7 355
7 356
7 357
7 358
7 359
!!node 280!!
7 360
7 361
7 362
7 363
7 364
7 365
7 366
7 367
7 368
7 369
7 370
7 371
!!node 281!!
7 372
7 373
7 374
7 375
7 376
7 377
7 378
7 379
7 380
7 381
7 382
7 383
!!node 282!!
7 384
7 385
7 386
7 387
7 388
7 389
7 390
7 391
7 392
7 393
7 394
7 395
!!node 283!!
7 396
7 397
7 398
7 399
7 400
7 401
7 402
7 403
7 404
7 405
7 406
7 407
!!node 284!!
7 408
7 409
7 410
7 411
7 412
7 413
7 414
7 415
7 416
7 417
7 418
7 419
!!node 285!!
7 420
7 421
7 422
7 423
7 424
7 425
7 426
7 427
7 428
7 429
7 430
7 431
!!node 286!!
7 432
7 433
7 434
7 435
7 436
7 437
7 438
7 439
7 440
7 441
7 442
7 443
!!node 287!!
7 444
7 445
7 446
7 447
7 448
7 449
7 450
7 451
7 452
7 453
7 454
7 455
!!node 288!!
7 456
7 457
7 458
7 459
7 460
7 461
7 462
7 463
7 464
7 465
7 466
7 467
!!node 289!!
7 468
7 469
7 470
7 471
7 472
7 473
7 474
7 475
7 476
7 477
7 478
7 479
!!node 290!!
7 480
7 481
7 482
7 483
7 484
7 485
7 486
7 487
7 488
7 489
7 490
7 491
!!node 291!!
7 492
7 493
7 494
7 495
7 496
7 497
7 498
7 499
7 500
7 501
7 502
7 503
!!node 292!!
7 504
7 505
7 506
7 507
7 508
7 509
7 510
7 511
7 512
7 513
7 514
7 515
!!node 293!!
7 516
7 517
7 518
7 519
7 520
7 521
7 522
7 523
7 524
7 525
7 526
7 527
!!node 294!!
7 528
7 529
7 530
7 531
7 532
7 533
7 534
7 535
7 536
7 537
7 538
7 539
!!node 295!!
7 540
7 541
7 542
7 543
7 544
7 545
7 546
7 547
7 548
7 549
7 550
7 551
!!node 296!!
7 552
7 553
7 554
7 555
7 556
7 557
7 558
7 559
7 560
7 561
7 562
7 563
!!node 297!!
7 564
7 565
7 566
7 567
7 568
7 569
7 570
7 571
7 572
7 573
7 574
7 575
!!node 298!!
7 576
7 577
7 578
7 579
7 580
7 581
7 582
7 583
7 584
7 585
7 586
7 587
!!node 299!!
7 588
7 589
7 590
7 591
7 592
7 593
7 594
7 595
7 596
7 597
7 598
7 599
!!node 300!!
7 600
7 601
7 602
7 603
7 604
7 605
7 606
7 607
7 608
7 609
7 610
7 611
!!node 301!!
7 612
7 613
7 614
7 615
7 616
7 617
7 618
7 619
7 620
7 621
7 622
7 623
!!node 302!!
7 624
7 625
7 626
7 627
7 628
7 629
7 630
7 631
7 632
7 633
7 634
7 635
!!node 303!!
7 636
7 637
7 638
7 639
7 640
7 641
7 642
7 643
7 644
7 645
7 646
7 647
!!node 304!!
7 648
7 649
7 650
7 651
7 652
7 653
7 654
7 655
7 656
7 657
7 658
7 659
!!node 305!!
7 660
7 661
7 662
7 663
7 664
7 665
7 666
7 667
7 668
7 669
7 670
7 671
!!node 306!!
7 672
7 673
7 674
7 675
7 676
7 677
7 678
7 679
7 680
7 681
7 682
7 683
!!node 307!!
7 684
7 685
7 686
7 687
7 688
7 689
7 690
7 691
7 692
7 693
7 694
7 695
!!node 308!!
7 696
7 697
7 698
7 699
7 700
7 701
7 702
7 703
7 704
7 705
7 706
7 707
!!node 309!!
7 708
7 709
7 710
7 711
7 712
7 713
7 714
7 715
7 716
7 717
7 718
7 719
!!node 310!!
7 720
7 721
7 722
7 723
7 724
7 725
7 726
7 727
7 728
7 729
7 730
7 731
!!node 311!!
7 732
7 733
7 734
7 735
7 736
7 737
7 738
7 739
7 740
7 741
7 742
7 743
!!node 312!!
7 744
7 745
7 746
7 747
7 748
7 749
7 750
7 751
7 752
7 753
7 754
7 755
!!node 313!!
7 756
7 757
7 758
7 759
7 760
7 761
7 762
7 763
7 764
7 765
7 766
7 767
!!node 314!!
7 768
7 769
7 770
7 771
7 772
7 773
7 774
7 775
7 776
7 777
7 778
7 779
!!node 315!!
7 780
7 781
7 782
7 783
7 784
7 785
7 786
7 787
7 788
7 789
7 790
7 791
!!node 316!!
7 792
7 793
7 794
7 795
7 796
7 797
7 798
7 799
7 800
7 801
7 802
7 803
!!node 317!!
7 804
7 805
7 806
7 807
7 808
7 809
7 810
7 811
7 812
7 813
7 814
7 815
!!node 318!!
7 816
7 817
7 818
7 819
7 820
7 821
7 822
7 823
7 824
7 825
7 826
7 827
!!node 319!!
7 828
7 829
7 830
7 831
7 832
7 833
7 834
7 835
7 836
7 837
7 838
7 839
!!node 320!!
7 840
7 841
7 842
7 843
7 844
7 845
7 846
7 847
7 848
7 849
7 850
7 851
!!node 321!!
7 852
7 853
7 854
7 855
7 856
7 857
7 858
7 859
7 860
7 861
7 862
7 863
!!node 322!!
7 864
7 865
7 866
7 867
7 868
7 869
7 870
7 871
7 872
7 873
7 874
7 875
!!node 323!!
7 876
7 877
7 878
7 879
7 880
7 881
7 882
7 883
7 884
7 885
7 886
7 887
!!node 324!!
7 888
7 889
7 890
7 891
7 892
7 893
7 894
7 895
7 896
7 897
7 898
7 899
!!node 325!!
7 900
7 901
7 902
7 903
7 904
7 905
7 906
7 907
7 908
7 909
7 910
7 911
!!node 326!!
7 912
7 913
7 914
7 915
7 916
7 917
7 918
7 919
7 920
7 921
7 922
7 923
!!node 327!!
7 924
7 925
7 926
7 927
7 928
7 929
7 930
7 931
7 932
7 933
7 934
7 935
!!node 328!!
7 936
7 937
7 938
7 939
7 940
7 941
7 942
7 943
7 944
7 945
7 946
7 947
!!node 329!!
7 948
7 949
7 950
7 951
7 952
7 953
7 954
7 955
7 956
7 957
7 958
7 959
!!node 330!!
7 960
7 961
7 962
7 963
7 964
7 965
7 966
7 967
7 968
7 969
7 970
7 971
!!node 331!!
7 972
7 973
7 974
7 975
7 976
7 977
7 978
7 979
7 980
7 981
7 982
7 983
!!node 332!!
7 984
7 985
7 986
7 987
7 988
7 989
7 990
7 991
7 992
7 993
7 994
7 995
!!node 333!!
7 996
7 997
7 998
7 999
7.5 0
7.5 1
7.5 2
7.5 3
7.5 4
7.5 5
7.5 6
7.5 7
!!node 334!!
7.5 8
7.5 9
7.5 10
7.5 11
7.5 12
7.5 13
7.5 14
7.5 15
7.5 16
7.5 17
7.5 18
7.5 19
!!node 335!!
7.5 20
7.5 21
7.5 22
7.5 23
7.5 24
7.5 25
7.5 26
7.5 27
7.5 28
7.5 29
7.5 30
7.5 31
!!node 336!!
7.5 32
7.5 33
7.5 34
7.5 35
7.5 36
7.5 37
7.5 38
7.5 39
7.5 40
7.5 41
7.5 42
7.5 43
!!node 337!!
7.5 44
7.5 45
7.5 46
7.5 47
7.5 48
7.5 49
7.5 50
7.5 51
7.5 52
7.5 53
7.5 54
7.5 55
!!node 338!!
7.5 56
7.5 57
7.5 58
7.5 59
7.5 60
7.5 61
7.5 62
7.5 63
7.5 64
7.5 65
7.5 66
7.5 67
!!node 339!!
7.5 68
7.5 69
7.5 70
7.5 71
7.5 72
7.5 73
7.5 74
7.5 75
7.5 76
7.5 77
7.5 78
7.5 79
!!node 340!!
7.5 80
7.5 81
7.5 82
7.5 83
7.5 84
7.5 85
7.5 86
7.5 87
7.5 88
7.5 89
7.5 90
7.5 91
!!node 341!!
7.5 92
7.5 93
7.5 94
7.5 95
7.5 96
7.5 97
7.5 98
7.5 99
7.5 100
7.5 101
7.5 102
7.5 103
!!node 342!!
7.5 104
7.5 105
7.5 106
7.5 107
7.5 108
7.5 109
7.5 110
7.5 111
7.5 112
7.5 113
7.5 114
7.5 115
!!node 343!!
7.5 116
7.5 117
7.5 118
7.5 119
7.5 120
7.5 121
7.5 122
7.5 123
7.5 124
7.5 125
7.5 126
7.5 127
!!node 344!!
7.5 128
7.5 129
7.5 130
7.5 131
7.5 132
7.5 133
7.5 134
7.5 135
7.5 136
7.5 137
7.5 138
7.5 139
!!node 345!!
7.5 140
7.5 141
7.5 142
7.5 143
7.5 144
7.5 145
7.5 146
7.5 147
7.5 148
7.5 149
7.5 150
7.5 151
!!node 346!!
7.5 152
7.5 153
7.5 154
7.5 155
7.5 156
7.5 157
7.5 158
7.5 159
7.5 160
7.5 161
7.5 162
7.5 163
!!node 347!!
7.5 164
7.5 165
7.5 166
7.5 167
7.5 168
7.5 169
7.5 170
7.5 171
7.5 172
7.5 173
7.5 174
7.5 175
!!node 348!!
7.5 176
7.5 177
7.5 178
7.5 179
7.5 180
7.5 181
7.5 182
7.5 183
7.5 184
7.5 185
7.5 186
7.5 187
!!node 349!!
7.5 188
7.5 189
7.5 190
7.5 191
7.5 192
7.5 193
7.5 194
7.5 195
7.5 196
7.5 197
7.5 198
7.5 199
!!node 350!!
7.5 200
7.5 201
7.5 202
7.5 203
7.5 204
7.5 205
7.5 206
7.5 207
7.5 208
7.5 209
7.5 210
7.5 211
!!node 351!!
7.5 212
7.5 213
7.5 214
7.5 215
7.5 216
7.5 217
7.5 218
7.5 219
7.5 220
7.5 221
7.5 222
7.5 223
!!node 352!!
7.5 224
7.5 225
7.5 226
7.5 227
7.5 228
7.5 229
7.5 230
7.5 231
7.5 232
7.5 233
7.5 234
7.5 235
!!node 353!!
7.5 236
7.5 237
7.5 238
7.5 239
7.5 240
7.5 241
7.5 242
7.5 243
7.5 244
7.5 245
7.5 246
7.5 247
!!node 354!!
7.5 248
7.5 249
7.5 250
7.5 251
7.5 252
7.5 253
7.5 254
7.5 255
7.5 256
7.5 257
7.5 258
7.5 259
!!node 355!!
7.5 260
7.5 261
7.5 262
7.5 263
7.5 264
7.5 265
7.5 266
7.5 267
7.5 268
7.5 269
7.5 270
7.5 271
!!node 356!!
7.5 272
7.5 273
7.5 274
7.5 275
7.5 276
7.5 277
7.5 278
7.5 279
7.5 280
7.5 281
7.5 282
7.5 283
!!node 357!!
7.5 284
7.5 285
7.5 286
7.5 287
7.5 288
7.5 289
7.5 290
7.5 291
7.5 292
7.5 293
7.5 294
7.5 295
!!node 358!!
7.5 296
7.5 297
7.5 298
7.5 299
7.5 300
7.5 301
7.5 302
7.5 303
7.5 304
7.5 305
7.5 306
7.5 307
!!node 359!!
7.5 308
7.5 309
7.5 310
7.5 311
7.5 312
7.5 313
7.5 314
7.5 315
7.5 316
7.5 317
7.5 318
7.5 319
!!node 360!!
7.5 320
7.5 321
7.5 322
7.5 323
7.5 324
7.5 325
7.5 326
7.5 327
7.5 328
7.5 329
7.5 330
7.5 331
!!node 361!!
7.5 332
7.5 333
7.5 334
7.5 335
7.5 336
7.5 337
7.5 338
7.5 339
7.5 340
7.5 341
7.5 342
7.5 343
!!node 362!!
7.5 344
7.5 345
7.5 346
7.5 347
7.5 348
7.5 349
7.5 350
7.5 351
7.5 352
7.5 353
7.5 354
7.5 355
!!node 363!!
7.5 356
7.5 357
7.5 358
7.5 359
7.5 360
7.5 361
7.5 362
7.5 363
7.5 364
7.5 365
7.5 366
7.5 367
!!node 364!!
7.5 368
7.5 369
7.5 370
7.5 371
7.5 372
7.5 373
7.5 374
7.5 375
7.5 376
7.5 377
7.5 378
7.5 379
!!node 365!!
7.5 380
7.5 381
7.5 382
7.5 383
7.5 384
7.5 385
7.5 386
7.5 387
7.5 388
7.5 389
7.5 390
7.5 391
!!node 366!!
7.5 392
7.5 393
7.5 394
7.5 395
7.5 396
7.5 397
7.5 398
7.5 399
7.5 400
7.5 401
7.5 402
7.5 403
!!node 367!!
7.5 404
7.5 405
7.5 406
7.5 407
7.5 408
7.5 409
7.5 410
7.5 411
7.5 412
7.5 413
7.5 414
7.5 415
!!node 368!!
7.5 416
7.5 417
7.5 418
7.5 419
7.5 420
7.5 421
7.5 422
7.5 423
7.5 424
7.5 425
7.5 426
7.5 427
!!node 369!!
7.5 428
7.5 429
7.5 430
7.5 431
7.5 432
7.5 433
7.5 434
7.5 435
7.5 436
7.5 437
7.5 438
7.5 439
!!node 370!!
7.5 440
7.5 441
7.5 442
7.5 443
7.5 444
7.5 445
7.5 446
7.5 447
7.5 448
7.5 449
7.5 450
7.5 451
!!node 371!!
7.5 452
7.5 453
7.5 454
7.5 455
7.5 456
7.5 457
7.5 458
7.5 459
7.5 460
7.5 461
7.5 462
7.5 463
!!node 372!!
7.5 464
7.5 465
7.5 466
7.5 467
7.5 468
7.5 469
7.5 470
7.5 471
7.5 472
7.5 473
7.5 474
7.5 475
!!node 373!!
7.5 476
7.5 477
7.5 478
7.5 479
7.5 480
7.5 481
7.5 482
7.5 483
7.5 484
7.5 485
7.5 486
7.5 487
!!node 374!!
7.5 488
7.5 489
7.5 490
7.5 491
7.5 492
7.5 493
7.5 494
7.5 495
7.5 496
7.5 497
7.5 498
7.5 499
!!node 375!!
7.5 500
7.5 501
7.5 502
7.5 503
7.5 504
7.5 505
7.5 506
7.5 507
7.5 508
7.5 509
7.5 510
7.5 511
!!node 376!!
7.5 512
7.5 513
7.5 514
7.5 515
7.5 516
7.5 517
7.5 518
7.5 519
7.5 520
7.5 521
7.5 522
7.5 523
!!node 377!!
7.5 524
7.5 525
7.5 526
7.5 527
7.5 528
7.5 529
7.5 530
7.5 531
7.5 532
7.5 533
7.5 534
7.5 535
!!node 378!!
7.5 536
7.5 537
7.5 538
7.5 539
7.5 540
7.5 541
7.5 542
7.5 543
7.5 544
7.5 545
7.5 546
7.5 547
!!node 379!!
7.5 548
7.5 549
7.5 550
7.5 551
7.5 552
7.5 553
7.5 554
7.5 555
7.5 556
7.5 557
7.5 558
7.5 559
!!node 380!!
7.5 560
7.5 561
7.5 562
7.5 563
7.5 564
7.5 565
7.5 566
7.5 567
7.5 568
7.5 569
7.5 570
7.5 571
!!node 381!!
7.5 572
7.5 573
7.5 574
7.5 575
7.5 576
7.5 577
7.5 578
7.5 579
7.5 580
7.5 581
7.5 582
7.5 583
!!node 382!!
7.5 584
7.5 585
7.5 586
7.5 587
7.5 588
7.5 589
7.5 590
7.5 591
7.5 592
7.5 593
7.5 594
7.5 595
!!node 383!!
7.5 596
7.5 597
7.5 598
7.5 599
7.5 600
7.5 601
7.5 602
7.5 603
7.5 604
7.5 605
7.5 606
7.5 607
!!node 384!!
7.5 608
7.5 609
7.5 610
7.5 611
7.5 612
7.5 613
7.5 614
7.5 615
7.5 616
7.5 617
7.5 618
7.5 619
!!node 385!!
7.5 620
7.5 621
7.5 622
7.5 623
7.5 624
7.5 625
7.5 626
7.5 627
7.5 628
7.5 629
7.5 630
7.5 631
!!node 386!!
7.5 632
7.5 633
7.5 634
7.5 635
7.5 636
7.5 637
7.5 638
7.5 639
7.5 640
7.5 641
7.5 642
7.5 643
!!node 387!!
7.5 644
7.5 645
7.5 646
7.5 647
7.5 648
7.5 649
7.5 650
7.5 651
7.5 652
7.5 653
7.5 654
7.5 655
!!node 388!!
7.5 656
7.5 657
7.5 658
7.5 659
7.5 660
7.5 661
7.5 662
7.5 663
7.5 664
7.5 665
7.5 666
7.5 667
!!node 389!!
7.5 668
7.5 669
7.5 670
7.5 671
7.5 672
7.5 673
7.5 674
7.5 675
7.5 676
7.5 677
7.5 678
7.5 679
!!node 390!!
7.5 680
7.5 681
7.5 682
7.5 683
7.5 684
7.5 685
7.5 686
7.5 687
7.5 688
7.5 689
7.5 690
7.5 691
!!node 391!!
7.5 692
7.5 693
7.5 694
7.5 695
7.5 696
7.5 697
7.5 698
7.5 699
7.5 700
7.5 701
7.5 702
7.5 703
!!node 392!!
7.5 704
7.5 705
7.5 706
7.5 707
7.5 708
7.5 709
7.5 710
7.5 711
7.5 712
7.5 713
7.5 714
7.5 715
!!node 393!!
7.5 716
7.5 717
7.5 718
7.5 719
7.5 720
7.5 721
7.5 722
7.5 723
7.5 724
7.5 725
7.5 726
7.5 727
!!node 394!!
7.5 728
7.5 729
7.5 730
7.5 731
7.5 732
7.5 733
7.5 734
7.5 735
7.5 736
7.5 737
7.5 738
7.5 739
!!node 395!!
7.5 740
7.5 741
7.5 742
7.5 743
7.5 744
7.5 745
7.5 746
7.5 747
7.5 748
7.5 749
7.5 750
7.5 751
!!node 396!!
7.5 752
7.5 753
7.5 754
7.5 755
7.5 756
7.5 757
7.5 758
7.5 759
7.5 760
7.5 761
7.5 762
7.5 763
!!node 397!!
7.5 764
7.5 765
7.5 766
7.5 767
7.5 768
7.5 769
7.5 770
7.5 771
7.5 772
7.5 773
7.5 774
7.5 775
!!node 398!!
7.5 776
7.5 777
7.5 778
7.5 779
7.5 780
7.5 781
7.5 782
7.5 783
7.5 784
7.5 785
7.5 786
7.5 787
!!node 399!!
7.5 788
7.5 789
7.5 790
7.5 791
7.5 792
7.5 793
7.5 794
7.5 795
7.5 796
7.5 797
7.5 798
7.5 799
!!node 400!!
7.5 800
7.5 801
7.5 802
7.5 803
7.5 804
7.5 805
7.5 806
7.5 807
7.5 808
7.5 809
7.5 810
7.5 811
!!node 401!!
7.5 812
7.5 813
7.5 814
7.5 815
7.5 816
7.5 817
7.5 818
7.5 819
7.5 820
7.5 821
7.5 822
7.5 823
!!node 402!!
7.5 824
7.5 825
7.5 826
7.5 827
7.5 828
7.5 829
7.5 830
7.5 831
7.5 832
7.5 833
7.5 834
7.5 835
!!node 403!!
7.5 836
7.5 837
7.5 838
7.5 839
7.5 840
7.5 841
7.5 842
7.5 843
7.5 844
7.5 845
7.5 846
7.5 847
!!node 404!!
7.5 848
7.5 849
7.5 850
7.5 851
7.5 852
7.5 853
7.5 854
7.5 855
7.5 856
7.5 857
7.5 858
7.5 859
!!node 405!!
7.5 860
7.5 861
7.5 862
7.5 863
7.5 864
7.5 865
7.5 866
7.5 867
7.5 868
7.5 869
7.5 870
7.5 871
!!node 406!!
7.5 872
7.5 873
7.5 874
7.5 875
7.5 876
7.5 877
7.5 878
7.5 879
7.5 880
7.5 881
7.5 882
7.5 883
!!node 407!!
7.5 884
7.5 885
7.5 886
7.5 887
7.5 888
7.5 889
7.5 890
7.5 891
7.5 892
7.5 893
7.5 894
7.5 895
!!node 408!!
7.5 896
7.5 897
7.5 898
7.5 899
7.5 900
7.5 901
7.5 902
7.5 903
7.5 904
7.5 905
7.5 906
7.5 907
!!node 409!!
7.5 908
7.5 909
7.5 910
7.5 911
7.5 912
7.5 913
7.5 914
7.5 915
7.5 916
7.5 917
7.5 918
7.5 919
!!node 410!!
7.5 920
7.5 921
7.5 922
7.5 923
7.5 924
7.5 925
7.5 926
7.5 927
7.5 928
7.5 929
7.5 930
7.5 931
!!node 411!!
7.5 932
7.5 933
7.5 934
7.5 935
7.5 936
7.5 937
7.5 938
7.5 939
7.5 940
7.5 941
7.5 942
7.5 943
!!node 412!!
7.5 944
7.5 945
7.5 946
7.5 947
7.5 948
7.5 949
7.5 950
7.5 951
7.5 952
7.5 953
7.5 954
7.5 955
!!node 413!!
7.5 956
7.5 957
7.5 958
7.5 959
7.5 960
7.5 961
7.5 962
7.5 963
7.5 964
7.5 965
7.5 966
7.5 967
!!node 414!!
7.5 968
7.5 969
7.5 970
7.5 971
7.5 972
7.5 973
7.5 974
7.5 975
7.5 976
7.5 977
7.5 978
7.5 979
!!node 415!!
7.5 980
7.5 981
7.5 982
7.5 983
7.5 984
7.5 985
7.5 986
7.5 987
7.5 988
7.5 989
7.5 990
7.5 991
!!node 416!!
7.5 992
7.5 993
7.5 994
7.5 995
7.5 996
7.5 997
7.5 998
7.5 999
8 0
8 1
8 2
8 3
!!node 417!!
8 4
8 5
8 6
8 7
8 8
8 9
8 10
8 11
8 12
8 13
8 14
8 15
!!node 418!!
8 16
8 17
8 18
8 19
8 20
8 21
8 22
8 23
8 24
8 25
8 26
8 27
!!node 419!!
8 28
8 29
8 30
8 31
8 32
8 33
8 34
8 35
8 36
8 37
8 38
8 39
!!node 420!!
8 40
8 41
8 42
8 43
8 44
8 45
8 46
8 47
8 48
8 49
8 50
8 51
!!node 421!!
8 52
8 53
8 54
8 55
8 56
8 57
8 58
8 59
8 60
8 61
8 62
8 63
!!node 422!!
8 64
8 65
8 66
8 67
8 68
8 69
8 70
8 71
8 72
8 73
8 74
8 75
!!node 423!!
8 76
8 77
8 78
8 79
8 80
8 81
8 82
8 83
8 84
8 85
8 86
8 87
!!node 424!!
8 88
8 89
8 90
8 91
8 92
8 93
8 94
8 95
8 96
8 97
8 98
8 99
!!node 425!!
8 100
8 101
8 102
8 103
8 104
8 105
8 106
8 107
8 108
8 109
8 110
8 111
!!node 426!!
8 112
8 113
8 114
8 115
8 116
8 117
8 118
8 119
8 120
8 121
8 122
8 123
!!node 427!!
8 124
8 125
8 126
8 127
8 128
8 129
8 130
8 131
8 132
8 133
8 134
8 135
!!node 428!!
8 136
8 137
8 138
8 139
8 140
8 141
8 142
8 143
8 144
8 145
8 146
8 147
!!node 429!!
8 148
8 149
8 150
8 151
8 152
8 153
8 154
8 155
8 156
8 157
8 158
8 159
!!node 430!!
8 160
8 161
8 162
8 163
8 164
8 165
8 166
8 167
8 168
8 169
8 170
8 171
!!node 431!!
8 172
8 173
8 174
8 175
8 176
8 177
8 178
8 179
8 180
8 181
8 182
8 183
!!node 432!!
8 184
8 185
8 186
8 187
8 188
8 189
8 190
8 191
8 192
8 193
8 194
8 195
!!node 433!!
8 196
8 197
8 198
8 199
8 200
8 201
8 202
8 203
8 204
8 205
8 206
8 207
!!node 434!!
8 208
8 209
8 210
8 211
8 212
8 213
8 214
8 215
8 216
8 217
8 218
8 219
!!node 435!!
8 220
8 221
8 222
8 223
8 224
8 225
8 226
8 227
8 228
8 229
8 230
8 231
!!node 436!!
8 232
8 233
8 234
8 235
8 236
8 237
8 238
8 239
8 240
8 241
8 242
8 243
!!node 437!!
8 244
8 245
8 246
8 247
8 248
8 249
8 250
8 251
8 252
8 253
8 254
8 255
!!node 438!!
8 256
8 257
8 258
8 259
8 260
8 261
8 262
8 263
8 264
8 265
8 266
8 267
!!node 439!!
8 268
8 269
8 270
8 271
8 272
8 273
8 274
8 275
8 276
8 277
8 278
8 279
!!node 440!!
8 280
8 281
8 282
8 283
8 284
8 285
8 286
8 287
8 288
8 289
8 290
8 291
!!node 441!!
8 292
8 293
8 294
8 295
8 296
8 297
8 298
8 299
8 300
8 301
8 302
8 303
!!node 442!!
8 304
8 305
8 306
8 307
8 308
8 309
8 310
8 311
8 312
8 313
8 314
8 315
!!node 443!!
8 316
8 317
8 318
8 319
8 320
8 321
8 322
8 323
8 324
8 325
8 326
8 327
!!node 444!!
8 328
8 329
8 330
8 331
8 332
8 333
8 334
8 335
8 336
8 337
8 338
8 339
!!node 445!!
8 340
8 341
8 342
8 343
8 344
8 345
8 346
8 347
8 348
8 349
8 350
8 351
!!node 446!!
8 352
8 353
8 354
8 355
8 356
8 357
8 358
8 359
8 360
8 361
8 362
8 363
!!node 447!!
8 364
8 365
8 366
8 367
8 368
8 369
8 370
8 371
8 372
8 373
8 374
8 375
!!node 448!!
8 376
8 377
8 378
8 379
8 380
8 381
8 382
8 383
8 384
8 385
8 386
8 387
!!node 449!!
8 388
8 389
8 390
8 391
8 392
8 393
8 394
8 395
8 396
8 397
8 398
8 399
!!node 450!!
8 400
8 401
8 402
8 403
8 404
8 405
8 406
8 407
8 408
8 409
8 410
8 411
!!node 451!!
8 412
8 413
8 414
8 415
8 416
8 417
8 418
8 419
8 420
8 421
8 422
8 423
!!node 452!!
8 424
8 425
8 426
8 427
8 428
8 429
8 430
8 431
8 432
8 433
8 434
8 435
!!node 453!!
8 436
8 437
8 438
8 439
8 440
8 441
8 442
8 443
8 444
8 445
8 446
8 447
!!node 454!!
8 448
8 449
8 450
8 451
8 452
8 453
8 454
8 455
8 456
8 457
8 458
8 459
!!node 455!!
8 460
8 461
8 462
8 463
8 464
8 465
8 466
8 467
8 468
8 469
8 470
8 471
!!node 456!!
8 472
8 473
8 474
8 475
8 476
8 477
8 478
8 479
8 480
8 481
8 482
8 483
!!node 457!!
8 484
8 485
8 486
8 487
8 488
8 489
8 490
8 491
8 492
8 493
8 494
8 495
!!node 458!!
8 496
8 497
8 498
8 499
8 500
8 501
8 502
8 503
8 504
8 505
8 506
8 507
!!node 459!!
8 508
8 509
8 510
8 511
8 512
8 513
8 514
8 515
8 516
8 517
8 518
8 519
!!node 460!!
8 520
8 521
8 522
8 523
8 524
8 525
8 526
8 527
8 528
8 529
8 530
8 531
!!node 461!!
8 532
8 533
8 534
8 535
8 536
8 537
8 538
8 539
8 540
8 541
8 542
8 543
!!node 462!!
8 544
8 545
8 546
8 547
8 548
8 549
8 550
8 551
8 552
8 553
8 554
8 555
!!node 463!!
8 556
8 557
8 558
8 559
8 560
8 561
8 562
8 563
8 564
8 565
8 566
8 567
!!node 464!!
8 568
8 569
8 570
8 571
8 572
8 573
8 574
8 575
8 576
8 577
8 578
8 579
!!node 465!!
8 580
8 581
8 582
8 583
8 584
8 585
8 586
8 587
8 588
8 589
8 590
8 591
!!node 466!!
8 592
8 593
8 594
8 595
8 596
8 597
8 598
8 599
8 600
8 601
8 602
8 603
!!node 467!!
8 604
8 605
8 606
8 607
8 608
8 609
8 610
8 611
8 612
8 613
8 614
8 615
!!node 468!!
8 616
8 617
8 618
8 619
8 620
8 621
8 622
8 623
8 624
8 625
8 626
8 627
!!node 469!!
8 628
8 629
8 630
8 631
8 632
8 633
8 634
8 635
8 636
8 637
8 638
8 639
!!node 470!!
8 640
8 641
8 642
8 643
8 644
8 645
8 646
8 647
8 648
8 649
8 650
8 651
!!node 471!!
8 652
8 653
8 654
8 655
8 656
8 657
8 658
8 659
8 660
8 661
8 662
8 663
!!node 472!!
8 664
8 665
8 666
8 667
8 668
8 669
8 670
8 671
8 672
8 673
8 674
8 675
!!node 473!!
8 676
8 677
8 678
8 679
8 680
8 681
8 682
8 683
8 684
8 685
8 686
8 687
!!node 474!!
8 688
8 689
8 690
8 691
8 692
8 693
8 694
8 695
8 696
8 697
8 698
8 699
!!node 475!!
8 700
8 701
8 702
8 703
8 704
8 705
8 706
8 707
8 708
8 709
8 710
8 711
!!node 476!!
8 712
8 713
8 714
8 715
8 716
8 717
8 718
8 719
8 720
8 721
8 722
8 723
!!node 477!!
8 724
8 725
8 726
8 727
8 728
8 729
8 730
8 731
8 732
8 733
8 734
8 735
!!node 478!!
8 736
8 737
8 738
8 739
8 740
8 741
8 742
8 743
8 744
8 745
8 746
8 747
!!node 479!!
8 748
8 749
8 750
8 751
8 752
8 753
8 754
8 755
8 756
8 757
8 758
8 759
!!node 480!!
8 760
8 761
8 762
8 763
8 764
8 765
8 766
8 767
8 768
8 769
8 770
8 771
!!node 481!!
8 772
8 773
8 774
8 775
8 776
8 777
8 778
8 779
8 780
8 781
8 782
8 783
!!node 482!!
8 784
8 785
8 786
8 787
8 788
8 789
8 790
8 791
8 792
8 793
8 794
8 795
!!node 483!!
8 796
8 797
8 798
8 799
8 800
8 801
8 802
8 803
8 804
8 805
8 806
8 807
!!node 484!!
8 808
8 809
8 810
8 811
8 812
8 813
8 814
8 815
8 816
8 817
8 818
8 819
!!node 485!!
8 820
8 821
8 822
8 823
8 824
8 825
8 826
8 827
8 828
8 829
8 830
8 831
!!node 486!!
8 832
8 833
8 834
8 835
8 836
8 837
8 838
8 839
8 840
8 841
8 842
8 843
!!node 487!!
8 844
8 845
8 846
8 847
8 848
8 849
8 850
8 851
8 852
8 853
8 854
8 855
!!node 488!!
8 856
8 857
8 858
8 859
8 860
8 861
8 862
8 863
8 864
8 865
8 866
8 867
!!node 489!!
8 868
8 869
8 870
8 871
8 872
8 873
8 874
8 875
8 876
8 877
8 878
8 879
!!node 490!!
8 880
8 881
8 882
8 883
8 884
8 885
8 886
8 887
8 888
8 889
8 890
8 891
!!node 491!!
8 892
8 893
8 894
8 895
8 896
8 897
8 898
8 899
8 900
8 901
8 902
8 903
!!node 492!!
8 904
8 905
8 906
8 907
8 908
8 909
8 910
8 911
8 912
8 913
8 914
8 915
!!node 493!!
8 916
8 917
8 918
8 919
8 920
8 921
8 922
8 923
8 924
8 925
8 926
8 927
!!node 494!!
8 928
8 929
8 930
8 931
8 932
8 933
8 934
8 935
8 936
8 937
8 938
8 939
!!node 495!!
8 940
8 941
8 942
8 943
8 944
8 945
8 946
8 947
8 948
8 949
8 950
8 951
!!node 496!!
8 952
8 953
8 954
8 955
8 956
8 957
8 958
8 959
8 960
8 961
8 962
8 963
!!node 497!!
8 964
8 965
8 966
8 967
8 968
8 969
8 970
8 971
8 972
8 973
8 974
8 975
!!node 498!!
8 976
8 977
8 978
8 979
8 980
8 981
8 982
8 983
8 984
8 985
8 986
8 987
!!node 499!!
8 988
8 989
8 990
8 991
8 992
8 993
8 994
8 995
8 996
8 997
8 998
8 999
!!node 500!!
8.5 0
8.5 1
8.5 2
8.5 3
8.5 4
8.5 5
8.5 6
8.5 7
8.5 8
8.5 9
8.5 10
8.5 11
!!node 501!!
8.5 12
8.5 13
8.5 14
8.5 15
8.5 16
8.5 17
8.5 18
8.5 19
8.5 20
8.5 21
8.5 22
8.5 23
!!node 502!!
8.5 24
8.5 25
8.5 26
8.5 27
8.5 28
8.5 29
8.5 30
8.5 31
8.5 32
8.5 33
8.5 34
8.5 35
!!node 503!!
8.5 36
8.5 37
8.5 38
8.5 39
8.5 40
8.5 41
8.5 42
8.5 43
8.5 44
8.5 45
8.5 46
8.5 47
!!node 504!!
8.5 48
8.5 49
8.5 50
8.5 51
8.5 52
8.5 53
8.5 54
8.5 55
8.5 56
8.5 57
8.5 58
8.5 59
!!node 505!!
8.5 60
8.5 61
8.5 62
8.5 63
8.5 64
8.5 65
8.5 66
8.5 67
8.5 68
8.5 69
8.5 70
8.5 71
!!node 506!!
8.5 72
8.5 73
8.5 74
8.5 75
8.5 76
8.5 77
8.5 78
8.5 79
8.5 80
8.5 81
8.5 82
8.5 83
!!node 507!!
8.5 84
8.5 85
8.5 86
8.5 87
8.5 88
8.5 89
8.5 90
8.5 91
8.5 92
8.5 93
8.5 94
8.5 95
!!node 508!!
8.5 96
8.5 97
8.5 98
8.5 99
8.5 100
8.5 101
8.5 102
8.5 103
8.5 104
8.5 105
8.5 106
8.5 107
!!node 509!!
8.5 108
8.5 109
8.5 110
8.5 111
8.5 112
8.5 113
8.5 114
8.5 115
8.5 116
8.5 117
8.5 118
8.5 119
!!node 510!!
8.5 120
8.5 121
8.5 122
8.5 123
8.5 124
8.5 125
8.5 126
8.5 127
8.5 128
8.5 129
8.5 130
8.5 131
!!node 511!!
8.5 132
8.5 133
8.5 134
8.5 135
8.5 136
8.5 137
8.5 138
8.5 139
8.5 140
8.5 141
8.5 142
8.5 143
!!node 512!!
8.5 144
8.5 145
8.5 146
8.5 147
8.5 148
8.5 149
8.5 150
8.5 151
8.5 152
8.5 153
8.5 154
8.5 155
!!node 513!!
8.5 156
8.5 157
8.5 158
8.5 159
8.5 160
8.5 161
8.5 162
8.5 163
8.5 164
8.5 165
8.5 166
8.5 167
!!node 514!!
8.5 168
8.5 169
8.5 170
8.5 171
8.5 172
8.5 173
8.5 174
8.5 175
8.5 176
8.5 177
8.5 178
8.5 179
!!node 515!!
8.5 180
8.5 181
8.5 182
8.5 183
8.5 184
8.5 185
8.5 186
8.5 187
8.5 188
8.5 189
8.5 190
8.5 191
!!node 516!!
8.5 192
8.5 193
8.5 194
8.5 195
8.5 196
8.5 197
8.5 198
8.5 199
8.5 200
8.5 201
8.5 202
8.5 203
!!node 517!!
8.5 204
8.5 205
8.5 206
8.5 207
8.5 208
8.5 209
8.5 210
8.5 211
8.5 212
8.5 213
8.5 214
8.5 215
!!node 518!!
8.5 216
8.5 217
8.5 218
8.5 219
8.5 220
8.5 221
8.5 222
8.5 223
8.5 224
8.5 225
8.5 226
8.5 227
!!node 519!!
8.5 228
8.5 229
8.5 230
8.5 231
8.5 232
8.5 233
8.5 234
8.5 235
8.5 236
8.5 237
8.5 238
8.5 239
!!node 520!!
8.5 240
8.5 241
8.5 242
8.5 243
8.5 244
8.5 245
8.5 246
8.5 247
8.5 248
8.5 249
8.5 250
8.5 251
!!node 521!!
8.5 252
8.5 253
8.5 254
8.5 255
8.5 256
8.5 257
8.5 258
8.5 259
8.5 260
8.5 261
8.5 262
8.5 263
!!node 522!!
8.5 264
8.5 265
8.5 266
8.5 267
8.5 268
8.5 269
8.5 270
8.5 271
8.5 272
8.5 273
8.5 274
8.5 275
!!node 523!!
8.5 276
8.5 277
8.5 278
8.5 279
8.5 280
8.5 281
8.5 282
8.5 283
8.5 284
8.5 285
8.5 286
8.5 287
!!node 524!!
8.5 288
8.5 289
8.5 290
8.5 291
8.5 292
8.5 293
8.5 294
8.5 295
8.5 296
8.5 297
8.5 298
8.5 299
!!node 525!!
8.5 300
8.5 301
8.5 302
8.5 303
8.5 304
8.5 305
8.5 306
8.5 307
8.5 308
8.5 309
8.5 310
8.5 311
!!node 526!!
8.5 312
8.5 313
8.5 314
8.5 315
8.5 316
8.5 317
8.5 318
8.5 319
8.5 320
8.5 321
8.5 322
8.5 323
!!node 527!!
8.5 324
8.5 325
8.5 326
8.5 327
8.5 328
8.5 329
8.5 330
8.5 331
8.5 332
8.5 333
8.5 334
8.5 335
!!node 528!!
8.5 336
8.5 337
8.5 338
8.5 339
8.5 340
8.5 341
8.5 342
8.5 343
8.5 344
8.5 345
8.5 346
8.5 347
!!node 529!!
8.5 348
8.5 349
8.5 350
8.5 351
8.5 352
8.5 353
8.5 354
8.5 355
8.5 356
8.5 357
8.5 358
8.5 359
!!node 530!!
8.5 360
8.5 361
8.5 362
8.5 363
8.5 364
8.5 365
8.5 366
8.5 367
8.5 368
8.5 369
8.5 370
8.5 371
!!node 531!!
8.5 372
8.5 373
8.5 374
8.5 375
8.5 376
8.5 377
8.5 378
8.5 379
8.5 380
8.5 381
8.5 382
8.5 383
!!node 532!!
8.5 384
8.5 385
8.5 386
8.5 387
8.5 388
8.5 389
8.5 390
8.5 391
8.5 392
8.5 393
8.5 394
8.5 395
!!node 533!!
8.5 396
8.5 397
8.5 398
8.5 399
8.5 400
8.5 401
8.5 402
8.5 403
8.5 404
8.5 405
8.5 406
8.5 407
!!node 534!!
8.5 408
8.5 409
8.5 410
8.5 411
8.5 412
8.5 413
8.5 414
8.5 415
8.5 416
8.5 417
8.5 418
8.5 419
!!node 535!!
8.5 420
8.5 421
8.5 422
8.5 423
8.5 424
8.5 425
8.5 426
8.5 427
8.5 428
8.5 429
8.5 430
8.5 431
!!node 536!!
8.5 432
8.5 433
8.5 434
8.5 435
8.5 436
8.5 437
8.5 438
8.5 439
8.5 440
8.5 441
8.5 442
8.5 443
!!node 537!!
8.5 444
8.5 445
8.5 446
8.5 447
8.5 448
8.5 449
8.5 450
8.5 451
8.5 452
8.5 453
8.5 454
8.5 455
!!node 538!!
8.5 456
8.5 457
8.5 458
8.5 459
8.5 460
8.5 461
8.5 462
8.5 463
8.5 464
8.5 465
8.5 466
8.5 467
!!node 539!!
8.5 468
8.5 469
8.5 470
8.5 471
8.5 472
8.5 473
8.5 474
8.5 475
8.5 476
8.5 477
8.5 478
8.5 479
!!node 540!!
8.5 480
8.5 481
8.5 482
8.5 483
8.5 484
8.5 485
8.5 486
8.5 487
8.5 488
8.5 489
8.5 490
8.5 491
!!node 541!!
8.5 492
8.5 493
8.5 494
8.5 495
8.5 496
8.5 497
8.5 498
8.5 499
8.5 500
8.5 501
8.5 502
8.5 503
!!node 542!!
8.5 504
8.5 505
8.5 506
8.5 507
8.5 508
8.5 509
8.5 510
8.5 511
8.5 512
8.5 513
8.5 514
8.5 515
!!node 543!!
8.5 516
8.5 517
8.5 518
8.5 519
8.5 520
8.5 521
8.5 522
8.5 523
8.5 524
8.5 525
8.5 526
8.5 527
!!node 544!!
8.5 528
8.5 529
8.5 530
8.5 531
8.5 532
8.5 533
8.5 534
8.5 535
8.5 536
8.5 537
8.5 538
8.5 539
!!node 545!!
8.5 540
8.5 541
8.5 542
8.5 543
8.5 544
8.5 545
8.5 546
8.5 547
8.5 548
8.5 549
8.5 550
8.5 551
!!node 546!!
8.5 552
8.5 553
8.5 554
8.5 555
8.5 556
8.5 557
8.5 558
8.5 559
8.5 560
8.5 561
8.5 562
8.5 563
!!node 547!!
8.5 564
8.5 565
8.5 566
8.5 567
8.5 568
8.5 569
8.5 570
8.5 571
8.5 572
8.5 573
8.5 574
8.5 575
!!node 548!!
8.5 576
8.5 577
8.5 578
8.5 579
8.5 580
8.5 581
8.5 582
8.5 583
8.5 584
8.5 585
8.5 586
8.5 587
!!node 549!!
8.5 588
8.5 589
8.5 590
8.5 591
8.5 592
8.5 593
8.5 594
8.5 595
8.5 596
8.5 597
8.5 598
8.5 599
!!node 550!!
8.5 600
8.5 601
8.5 602
8.5 603
8.5 604
8.5 605
8.5 606
8.5 607
8.5 608
8.5 609
8.5 610
8.5 611
!!node 551!!
8.5 612
8.5 613
8.5 614
8.5 615
8.5 616
8.5 617
8.5 618
8.5 619
8.5 620
8.5 621
8.5 622
8.5 623
!!node 552!!
8.5 624
8.5 625
8.5 626
8.5 627
8.5 628
8.5 629
8.5 630
8.5 631
8.5 632
8.5 633
8.5 634
8.5 635
!!node 553!!
8.5 636
8.5 637
8.5 638
8.5 639
8.5 640
8.5 641
8.5 642
8.5 643
8.5 644
8.5 645
8.5 646
8.5 647
!!node 554!!
8.5 648
8.5 649
8.5 650
8.5 651
8.5 652
8.5 653
8.5 654
8.5 655
8.5 656
8.5 657
8.5 658
8.5 659
!!node 555!!
8.5 660
8.5 661
8.5 662
8.5 663
8.5 664
8.5 665
8.5 666
8.5 667
8.5 668
8.5 669
8.5 670
8.5 671
!!node 556!!
8.5 672
8.5 673
8.5 674
8.5 675
8.5 676
8.5 677
8.5 678
8.5 679
8.5 680
8.5 681
8.5 682
8.5 683
!!node 557!!
8.5 684
8.5 685
8.5 686
8.5 687
8.5 688
8.5 689
8.5 690
8.5 691
8.5 692
8.5 693
8.5 694
8.5 695
!!node 558!!
8.5 696
8.5 697
8.5 698
8.5 699
8.5 700
8.5 701
8.5 702
8.5 703
8.5 704
8.5 705
8.5 706
8.5 707
!!node 559!!
8.5 708
8.5 709
8.5 710
8.5 711
8.5 712
8.5 713
8.5 714
8.5 715
8.5 716
8.5 717
8.5 718
8.5 719
!!node 560!!
8.5 720
8.5 721
8.5 722
8.5 723
8.5 724
8.5 725
8.5 726
8.5 727
8.5 728
8.5 729
8.5 730
8.5 731
!!node 561!!
8.5 732
8.5 733
8.5 734
8.5 735
8.5 736
8.5 737
8.5 738
8.5 739
8.5 740
8.5 741
8.5 742
8.5 743
!!node 562!!
8.5 744
8.5 745
8.5 746
8.5 747
8.5 748
8.5 749
8.5 750
8.5 751
8.5 752
8.5 753
8.5 754
8.5 755
!!node 563!!
8.5 756
8.5 757
8.5 758
8.5 759
8.5 760
8.5 761
8.5 762
8.5 763
8.5 764
8.5 765
8.5 766
8.5 767
!!node 564!!
8.5 768
8.5 769
8.5 770
8.5 771
8.5 772
8.5 773
8.5 774
8.5 775
8.5 776
8.5 777
8.5 778
8.5 779
!!node 565!!
8.5 780
8.5 781
8.5 782
8.5 783
8.5 784
8.5 785
8.5 786
8.5 787
8.5 788
8.5 789
8.5 790
8.5 791
!!node 566!!
8.5 792
8.5 793
8.5 794
8.5 795
8.5 796
8.5 797
8.5 798
8.5 799
8.5 800
8.5 801
8.5 802
8.5 803
!!node 567!!
8.5 804
8.5 805
8.5 806
8.5 807
8.5 808
8.5 809
8.5 810
8.5 811
8.5 812
8.5 813
8.5 814
8.5 815
!!node 568!!
8.5 816
8.5 817
8.5 818
8.5 819
8.5 820
8.5 821
8.5 822
8.5 823
8.5 824
8.5 825
8.5 826
8.5 827
!!node 569!!
8.5 828
8.5 829
8.5 830
8.5 831
8.5 832
8.5 833
8.5 834
8.5 835
8.5 836
8.5 837
8.5 838
8.5 839
!!node 570!!
8.5 840
8.5 841
8.5 842
8.5 843
8.5 844
8.5 845
8.5 846
8.5 847
8.5 848
8.5 849
8.5 850
8.5 851
!!node 571!!
8.5 852
8.5 853
8.5 854
8.5 855
8.5 856
8.5 857
8.5 858
8.5 859
8.5 860
8.5 861
8.5 862
8.5 863
!!node 572!!
8.5 864
8.5 865
8.5 866
8.5 867
8.5 868
8.5 869
8.5 870
8.5 871
8.5 872
8.5 873
8.5 874
8.5 875
!!node 573!!
8.5 876
8.5 877
8.5 878
8.5 879
8.5 880
8.5 881
8.5 882
8.5 883
8.5 884
8.5 885
8.5 886
8.5 887
!!node 574!!
8.5 888
8.5 889
8.5 890
8.5 891
8.5 892
8.5 893
8.5 894
8.5 895
8.5 896
8.5 897
8.5 898
8.5 899
!!node 575!!
8.5 900
8.5 901
8.5 902
8.5 903
8.5 904
8.5 905
8.5 906
8.5 907
8.5 908
8.5 909
8.5 910
8.5 911
!!node 576!!
8.5 912
8.5 913
8.5 914
8.5 915
8.5 916
8.5 917
8.5 918
8.5 919
8.5 920
8.5 921
8.5 922
8.5 923
!!node 577!!
8.5 924
8.5 925
8.5 926
8.5 927
8.5 928
8.5 929
8.5 930
8.5 931
8.5 932
8.5 933
8.5 934
8.5 935
!!node 578!!
8.5 936
8.5 937
8.5 938
8.5 939
8.5 940
8.5 941
8.5 942
8.5 943
8.5 944
8.5 945
8.5 946
8.5 947
!!node 579!!
8.5 948
8.5 949
8.5 950
8.5 951
8.5 952
8.5 953
8.5 954
8.5 955
8.5 956
8.5 957
8.5 958
8.5 959
!!node 580!!
8.5 960
8.5 961
8.5 962
8.5 963
8.5 964
8.5 965
8.5 966
8.5 967
8.5 968
8.5 969
8.5 970
8.5 971
!!node 581!!
8.5 972
8.5 973
8.5 974
8.5 975
8.5 976
8.5 977
8.5 978
8.5 979
8.5 980
8.5 981
8.5 982
8.5 983
!!node 582!!
8.5 984
8.5 985
8.5 986
8.5 987
8.5 988
8.5 989
8.5 990
8.5 991
8.5 992
8.5 993
8.5 994
8.5 995
!!node 583!!
8.5 996
8.5 997
8.5 998
8.5 999
9 0
9 1
9 2
9 3
9 4
9 5
9 6
9 7
!!node 584!!
9 8
9 9
9 10
9 11
9 12
9 13
9 14
9 15
9 16
9 17
9 18
9 19
!!node 585!!
9 20
9 21
9 22
9 23
9 24
9 25
9 26
9 27
9 28
9 29
9 30
9 31
!!node 586!!
9 32
9 33
9 34
9 35
9 36
9 37
9 38
9 39
9 40
9 41
9 42
9 43
!!node 587!!
9 44
9 45
9 46
9 47
9 48
9 49
9 50
9 51
9 52
9 53
9 54
9 55
!!node 588!!
9 56
9 57
9 58
9 59
9 60
9 61
9 62
9 63
9 64
9 65
9 66
9 67
!!node 589!!
9 68
9 69
9 70
9 71
9 72
9 73
9 74
9 75
9 76
9 77
9 78
9 79
!!node 590!!
9 80
9 81
9 82
9 83
9 84
9 85
9 86
9 87
9 88
9 89
9 90
9 91
!!node 591!!
9 92
9 93
9 94
9 95
9 96
9 97
9 98
9 99
9 100
9 101
9 102
9 103
!!node 592!!
9 104
9 105
9 106
9 107
9 108
9 109
9 110
9 111
9 112
9 113
9 114
9 115
!!node 593!!
9 116
9 117
9 118
9 119
9 120
9 121
9 122
9 123
9 124
9 125
9 126
9 127
!!node 594!!
9 128
9 129
9 130
9 131
9 132
9 133
9 134
9 135
9 136
9 137
9 138
9 139
!!node 595!!
9 140
9 141
9 142
9 143
9 144
9 145
9 146
9 147
9 148
9 149
9 150
9 151
!!node 596!!
9 152
9 153
9 154
9 155
9 156
9 157
9 158
9 159
9 160
9 161
9 162
9 163
!!node 597!!
9 164
9 165
9 166
9 167
9 168
9 169
9 170
9 171
9 172
9 173
9 174
9 175
!!node 598!!
9 176
9 177
9 178
9 179
9 180
9 181
9 182
9 183
9 184
9 185
9 186
9 187
!!node 599!!
9 188
9 189
9 190
9 191
9 192
9 193
9 194
9 195
9 196
9 197
9 198
9 199
!!node 600!!
9 200
9 201
9 202
9 203
9 204
9 205
9 206
9 207
9 208
9 209
9 210
9 211
!!node 601!!
9 212
9 213
9 214
9 215
9 216
9 217
9 218
9 219
9 220
9 221
9 222
9 223
!!node 602!!
9 224
9 225
9 226
9 227
9 228
9 229
9 230
9 231
9 232
9 233
9 234
9 235
!!node 603!!
9 236
9 237
9 238
9 239
9 240
9 241
9 242
9 243
9 244
9 245
9 246
9 247
!!node 604!!
9 248
9 249
9 250
9 251
9 252
9 253
9 254
9 255
9 256
9 257
9 258
9 259
!!node 605!!
9 260
9 261
9 262
9 263
9 264
9 265
9 266
9 267
9 268
9 269
9 270
9 271
!!node 606!!
9 272
9 273
9 274
9 275
9 276
9 277
9 278
9 279
9 280
9 281
9 282
9 283
!!node 607!!
9 284
9 285
9 286
9 287
9 288
9 289
9 290
9 291
9 292
9 293
9 294
9 295
!!node 608!!
9 296
9 297
9 298
9 299
9 300
9 301
9 302
9 303
9 304
9 305
9 306
9 307
!!node 609!!
9 308
9 309
9 310
9 311
9 312
9 313
9 314
9 315
9 316
9 317
9 318
9 319
!!node 610!!
9 320
9 321
9 322
9 323
9 324
9 325
9 326
9 327
9 328
9 329
9 330
9 331
!!node 611!!
9 332
9 333
9 334
9 335
9 336
9 337
9 338
9 339
9 340
9 341
9 342
9 343
!!node 612!!
9 344
9 345
9 346
9 347
9 348
9 349
9 350
9 351
9 352
9 353
9 354
9 355
!!node 613!!
9 356
9 357
9 358
9 359
9 360
9 361
9 362
9 363
9 364
9 365
9 366
9 367
!!node 614!!
9 368
9 369
9 370
9 371
9 372
9 373
9 374
9 375
9 376
9 377
9 378
9 379
!!node 615!!
9 380
9 381
9 382
9 383
9 384
9 385
9 386
9 387
9 388
9 389
9 390
9 391
!!node 616!!
9 392
9 393
9 394
9 395
9 396
9 397
9 398
9 399
9 400
9 401
9 402
9 403
!!node 617!!
9 404
9 405
9 406
9 407
9 408
9 409
9 410
9 411
9 412
9 413
9 414
9 415
!!node 618!!
9 416
9 417
9 418
9 419
9 420
9 421
9 422
9 423
9 424
9 425
9 426
9 427
!!node 619!!
9 428
9 429
9 430
9 431
9 432
9 433
9 434
9 435
9 436
9 437
9 438
9 439
!!node 620!!
9 440
9 441
9 442
9 443
9 444
9 445
9 446
9 447
9 448
9 449
9 450
9 451
!!node 621!!
9 452
9 453
9 454
9 455
9 456
9 457
9 458
9 459
9 460
9 461
9 462
9 463
!!node 622!!
9 464
9 465
9 466
9 467
9 468
9 469
9 470
9 471
9 472
9 473
9 474
9 475
!!node 623!!
9 476
9 477
9 478
9 479
9 480
9 481
9 482
9 483
9 484
9 485
9 486
9 487
!!node 624!!
9 488
9 489
9 490
9 491
9 492
9 493
9 494
9 495
9 496
9 497
9 498
9 499
!!node 625!!
9 500
9 501
9 502
9 503
9 504
9 505
9 506
9 507
9 508
9 509
9 510
9 511
!!node 626!!
9 512
9 513
9 514
9 515
9 516
9 517
9 518
9 519
9 520
9 521
9 522
9 523
!!node 627!!
9 524
9 525
9 526
9 527
9 528
9 529
9 530
9 531
9 532
9 533
9 534
9 535
!!node 628!!
9 536
9 537
9 538
9 539
9 540
9 541
9 542
9 543
9 544
9 545
9 546
9 547
!!node 629!!
9 548
9 549
9 550
9 551
9 552
9 553
9 554
9 555
9 556
9 557
9 558
9 559
!!node 630!!
9 560
9 561
9 562
9 563
9 564
9 565
9 566
9 567
9 568
9 569
9 570
9 571
!!node 631!!
9 572
9 573
9 574
9 575
9 576
9 577
9 578
9 579
9 580
9 581
9 582
9 583
!!node 632!!
9 584
9 585
9 586
9 587
9 588
9 589
9 590
9 591
9 592
9 593
9 594
9 595
!!node 633!!
9 596
9 597
9 598
9 599
9 600
9 601
9 602
9 603
9 604
9 605
9 606
9 607
!!node 634!!
9 608
9 609
9 610
9 611
9 612
9 613
9 614
9 615
9 616
9 617
9 618
9 619
!!node 635!!
9 620
9 621
9 622
9 623
9 624
9 625
9 626
9 627
9 628
9 629
9 630
9 631
!!node 636!!
9 632
9 633
9 634
9 635
9 636
9 637
9 638
9 639
9 640
9 641
9 642
9 643
!!node 637!!
9 644
9 645
9 646
9 647
9 648
9 649
9 650
9 651
9 652
9 653
9 654
9 655
!!node 638!!
9 656
9 657
9 658
9 659
9 660
9 661
9 662
9 663
9 664
9 665
9 666
9 667
!!node 639!!
9 668
9 669
9 670
9 671
9 672
9 673
9 674
9 675
9 676
9 677
9 678
9 679
!!node 640!!
9 680
9 681
9 682
9 683
9 684
9 685
9 686
9 687
9 688
9 689
9 690
9 691
!!node 641!!
9 692
9 693
9 694
9 695
9 696
9 697
9 698
9 699
9 700
9 701
9 702
9 703
!!node 642!!
9 704
9 705
9 706
9 707
9 708
9 709
9 710
9 711
9 712
9 713
9 714
9 715
!!node 643!!
9 716
9 717
9 718
9 719
9 720
9 721
9 722
9 723
9 724
9 725
9 726
9 727
!!node 644!!
9 728
9 729
9 730
9 731
9 732
9 733
9 734
9 735
9 736
9 737
9 738
9 739
!!node 645!!
9 740
9 741
9 742
9 743
9 744
9 745
9 746
9 747
9 748
9 749
9 750
9 751
!!node 646!!
9 752
9 753
9 754
9 755
9 756
9 757
9 758
9 759
9 760
9 761
9 762
9 763
!!node 647!!
9 764
9 765
9 766
9 767
9 768
9 769
9 770
9 771
9 772
9 773
9 774
9 775
!!node 648!!
9 776
9 777
9 778
9 779
9 780
9 781
9 782
9 783
9 784
9 785
9 786
9 787
!!node 649!!
9 788
9 789
9 790
9 791
9 792
9 793
9 794
9 795
9 796
9 797
9 798
9 799
!!node 650!!
9 800
9 801
9 802
9 803
9 804
9 805
9 806
9 807
9 808
9 809
9 810
9 811
!!node 651!!
9 812
9 813
9 814
9 815
9 816
9 817
9 818
9 819
9 820
9 821
9 822
9 823
!!node 652!!
9 824
9 825
9 826
9 827
9 828
9 829
9 830
9 831
9 832
9 833
9 834
9 835
!!node 653!!
9 836
9 837
9 838
9 839
9 840
9 841
9 842
9 843
9 844
9 845
9 846
9 847
!!node 654!!
9 848
9 849
9 850
9 851
9 852
9 853
9 854
9 855
9 856
9 857
9 858
9 859
!!node 655!!
9 860
9 861
9 862
9 863
9 864
9 865
9 866
9 867
9 868
9 869
9 870
9 871
!!node 656!!
9 872
9 873
9 874
9 875
9 876
9 877
9 878
9 879
9 880
9 881
9 882
9 883
!!node 657!!
9 884
9 885
9 886
9 887
9 888
9 889
9 890
9 891
9 892
9 893
9 894
9 895
!!node 658!!
9 896
9 897
9 898
9 899
9 900
9 901
9 902
9 903
9 904
9 905
9 906
9 907
!!node 659!!
9 908
9 909
9 910
9 911
9 912
9 913
9 914
9 915
9 916
9 917
9 918
9 919
!!node 660!!
9 920
9 921
9 922
9 923
9 924
9 925
9 926
9 927
9 928
9 929
9 930
9 931
!!node 661!!
9 932
9 933
9 934
9 935
9 936
9 937
9 938
9 939
9 940
9 941
9 942
9 943
!!node 662!!
9 944
9 945
9 946
9 947
9 948
9 949
9 950
9 951
9 952
9 953
9 954
9 955
!!node 663!!
9 956
9 957
9 958
9 959
9 960
9 961
9 962
9 963
9 964
9 965
9 966
9 967
!!node 664!!
9 968
9 969
9 970
9 971
9 972
9 973
9 974
9 975
9 976
9 977
9 978
9 979
!!node 665!!
9 980
9 981
9 982
9 983
9 984
9 985
9 986
9 987
9 988
9 989
9 990
9 991
!!node 666!!
9 992
9 993
9 994
9 995
9 996
9 997
9 998
9 999
9.5 0
9.5 1
9.5 2
9.5 3
!!node 667!!
9.5 4
9.5 5
9.5 6
9.5 7
9.5 8
9.5 9
9.5 10
9.5 11
9.5 12
9.5 13
9.5 14
9.5 15
!!node 668!!
9.5 16
9.5 17
9.5 18
9.5 19
9.5 20
9.5 21
9.5 22
9.5 23
9.5 24
9.5 25
9.5 26
9.5 27
!!node 669!!
9.5 28
9.5 29
9.5 30
9.5 31
9.5 32
9.5 33
9.5 34
9.5 35
9.5 36
9.5 37
9.5 38
9.5 39
!!node 670!!
9.5 40
9.5 41
9.5 42
9.5 43
9.5 44
9.5 45
9.5 46
9.5 47
9.5 48
9.5 49
9.5 50
9.5 51
!!node 671!!
9.5 52
9.5 53
9.5 54
9.5 55
9.5 56
9.5 57
9.5 58
9.5 59
9.5 60
9.5 61
9.5 62
9.5 63
!!node 672!!
9.5 64
9.5 65
9.5 66
9.5 67
9.5 68
9.5 69
9.5 70
9.5 71
9.5 72
9.5 73
9.5 74
9.5 75
!!node 673!!
9.5 76
9.5 77
9.5 78
9.5 79
9.5 80
9.5 81
9.5 82
9.5 83
9.5 84
9.5 85
9.5 86
9.5 87
!!node 674!!
9.5 88
9.5 89
9.5 90
9.5 91
9.5 92
9.5 93
9.5 94
9.5 95
9.5 96
9.5 97
9.5 98
9.5 99
!!node 675!!
9.5 100
9.5 101
9.5 102
9.5 103
9.5 104
9.5 105
9.5 106
9.5 107
9.5 108
9.5 109
9.5 110
9.5 111
!!node 676!!
9.5 112
9.5 113
9.5 114
9.5 115
9.5 116
9.5 117
9.5 118
9.5 119
9.5 120
9.5 121
9.5 122
9.5 123
!!node 677!!
9.5 124
9.5 125
9.5 126
9.5 127
9.5 128
9.5 129
9.5 130
9.5 131
9.5 132
9.5 133
9.5 134
9.5 135
!!node 678!!
9.5 136
9.5 137
9.5 138
9.5 139
9.5 140
9.5 141
9.5 142
9.5 143
9.5 144
9.5 145
9.5 146
9.5 147
!!node 679!!
9.5 148
9.5 149
9.5 150
9.5 151
9.5 152
9.5 153
9.5 154
9.5 155
9.5 156
9.5 157
9.5 158
9.5 159
!!node 680!!
9.5 160
9.5 161
9.5 162
9.5 163
9.5 164
9.5 165
9.5 166
9.5 167
9.5 168
9.5 169
9.5 170
9.5 171
!!node 681!!
9.5 172
9.5 173
9.5 174
9.5 175
9.5 176
9.5 177
9.5 178
9.5 179
9.5 180
9.5 181
9.5 182
9.5 183
!!node 682!!
9.5 184
9.5 185
9.5 186
9.5 187
9.5 188
9.5 189
9.5 190
9.5 191
9.5 192
9.5 193
9.5 194
9.5 195
!!node 683!!
9.5 196
9.5 197
9.5 198
9.5 199
9.5 200
9.5 201
9.5 202
9.5 203
9.5 204
9.5 205
9.5 206
9.5 207
!!node 684!!
9.5 208
9.5 209
9.5 210
9.5 211
9.5 212
9.5 213
9.5 214
9.5 215
9.5 216
9.5 217
9.5 218
9.5 219
!!node 685!!
9.5 220
9.5 221
9.5 222
9.5 223
9.5 224
9.5 225
9.5 226
9.5 227
9.5 228
9.5 229
9.5 230
9.5 231
!!node 686!!
9.5 232
9.5 233
9.5 234
9.5 235
9.5 236
9.5 237
9.5 238
9.5 239
9.5 240
9.5 241
9.5 242
9.5 243
!!node 687!!
9.5 244
9.5 245
9.5 246
9.5 247
9.5 248
9.5 249
9.5 250
9.5 251
9.5 252
9.5 253
9.5 254
9.5 255
!!node 688!!
9.5 256
9.5 257
9.5 258
9.5 259
9.5 260
9.5 261
9.5 262
9.5 263
9.5 264
9.5 265
9.5 266
9.5 267
!!node 689!!
9.5 268
9.5 269
9.5 270
9.5 271
9.5 272
9.5 273
9.5 274
9.5 275
9.5 276
9.5 277
9.5 278
9.5 279
!!node 690!!
9.5 280
9.5 281
9.5 282
9.5 283
9.5 284
9.5 285
9.5 286
9.5 287
9.5 288
9.5 289
9.5 290
9.5 291
!!node 691!!
9.5 292
9.5 293
9.5 294
9.5 295
9.5 296
9.5 297
9.5 298
9.5 299
9.5 300
9.5 301
9.5 302
9.5 303
!!node 692!!
9.5 304
9.5 305
9.5 306
9.5 307
9.5 308
9.5 309
9.5 310
9.5 311
9.5 312
9.5 313
9.5 314
9.5 315
!!node 693!!
9.5 316
9.5 317
9.5 318
9.5 319
9.5 320
9.5 321
9.5 322
9.5 323
9.5 324
9.5 325
9.5 326
9.5 327
!!node 694!!
9.5 328
9.5 329
9.5 330
9.5 331
9.5 332
9.5 333
9.5 334
9.5 335
9.5 336
9.5 337
9.5 338
9.5 339
!!node 695!!
9.5 340
9.5 341
9.5 342
9.5 343
9.5 344
9.5 345
9.5 346
9.5 347
9.5 348
9.5 349
9.5 350
9.5 351
!!node 696!!
9.5 352
9.5 353
9.5 354
9.5 355
9.5 356
9.5 357
9.5 358
9.5 359
9.5 360
9.5 361
9.5 362
9.5 363
!!node 697!!
9.5 364
9.5 365
9.5 366
9.5 367
9.5 368
9.5 369
9.5 370
9.5 371
9.5 372
9.5 373
9.5 374
9.5 375
!!node 698!!
9.5 376
9.5 377
9.5 378
9.5 379
9.5 380
9.5 381
9.5 382
9.5 383
9.5 384
9.5 385
9.5 386
9.5 387
!!node 699!!
9.5 388
9.5 389
9.5 390
9.5 391
9.5 392
9.5 393
9.5 394
9.5 395
9.5 396
9.5 397
9.5 398
9.5 399
!!node 700!!
9.5 400
9.5 401
9.5 402
9.5 403
9.5 404
9.5 405
9.5 406
9.5 407
9.5 408
9.5 409
9.5 410
9.5 411
!!node 701!!
9.5 412
9.5 413
9.5 414
9.5 415
9.5 416
9.5 417
9.5 418
9.5 419
9.5 420
9.5 421
9.5 422
9.5 423
!!node 702!!
9.5 424
9.5 425
9.5 426
9.5 427
9.5 428
9.5 429
9.5 430
9.5 431
9.5 432
9.5 433
9.5 434
9.5 435
!!node 703!!
9.5 436
9.5 437
9.5 438
9.5 439
9.5 440
9.5 441
9.5 442
9.5 443
9.5 444
9.5 445
9.5 446
9.5 447
!!node 704!!
9.5 448
9.5 449
9.5 450
9.5 451
9.5 452
9.5 453
9.5 454
9.5 455
9.5 456
9.5 457
9.5 458
9.5 459
!!node 705!!
9.5 460
9.5 461
9.5 462
9.5 463
9.5 464
9.5 465
9.5 466
9.5 467
9.5 468
9.5 469
9.5 470
9.5 471
!!node 706!!
9.5 472
9.5 473
9.5 474
9.5 475
9.5 476
9.5 477
9.5 478
9.5 479
9.5 480
9.5 481
9.5 482
9.5 483
!!node 707!!
9.5 484
9.5 485
9.5 486
9.5 487
9.5 488
9.5 489
9.5 490
9.5 491
9.5 492
9.5 493
9.5 494
9.5 495
!!node 708!!
9.5 496
9.5 497
9.5 498
9.5 499
9.5 500
9.5 501
9.5 502
9.5 503
9.5 504
9.5 505
9.5 506
9.5 507
!!node 709!!
9.5 508
9.5 509
9.5 510
9.5 511
9.5 512
9.5 513
9.5 514
9.5 515
9.5 516
9.5 517
9.5 518
9.5 519
!!node 710!!
9.5 520
9.5 521
9.5 522
9.5 523
9.5 524
9.5 525
9.5 526
9.5 527
9.5 528
9.5 529
9.5 530
9.5 531
!!node 711!!
9.5 532
9.5 533
9.5 534
9.5 535
9.5 536
9.5 537
9.5 538
9.5 539
9.5 540
9.5 541
9.5 542
9.5 543
!!node 712!!
9.5 544
9.5 545
9.5 546
9.5 547
9.5 548
9.5 549
9.5 550
9.5 551
9.5 552
9.5 553
9.5 554
9.5 555
!!node 713!!
9.5 556
9.5 557
9.5 558
9.5 559
9.5 560
9.5 561
9.5 562
9.5 563
9.5 564
9.5 565
9.5 566
9.5 567
!!node 714!!
9.5 568
9.5 569
9.5 570
9.5 571
9.5 572
9.5 573
9.5 574
9.5 575
9.5 576
9.5 577
9.5 578
9.5 579
!!node 715!!
9.5 580
9.5 581
9.5 582
9.5 583
9.5 584
9.5 585
9.5 586
9.5 587
9.5 588
9.5 589
9.5 590
9.5 591
!!node 716!!
9.5 592
9.5 593
9.5 594
9.5 595
9.5 596
9.5 597
9.5 598
9.5 599
9.5 600
9.5 601
9.5 602
9.5 603
!!node 717!!
9.5 604
9.5 605
9.5 606
9.5 607
9.5 608
9.5 609
9.5 610
9.5 611
9.5 612
9.5 613
9.5 614
9.5 615
!!node 718!!
9.5 616
9.5 617
9.5 618
9.5 619
9.5 620
9.5 621
9.5 622
9.5 623
9.5 624
9.5 625
9.5 626
9.5 627
!!node 719!!
9.5 628
9.5 629
9.5 630
9.5 631
9.5 632
9.5 633
9.5 634
9.5 635
9.5 636
9.5 637
9.5 638
9.5 639
!!node 720!!
9.5 640
9.5 641
9.5 642
9.5 643
9.5 644
9.5 645
9.5 646
9.5 647
9.5 648
9.5 649
9.5 650
9.5 651
!!node 721!!
9.5 652
9.5 653
9.5 654
9.5 655
9.5 656
9.5 657
9.5 658
9.5 659
9.5 660
9.5 661
9.5 662
9.5 663
!!node 722!!
9.5 664
9.5 665
9.5 666
9.5 667
9.5 668
9.5 669
9.5 670
9.5 671
9.5 672
9.5 673
9.5 674
9.5 675
!!node 723!!
9.5 676
9.5 677
9.5 678
9.5 679
9.5 680
9.5 681
9.5 682
9.5 683
9.5 684
9.5 685
9.5 686
9.5 687
!!node 724!!
9.5 688
9.5 689
9.5 690
9.5 691
9.5 692
9.5 693
9.5 694
9.5 695
9.5 696
9.5 697
9.5 698
9.5 699
!!node 725!!
9.5 700
9.5 701
9.5 702
9.5 703
9.5 704
9.5 705
9.5 706
9.5 707
9.5 708
9.5 709
9.5 710
9.5 711
!!node 726!!
9.5 712
9.5 713
9.5 714
9.5 715
9.5 716
9.5 717
9.5 718
9.5 719
9.5 720
9.5 721
9.5 722
9.5 723
!!node 727!!
9.5 724
9.5 725
9.5 726
9.5 727
9.5 728
9.5 729
9.5 730
9.5 731
9.5 732
9.5 733
9.5 734
9.5 735
!!node 728!!
9.5 736
9.5 737
9.5 738
9.5 739
9.5 740
9.5 741
9.5 742
9.5 743
9.5 744
9.5 745
9.5 746
9.5 747
!!node 729!!
9.5 748
9.5 749
9.5 750
9.5 751
9.5 752
9.5 753
9.5 754
9.5 755
9.5 756
9.5 757
9.5 758
9.5 759
!!node 730!!
9.5 760
9.5 761
9.5 762
9.5 763
9.5 764
9.5 765
9.5 766
9.5 767
9.5 768
9.5 769
9.5 770
9.5 771
!!node 731!!
9.5 772
9.5 773
9.5 774
9.5 775
9.5 776
9.5 777
9.5 778
9.5 779
9.5 780
9.5 781
9.5 782
9.5 783
!!node 732!!
9.5 784
9.5 785
9.5 786
9.5 787
9.5 788
9.5 789
9.5 790
9.5 791
9.5 792
9.5 793
9.5 794
9.5 795
!!node 733!!
9.5 796
9.5 797
9.5 798
9.5 799
9.5 800
9.5 801
9.5 802
9.5 803
9.5 804
9.5 805
9.5 806
9.5 807
!!node 734!!
9.5 808
9.5 809
9.5 810
9.5 811
9.5 812
9.5 813
9.5 814
9.5 815
9.5 816
9.5 817
9.5 818
9.5 819
!!node 735!!
9.5 820
9.5 821
9.5 822
9.5 823
9.5 824
9.5 825
9.5 826
9.5 827
9.5 828
9.5 829
9.5 830
9.5 831
!!node 736!!
9.5 832
9.5 833
9.5 834
9.5 835
9.5 836
9.5 837
9.5 838
9.5 839
9.5 840
9.5 841
9.5 842
9.5 843
!!node 737!!
9.5 844
9.5 845
9.5 846
9.5 847
9.5 848
9.5 849
9.5 850
9.5 851
9.5 852
9.5 853
9.5 854
9.5 855
!!node 738!!
9.5 856
9.5 857
9.5 858
9.5 859
9.5 860
9.5 861
9.5 862
9.5 863
9.5 864
9.5 865
9.5 866
9.5 867
!!node 739!!
9.5 868
9.5 869
9.5 870
9.5 871
9.5 872
9.5 873
9.5 874
9.5 875
9.5 876
9.5 877
9.5 878
9.5 879
!!node 740!!
9.5 880
9.5 881
9.5 882
9.5 883
9.5 884
9.5 885
9.5 886
9.5 887
9.5 888
9.5 889
9.5 890
9.5 891
!!node 741!!
9.5 892
9.5 893
9.5 894
9.5 895
9.5 896
9.5 897
9.5 898
9.5 899
9.5 900
9.5 901
9.5 902
9.5 903
!!node 742!!
9.5 904
9.5 905
9.5 906
9.5 907
9.5 908
9.5 909
9.5 910
9.5 911
9.5 912
9.5 913
9.5 914
9.5 915
!!node 743!!
9.5 916
9.5 917
9.5 918
9.5 919
9.5 920
9.5 921
9.5 922
9.5 923
9.5 924
9.5 925
9.5 926
9.5 927
!!node 744!!
9.5 928
9.5 929
9.5 930
9.5 931
9.5 932
9.5 933
9.5 934
9.5 935
9.5 936
9.5 937
9.5 938
9.5 939
!!node 745!!
9.5 940
9.5 941
9.5 942
9.5 943
9.5 944
9.5 945
9.5 946
9.5 947
9.5 948
9.5 949
9.5 950
9.5 951
!!node 746!!
9.5 952
9.5 953
9.5 954
9.5 955
9.5 956
9.5 957
9.5 958
9.5 959
9.5 960
9.5 961
9.5 962
9.5 963
!!node 747!!
9.5 964
9.5 965
9.5 966
9.5 967
9.5 968
9.5 969
9.5 970
9.5 971
9.5 972
9.5 973
9.5 974
9.5 975
!!node 748!!
9.5 976
9.5 977
9.5 978
9.5 979
9.5 980
9.5 981
9.5 982
9.5 983
9.5 984
9.5 985
9.5 986
9.5 987
!!node 749!!
9.5 988
9.5 989
9.5 990
9.5 991
9.5 992
9.5 993
9.5 994
9.5 995
9.5 996
9.5 997
9.5 998
9.5 999
!!node 750!!
10 0
10 1
10 2
10 3
10 4
10 5
10 6
10 7
10 8
10 9
10 10
10 11
!!node 751!!
10 12
10 13
10 14
10 15
10 16
10 17
10 18
10 19
10 20
10 21
10 22
10 23
!!node 752!!
10 24
10 25
10 26
10 27
10 28
10 29
10 30
10 31
10 32
10 33
10 34
10 35
!!node 753!!
10 36
10 37
10 38
10 39
10 40
10 41
10 42
10 43
10 44
10 45
10 46
10 47
!!node 754!!
10 48
10 49
10 50
10 51
10 52
10 53
10 54
10 55
10 56
10 57
10 58
10 59
!!node 755!!
10 60
10 61
10 62
10 63
10 64
10 65
10 66
10 67
10 68
10 69
10 70
10 71
!!node 756!!
10 72
10 73
10 74
10 75
10 76
10 77
10 78
10 79
10 80
10 81
10 82
10 83
!!node 757!!
10 84
10 85
10 86
10 87
10 88
10 89
10 90
10 91
10 92
10 93
10 94
10 95
!!node 758!!
10 96
10 97
10 98
10 99
10 100
10 101
10 102
10 103
10 104
10 105
10 106
10 107
!!node 759!!
10 108
10 109
10 110
10 111
10 112
10 113
10 114
10 115
10 116
10 117
10 118
10 119
!!node 760!!
10 120
10 121
10 122
10 123
10 124
10 125
10 126
10 127
10 128
10 129
10 130
10 131
!!node 761!!
10 132
10 133
10 134
10 135
10 136
10 137
10 138
10 139
10 140
10 141
10 142
10 143
!!node 762!!
10 144
10 145
10 146
10 147
10 148
10 149
10 150
10 151
10 152
10 153
10 154
10 155
!!node 763!!
10 156
10 157
10 158
10 159
10 160
10 161
10 162
10 163
10 164
10 165
10 166
10 167
!!node 764!!
10 168
10 169
10 170
10 171
10 172
10 173
10 174
10 175
10 176
10 177
10 178
10 179
!!node 765!!
10 180
10 181
10 182
10 183
10 184
10 185
10 186
10 187
10 188
10 189
10 190
10 191
!!node 766!!
10 192
10 193
10 194
10 195
10 196
10 197
10 198
10 199
10 200
10 201
10 202
10 203
!!node 767!!
10 204
10 205
10 206
10 207
10 208
10 209
10 210
10 211
10 212
10 213
10 214
10 215
!!node 768!!
10 216
10 217
10 218
10 219
10 220
10 221
10 222
10 223
10 224
10 225
10 226
10 227
!!node 769!!
10 228
10 229
10 230
10 231
10 232
10 233
10 234
10 235
10 236
10 237
10 238
10 239
!!node 770!!
10 240
10 241
10 242
10 243
10 244
10 245
10 246
10 247
10 248
10 249
10 250
10 251
!!node 771!!
10 252
10 253
10 254
10 255
10 256
10 257
10 258
10 259
10 260
10 261
10 262
10 263
!!node 772!!
10 264
10 265
10 266
10 267
10 268
10 269
10 270
10 271
10 272
10 273
10 274
10 275
!!node 773!!
10 276
10 277
10 278
10 279
10 280
10 281
10 282
10 283
10 284
10 285
10 286
10 287
!!node 774!!
10 288
10 289
10 290
10 291
10 292
10 293
10 294
10 295
10 296
10 297
10 298
10 299
!!node 775!!
10 300
10 301
10 302
10 303
10 304
10 305
10 306
10 307
10 308
10 309
10 310
10 311
!!node 776!!
10 312
10 313
10 314
10 315
10 316
10 317
10 318
10 319
10 320
10 321
10 322
10 323
!!node 777!!
10 324
10 325
10 326
10 327
10 328
10 329
10 330
10 331
10 332
10 333
10 334
10 335
!!node 778!!
10 336
10 337
10 338
10 339
10 340
10 341
10 342
10 343
10 344
10 345
10 346
10 347
!!node 779!!
10 348
10 349
10 350
10 351
10 352
10 353
10 354
10 355
10 356
10 357
10 358
10 359
!!node 780!!
10 360
10 361
10 362
10 363
10 364
10 365
10 366
10 367
10 368
10 369
10 370
10 371
!!node 781!!
10 372
10 373
10 374
10 375
10 376
10 377
10 378
10 379
10 380
10 381
10 382
10 383
!!node 782!!
10 384
10 385
10 386
10 387
10 388
10 389
10 390
10 391
10 392
10 393
10 394
10 395
!!node 783!!
10 396
10 397
10 398
10 399
10 400
10 401
10 402
10 403
10 404
10 405
10 406
10 407
!!node 784!!
10 408
10 409
10 410
10 411
10 412
10 413
10 414
10 415
10 416
10 417
10 418
10 419
!!node 785!!
10 420
10 421
10 422
10 423
10 424
10 425
10 426
10 427
10 428
10 429
10 430
10 431
!!node 786!!
10 432
10 433
10 434
10 435
10 436
10 437
10 438
10 439
10 440
10 441
10 442
10 443
!!node 787!!
10 444
10 445
10 446
10 447
10 448
10 449
10 450
10 451
10 452
10 453
10 454
10 455
!!node 788!!
10 456
10 457
10 458
10 459
10 460
10 461
10 462
10 463
10 464
10 465
10 466
10 467
!!node 789!!
10 468
10 469
10 470
10 471
10 472
10 473
10 474
10 475
10 476
10 477
10 478
10 479
!!node 790!!
10 480
10 481
10 482
10 483
10 484
10 485
10 486
10 487
10 488
10 489
10 490
10 491
!!node 791!!
10 492
10 493
10 494
10 495
10 496
10 497
10 498
10 499
10 500
10 501
10 502
10 503
!!node 792!!
10 504
10 505
10 506
10 507
10 508
10 509
10 510
10 511
10 512
10 513
10 514
10 515
!!node 793!!
10 516
10 517
10 518
10 519
10 520
10 521
10 522
10 523
10 524
10 525
10 526
10 527
!!node 794!!
10 528
10 529
10 530
10 531
10 532
10 533
10 534
10 535
10 536
10 537
10 538
10 539
!!node 795!!
10 540
10 541
10 542
10 543
10 544
10 545
10 546
10 547
10 548
10 549
10 550
10 551
!!node 796!!
10 552
10 553
10 554
10 555
10 556
10 557
10 558
10 559
10 560
10 561
10 562
10 563
!!node 797!!
10 564
10 565
10 566
10 567
10 568
10 569
10 570
10 571
10 572
10 573
10 574
10 575
!!node 798!!
10 576
10 577
10 578
10 579
10 580
10 581
10 582
10 583
10 584
10 585
10 586
10 587
!!node 799!!
10 588
10 589
10 590
10 591
10 592
10 593
10 594
10 595
10 596
10 597
10 598
10 599
!!node 800!!
10 600
10 601
10 602
10 603
10 604
10 605
10 606
10 607
10 608
10 609
10 610
10 611
!!node 801!!
10 612
10 613
10 614
10 615
10 616
10 617
10 618
10 619
10 620
10 621
10 622
10 623
!!node 802!!
10 624
10 625
10 626
10 627
10 628
10 629
10 630
10 631
10 632
10 633
10 634
10 635
!!node 803!!
10 636
10 637
10 638
10 639
10 640
10 641
10 642
10 643
10 644
10 645
10 646
10 647
!!node 804!!
10 648
10 649
10 650
10 651
10 652
10 653
10 654
10 655
10 656
10 657
10 658
10 659
!!node 805!!
10 660
10 661
10 662
10 663
10 664
10 665
10 666
10 667
10 668
10 669
10 670
10 671
!!node 806!!
10 672
10 673
10 674
10 675
10 676
10 677
10 678
10 679
10 680
10 681
10 682
10 683
!!node 807!!
10 684
10 685
10 686
10 687
10 688
10 689
10 690
10 691
10 692
10 693
10 694
10 695
!!node 808!!
10 696
10 697
10 698
10 699
10 700
10 701
10 702
10 703
10 704
10 705
10 706
10 707
!!node 809!!
10 708
10 709
10 710
10 711
10 712
10 713
10 714
10 715
10 716
10 717
10 718
10 719
!!node 810!!
10 720
10 721
10 722
10 723
10 724
10 725
10 726
10 727
10 728
10 729
10 730
10 731
!!node 811!!
10 732
10 733
10 734
10 735
10 736
10 737
10 738
10 739
10 740
10 741
10 742
10 743
!!node 812!!
10 744
10 745
10 746
10 747
10 748
10 749
10 750
10 751
10 752
10 753
10 754
10 755
!!node 813!!
10 756
10 757
10 758
10 759
10 760
10 761
10 762
10 763
10 764
10 765
10 766
10 767
!!node 814!!
10 768
10 769
10 770
10 771
10 772
10 773
10 774
10 775
10 776
10 777
10 778
10 779
!!node 815!!
10 780
10 781
10 782
10 783
10 784
10 785
10 786
10 787
10 788
10 789
10 790
10 791
!!node 816!!
10 792
10 793
10 794
10 795
10 796
10 797
10 798
10 799
10 800
10 801
10 802
10 803
!!node 817!!
10 804
10 805
10 806
10 807
10 808
10 809
10 810
10 811
10 812
10 813
10 814
10 815
!!node 818!!
10 816
10 817
10 818
10 819
10 820
10 821
10 822
10 823
10 824
10 825
10 826
10 827
!!node 819!!
10 828
10 829
10 830
10 831
10 832
10 833
10 834
10 835
10 836
10 837
10 838
10 839
!!node 820!!
10 840
10 841
10 842
10 843
10 844
10 845
10 846
10 847
10 848
10 849
10 850
10 851
!!node 821!!
10 852
10 853
10 854
10 855
10 856
10 857
10 858
10 859
10 860
10 861
10 862
10 863
!!node 822!!
10 864
10 865
10 866
10 867
10 868
10 869
10 870
10 871
10 872
10 873
10 874
10 875
!!node 823!!
10 876
10 877
10 878
10 879
10 880
10 881
10 882
10 883
10 884
10 885
10 886
10 887
!!node 824!!
10 888
10 889
10 890
10 891
10 892
10 893
10 894
10 895
10 896
10 897
10 898
10 899
!!node 825!!
10 900
10 901
10 902
10 903
10 904
10 905
10 906
10 907
10 908
10 909
10 910
10 911
!!node 826!!
10 912
10 913
10 914
10 915
10 916
10 917
10 918
10 919
10 920
10 921
10 922
10 923
!!node 827!!
10 924
10 925
10 926
10 927
10 928
10 929
10 930
10 931
10 932
10 933
10 934
10 935
!!node 828!!
10 936
10 937
10 938
10 939
10 940
10 941
10 942
10 943
10 944
10 945
10 946
10 947
!!node 829!!
10 948
10 949
10 950
10 951
10 952
10 953
10 954
10 955
10 956
10 957
10 958
10 959
!!node 830!!
10 960
10 961
10 962
10 963
10 964
10 965
10 966
10 967
10 968
10 969
10 970
10 971
!!node 831!!
10 972
10 973
10 974
10 975
10 976
10 977
10 978
10 979
10 980
10 981
10 982
10 983
!!node 832!!
10 984
10 985
10 986
10 987
10 988
10 989
10 990
10 991
10 992
10 993
10 994
10 995
!!node 833!!
10 996
10 997
10 998
10 999
