!!node 0!!
7.5 2 0.6 0
7.5 2 0.6 1
7.5 2 0.6 2
7.5 2 0.6 3
7.5 2 0.6 4
7.5 2 0.6 5
7.5 2 0.6 6
7.5 2 0.6 7
7.5 2 0.6 8
7.5 2 0.6 9
7.5 2 0.6 10
7.5 2 0.6 11
7.5 2 0.6 12
7.5 2 0.6 13
7.5 2 0.6 14
7.5 2 0.6 15
7.5 2 0.6 16
7.5 2 0.6 17
7.5 2 0.6 18
7.5 2 0.6 19
7.5 2 0.6 20
7.5 2 0.6 21
7.5 2 0.6 22
7.5 2 0.6 23
7.5 2 0.6 24
7.5 2 0.6 25
7.5 2 0.6 26
7.5 2 0.6 27
7.5 2 0.6 28
7.5 2 0.6 29
7.5 2 0.6 30
7.5 2 0.6 31
7.5 2 0.6 32
7.5 2 0.6 33
7.5 2 0.6 34
7.5 2 0.6 35
7.5 2 0.6 36
7.5 2 0.6 37
7.5 2 0.6 38
7.5 2 0.6 39
7.5 2 0.6 40
7.5 2 0.6 41
7.5 2 0.6 42
7.5 2 0.6 43
7.5 2 0.6 44
7.5 2 0.6 45
7.5 2 0.6 46
7.5 2 0.6 47
7.5 2 0.6 48
7.5 2 0.6 49
7.5 2 0.6 50
7.5 2 0.6 51
7.5 2 0.6 52
7.5 2 0.6 53
7.5 2 0.6 54
7.5 2 0.6 55
7.5 2 0.6 56
7.5 2 0.6 57
7.5 2 0.6 58
7.5 2 0.6 59
7.5 2 0.6 60
7.5 2 0.6 61
7.5 2 0.6 62
7.5 2 0.6 63
7.5 2 0.6 64
7.5 2 0.6 65
7.5 2 0.6 66
7.5 2 0.6 67
7.5 2 0.6 68
7.5 2 0.6 69
7.5 2 0.6 70
7.5 2 0.6 71
7.5 2 0.6 72
7.5 2 0.6 73
7.5 2 0.6 74
7.5 2 0.6 75
7.5 2 0.6 76
7.5 2 0.6 77
7.5 2 0.6 78
7.5 2 0.6 79
7.5 2 0.6 80
7.5 2 0.6 81
7.5 2 0.6 82
7.5 2 0.6 83
7.5 2 0.6 84
7.5 2 0.6 85
7.5 2 0.6 86
7.5 2 0.6 87
7.5 2 0.6 88
7.5 2 0.6 89
7.5 2 0.6 90
7.5 2 0.6 91
7.5 2 0.6 92
7.5 2 0.6 93
7.5 2 0.6 94
7.5 2 0.6 95
7.5 2 0.6 96
7.5 2 0.6 97
7.5 2 0.6 98
7.5 2 0.6 99
7.5 2 0.6 100
7.5 2 0.6 101
7.5 2 0.6 102
7.5 2 0.6 103
7.5 2 0.6 104
7.5 2 0.6 105
7.5 2 0.6 106
7.5 2 0.6 107
7.5 2 0.6 108
7.5 2 0.6 109
7.5 2 0.6 110
7.5 2 0.6 111
7.5 2 0.6 112
7.5 2 0.6 113
7.5 2 0.6 114
7.5 2 0.6 115
7.5 2 0.6 116
7.5 2 0.6 117
7.5 2 0.6 118
7.5 2 0.6 119
7.5 2 0.6 120
7.5 2 0.6 121
7.5 2 0.6 122
7.5 2 0.6 123
7.5 2 0.6 124
7.5 2 0.6 125
7.5 2 0.6 126
7.5 2 0.6 127
7.5 2 0.6 128
7.5 2 0.6 129
7.5 2 0.6 130
7.5 2 0.6 131
7.5 2 0.6 132
7.5 2 0.6 133
7.5 2 0.6 134
7.5 2 0.6 135
7.5 2 0.6 136
7.5 2 0.6 137
7.5 2 0.6 138
7.5 2 0.6 139
7.5 2 0.6 140
7.5 2 0.6 141
7.5 2 0.6 142
7.5 2 0.6 143
7.5 2 0.6 144
7.5 2 0.6 145
7.5 2 0.6 146
7.5 2 0.6 147
7.5 2 0.6 148
7.5 2 0.6 149
7.5 2 0.6 150
7.5 2 0.6 151
7.5 2 0.6 152
7.5 2 0.6 153
7.5 2 0.6 154
7.5 2 0.6 155
7.5 2 0.6 156
7.5 2 0.6 157
7.5 2 0.6 158
7.5 2 0.6 159
7.5 2 0.6 160
7.5 2 0.6 161
7.5 2 0.6 162
7.5 2 0.6 163
7.5 2 0.6 164
7.5 2 0.6 165
7.5 2 0.6 166
7.5 2 0.6 167
7.5 2 0.6 168
7.5 2 0.6 169
7.5 2 0.6 170
7.5 2 0.6 171
7.5 2 0.6 172
7.5 2 0.6 173
7.5 2 0.6 174
7.5 2 0.6 175
7.5 2 0.6 176
7.5 2 0.6 177
7.5 2 0.6 178
7.5 2 0.6 179
7.5 2 0.6 180
7.5 2 0.6 181
7.5 2 0.6 182
7.5 2 0.6 183
7.5 2 0.6 184
7.5 2 0.6 185
7.5 2 0.6 186
7.5 2 0.6 187
7.5 2 0.6 188
7.5 2 0.6 189
7.5 2 0.6 190
7.5 2 0.6 191
7.5 2 0.6 192
7.5 2 0.6 193
7.5 2 0.6 194
7.5 2 0.6 195
7.5 2 0.6 196
7.5 2 0.6 197
7.5 2 0.6 198
7.5 2 0.6 199
7.5 2 0.6 200
7.5 2 0.6 201
7.5 2 0.6 202
7.5 2 0.6 203
7.5 2 0.6 204
7.5 2 0.6 205
7.5 2 0.6 206
7.5 2 0.6 207
7.5 2 0.6 208
7.5 2 0.6 209
7.5 2 0.6 210
7.5 2 0.6 211
7.5 2 0.6 212
7.5 2 0.6 213
7.5 2 0.6 214
7.5 2 0.6 215
7.5 2 0.6 216
7.5 2 0.6 217
7.5 2 0.6 218
7.5 2 0.6 219
7.5 2 0.6 220
7.5 2 0.6 221
7.5 2 0.6 222
7.5 2 0.6 223
7.5 2 0.6 224
7.5 2 0.6 225
7.5 2 0.6 226
7.5 2 0.6 227
7.5 2 0.6 228
7.5 2 0.6 229
7.5 2 0.6 230
7.5 2 0.6 231
7.5 2 0.6 232
7.5 2 0.6 233
7.5 2 0.6 234
7.5 2 0.6 235
7.5 2 0.6 236
7.5 2 0.6 237
7.5 2 0.6 238
7.5 2 0.6 239
7.5 2 0.6 240
7.5 2 0.6 241
7.5 2 0.6 242
7.5 2 0.6 243
7.5 2 0.6 244
7.5 2 0.6 245
7.5 2 0.6 246
7.5 2 0.6 247
7.5 2 0.6 248
7.5 2 0.6 249
7.5 2 0.6 250
7.5 2 0.6 251
7.5 2 0.6 252
7.5 2 0.6 253
7.5 2 0.6 254
7.5 2 0.6 255
7.5 2 0.6 256
7.5 2 0.6 257
7.5 2 0.6 258
7.5 2 0.6 259
7.5 2 0.6 260
7.5 2 0.6 261
7.5 2 0.6 262
7.5 2 0.6 263
7.5 2 0.6 264
7.5 2 0.6 265
7.5 2 0.6 266
7.5 2 0.6 267
7.5 2 0.6 268
7.5 2 0.6 269
7.5 2 0.6 270
7.5 2 0.6 271
7.5 2 0.6 272
7.5 2 0.6 273
7.5 2 0.6 274
7.5 2 0.6 275
7.5 2 0.6 276
7.5 2 0.6 277
7.5 2 0.6 278
7.5 2 0.6 279
7.5 2 0.6 280
7.5 2 0.6 281
7.5 2 0.6 282
7.5 2 0.6 283
7.5 2 0.6 284
7.5 2 0.6 285
7.5 2 0.6 286
7.5 2 0.6 287
7.5 2 0.6 288
7.5 2 0.6 289
7.5 2 0.6 290
7.5 2 0.6 291
7.5 2 0.6 292
7.5 2 0.6 293
7.5 2 0.6 294
7.5 2 0.6 295
7.5 2 0.6 296
7.5 2 0.6 297
7.5 2 0.6 298
7.5 2 0.6 299
7.5 2 0.6 300
7.5 2 0.6 301
7.5 2 0.6 302
7.5 2 0.6 303
7.5 2 0.6 304
7.5 2 0.6 305
7.5 2 0.6 306
7.5 2 0.6 307
7.5 2 0.6 308
7.5 2 0.6 309
7.5 2 0.6 310
7.5 2 0.6 311
7.5 2 0.6 312
7.5 2 0.6 313
7.5 2 0.6 314
7.5 2 0.6 315
7.5 2 0.6 316
7.5 2 0.6 317
7.5 2 0.6 318
7.5 2 0.6 319
7.5 2 0.6 320
7.5 2 0.6 321
7.5 2 0.6 322
7.5 2 0.6 323
7.5 2 0.6 324
7.5 2 0.6 325
7.5 2 0.6 326
7.5 2 0.6 327
7.5 2 0.6 328
7.5 2 0.6 329
7.5 2 0.6 330
7.5 2 0.6 331
7.5 2 0.6 332
7.5 2 0.6 333
7.5 2 0.6 334
7.5 2 0.6 335
7.5 2 0.6 336
7.5 2 0.6 337
7.5 2 0.6 338
7.5 2 0.6 339
7.5 2 0.6 340
7.5 2 0.6 341
7.5 2 0.6 342
7.5 2 0.6 343
7.5 2 0.6 344
7.5 2 0.6 345
7.5 2 0.6 346
7.5 2 0.6 347
7.5 2 0.6 348
7.5 2 0.6 349
7.5 2 0.6 350
7.5 2 0.6 351
7.5 2 0.6 352
7.5 2 0.6 353
7.5 2 0.6 354
7.5 2 0.6 355
7.5 2 0.6 356
7.5 2 0.6 357
7.5 2 0.6 358
7.5 2 0.6 359
7.5 2 0.6 360
7.5 2 0.6 361
7.5 2 0.6 362
7.5 2 0.6 363
7.5 2 0.6 364
7.5 2 0.6 365
7.5 2 0.6 366
7.5 2 0.6 367
7.5 2 0.6 368
7.5 2 0.6 369
7.5 2 0.6 370
7.5 2 0.6 371
7.5 2 0.6 372
7.5 2 0.6 373
7.5 2 0.6 374
7.5 2 0.6 375
7.5 2 0.6 376
7.5 2 0.6 377
7.5 2 0.6 378
7.5 2 0.6 379
7.5 2 0.6 380
7.5 2 0.6 381
7.5 2 0.6 382
7.5 2 0.6 383
7.5 2 0.6 384
7.5 2 0.6 385
7.5 2 0.6 386
7.5 2 0.6 387
7.5 2 0.6 388
7.5 2 0.6 389
7.5 2 0.6 390
7.5 2 0.6 391
7.5 2 0.6 392
7.5 2 0.6 393
7.5 2 0.6 394
7.5 2 0.6 395
7.5 2 0.6 396
7.5 2 0.6 397
7.5 2 0.6 398
7.5 2 0.6 399
8 2 0.6 0
8 2 0.6 1
8 2 0.6 2
8 2 0.6 3
8 2 0.6 4
8 2 0.6 5
8 2 0.6 6
8 2 0.6 7
8 2 0.6 8
8 2 0.6 9
8 2 0.6 10
8 2 0.6 11
8 2 0.6 12
8 2 0.6 13
8 2 0.6 14
8 2 0.6 15
8 2 0.6 16
8 2 0.6 17
8 2 0.6 18
8 2 0.6 19
8 2 0.6 20
8 2 0.6 21
8 2 0.6 22
8 2 0.6 23
8 2 0.6 24
8 2 0.6 25
8 2 0.6 26
8 2 0.6 27
8 2 0.6 28
8 2 0.6 29
8 2 0.6 30
8 2 0.6 31
8 2 0.6 32
8 2 0.6 33
8 2 0.6 34
8 2 0.6 35
8 2 0.6 36
8 2 0.6 37
8 2 0.6 38
8 2 0.6 39
8 2 0.6 40
8 2 0.6 41
8 2 0.6 42
8 2 0.6 43
8 2 0.6 44
8 2 0.6 45
8 2 0.6 46
8 2 0.6 47
8 2 0.6 48
8 2 0.6 49
8 2 0.6 50
8 2 0.6 51
8 2 0.6 52
8 2 0.6 53
8 2 0.6 54
8 2 0.6 55
8 2 0.6 56
8 2 0.6 57
8 2 0.6 58
8 2 0.6 59
8 2 0.6 60
8 2 0.6 61
8 2 0.6 62
8 2 0.6 63
8 2 0.6 64
8 2 0.6 65
8 2 0.6 66
8 2 0.6 67
8 2 0.6 68
8 2 0.6 69
8 2 0.6 70
8 2 0.6 71
8 2 0.6 72
8 2 0.6 73
8 2 0.6 74
8 2 0.6 75
8 2 0.6 76
8 2 0.6 77
8 2 0.6 78
8 2 0.6 79
8 2 0.6 80
8 2 0.6 81
8 2 0.6 82
8 2 0.6 83
8 2 0.6 84
8 2 0.6 85
8 2 0.6 86
8 2 0.6 87
8 2 0.6 88
8 2 0.6 89
8 2 0.6 90
8 2 0.6 91
8 2 0.6 92
8 2 0.6 93
8 2 0.6 94
8 2 0.6 95
8 2 0.6 96
8 2 0.6 97
8 2 0.6 98
8 2 0.6 99
8 2 0.6 100
8 2 0.6 101
8 2 0.6 102
8 2 0.6 103
8 2 0.6 104
8 2 0.6 105
8 2 0.6 106
8 2 0.6 107
8 2 0.6 108
8 2 0.6 109
8 2 0.6 110
8 2 0.6 111
8 2 0.6 112
8 2 0.6 113
8 2 0.6 114
8 2 0.6 115
8 2 0.6 116
8 2 0.6 117
8 2 0.6 118
8 2 0.6 119
8 2 0.6 120
8 2 0.6 121
8 2 0.6 122
8 2 0.6 123
8 2 0.6 124
8 2 0.6 125
8 2 0.6 126
8 2 0.6 127
8 2 0.6 128
8 2 0.6 129
8 2 0.6 130
8 2 0.6 131
8 2 0.6 132
8 2 0.6 133
8 2 0.6 134
8 2 0.6 135
8 2 0.6 136
8 2 0.6 137
8 2 0.6 138
8 2 0.6 139
8 2 0.6 140
8 2 0.6 141
8 2 0.6 142
8 2 0.6 143
8 2 0.6 144
8 2 0.6 145
8 2 0.6 146
8 2 0.6 147
8 2 0.6 148
8 2 0.6 149
8 2 0.6 150
8 2 0.6 151
8 2 0.6 152
8 2 0.6 153
8 2 0.6 154
8 2 0.6 155
8 2 0.6 156
8 2 0.6 157
8 2 0.6 158
8 2 0.6 159
8 2 0.6 160
8 2 0.6 161
8 2 0.6 162
8 2 0.6 163
8 2 0.6 164
8 2 0.6 165
8 2 0.6 166
8 2 0.6 167
8 2 0.6 168
8 2 0.6 169
8 2 0.6 170
8 2 0.6 171
8 2 0.6 172
8 2 0.6 173
8 2 0.6 174
8 2 0.6 175
8 2 0.6 176
8 2 0.6 177
8 2 0.6 178
8 2 0.6 179
8 2 0.6 180
8 2 0.6 181
8 2 0.6 182
8 2 0.6 183
8 2 0.6 184
8 2 0.6 185
8 2 0.6 186
8 2 0.6 187
8 2 0.6 188
8 2 0.6 189
8 2 0.6 190
8 2 0.6 191
8 2 0.6 192
8 2 0.6 193
8 2 0.6 194
8 2 0.6 195
8 2 0.6 196
8 2 0.6 197
8 2 0.6 198
8 2 0.6 199
8 2 0.6 200
8 2 0.6 201
8 2 0.6 202
8 2 0.6 203
8 2 0.6 204
8 2 0.6 205
8 2 0.6 206
8 2 0.6 207
8 2 0.6 208
8 2 0.6 209
8 2 0.6 210
8 2 0.6 211
8 2 0.6 212
8 2 0.6 213
8 2 0.6 214
8 2 0.6 215
8 2 0.6 216
8 2 0.6 217
8 2 0.6 218
8 2 0.6 219
8 2 0.6 220
8 2 0.6 221
8 2 0.6 222
8 2 0.6 223
8 2 0.6 224
8 2 0.6 225
8 2 0.6 226
8 2 0.6 227
8 2 0.6 228
8 2 0.6 229
8 2 0.6 230
8 2 0.6 231
8 2 0.6 232
8 2 0.6 233
8 2 0.6 234
8 2 0.6 235
8 2 0.6 236
8 2 0.6 237
8 2 0.6 238
8 2 0.6 239
8 2 0.6 240
8 2 0.6 241
8 2 0.6 242
8 2 0.6 243
8 2 0.6 244
8 2 0.6 245
8 2 0.6 246
8 2 0.6 247
8 2 0.6 248
8 2 0.6 249
8 2 0.6 250
8 2 0.6 251
8 2 0.6 252
8 2 0.6 253
8 2 0.6 254
8 2 0.6 255
8 2 0.6 256
8 2 0.6 257
8 2 0.6 258
8 2 0.6 259
8 2 0.6 260
8 2 0.6 261
8 2 0.6 262
8 2 0.6 263
8 2 0.6 264
8 2 0.6 265
8 2 0.6 266
8 2 0.6 267
8 2 0.6 268
8 2 0.6 269
8 2 0.6 270
8 2 0.6 271
8 2 0.6 272
8 2 0.6 273
8 2 0.6 274
8 2 0.6 275
8 2 0.6 276
8 2 0.6 277
8 2 0.6 278
8 2 0.6 279
8 2 0.6 280
8 2 0.6 281
8 2 0.6 282
8 2 0.6 283
8 2 0.6 284
8 2 0.6 285
8 2 0.6 286
8 2 0.6 287
8 2 0.6 288
8 2 0.6 289
8 2 0.6 290
8 2 0.6 291
8 2 0.6 292
8 2 0.6 293
8 2 0.6 294
8 2 0.6 295
8 2 0.6 296
8 2 0.6 297
8 2 0.6 298
8 2 0.6 299
8 2 0.6 300
8 2 0.6 301
8 2 0.6 302
8 2 0.6 303
8 2 0.6 304
8 2 0.6 305
8 2 0.6 306
8 2 0.6 307
8 2 0.6 308
8 2 0.6 309
8 2 0.6 310
8 2 0.6 311
8 2 0.6 312
8 2 0.6 313
8 2 0.6 314
8 2 0.6 315
8 2 0.6 316
8 2 0.6 317
8 2 0.6 318
8 2 0.6 319
8 2 0.6 320
8 2 0.6 321
8 2 0.6 322
8 2 0.6 323
8 2 0.6 324
8 2 0.6 325
8 2 0.6 326
8 2 0.6 327
8 2 0.6 328
8 2 0.6 329
8 2 0.6 330
8 2 0.6 331
8 2 0.6 332
8 2 0.6 333
8 2 0.6 334
8 2 0.6 335
8 2 0.6 336
8 2 0.6 337
8 2 0.6 338
8 2 0.6 339
8 2 0.6 340
8 2 0.6 341
8 2 0.6 342
8 2 0.6 343
8 2 0.6 344
8 2 0.6 345
8 2 0.6 346
8 2 0.6 347
8 2 0.6 348
8 2 0.6 349
8 2 0.6 350
8 2 0.6 351
8 2 0.6 352
8 2 0.6 353
8 2 0.6 354
8 2 0.6 355
8 2 0.6 356
8 2 0.6 357
8 2 0.6 358
8 2 0.6 359
8 2 0.6 360
8 2 0.6 361
8 2 0.6 362
8 2 0.6 363
8 2 0.6 364
8 2 0.6 365
8 2 0.6 366
8 2 0.6 367
8 2 0.6 368
8 2 0.6 369
8 2 0.6 370
8 2 0.6 371
8 2 0.6 372
8 2 0.6 373
8 2 0.6 374
8 2 0.6 375
8 2 0.6 376
8 2 0.6 377
8 2 0.6 378
8 2 0.6 379
8 2 0.6 380
8 2 0.6 381
8 2 0.6 382
8 2 0.6 383
8 2 0.6 384
8 2 0.6 385
8 2 0.6 386
8 2 0.6 387
8 2 0.6 388
8 2 0.6 389
8 2 0.6 390
8 2 0.6 391
8 2 0.6 392
8 2 0.6 393
8 2 0.6 394
8 2 0.6 395
8 2 0.6 396
8 2 0.6 397
8 2 0.6 398
8 2 0.6 399
!!node 1!!
8.5 2 0.6 0
8.5 2 0.6 1
8.5 2 0.6 2
8.5 2 0.6 3
8.5 2 0.6 4
8.5 2 0.6 5
8.5 2 0.6 6
8.5 2 0.6 7
8.5 2 0.6 8
8.5 2 0.6 9
8.5 2 0.6 10
8.5 2 0.6 11
8.5 2 0.6 12
8.5 2 0.6 13
8.5 2 0.6 14
8.5 2 0.6 15
8.5 2 0.6 16
8.5 2 0.6 17
8.5 2 0.6 18
8.5 2 0.6 19
8.5 2 0.6 20
8.5 2 0.6 21
8.5 2 0.6 22
8.5 2 0.6 23
8.5 2 0.6 24
8.5 2 0.6 25
8.5 2 0.6 26
8.5 2 0.6 27
8.5 2 0.6 28
8.5 2 0.6 29
8.5 2 0.6 30
8.5 2 0.6 31
8.5 2 0.6 32
8.5 2 0.6 33
8.5 2 0.6 34
8.5 2 0.6 35
8.5 2 0.6 36
8.5 2 0.6 37
8.5 2 0.6 38
8.5 2 0.6 39
8.5 2 0.6 40
8.5 2 0.6 41
8.5 2 0.6 42
8.5 2 0.6 43
8.5 2 0.6 44
8.5 2 0.6 45
8.5 2 0.6 46
8.5 2 0.6 47
8.5 2 0.6 48
8.5 2 0.6 49
8.5 2 0.6 50
8.5 2 0.6 51
8.5 2 0.6 52
8.5 2 0.6 53
8.5 2 0.6 54
8.5 2 0.6 55
8.5 2 0.6 56
8.5 2 0.6 57
8.5 2 0.6 58
8.5 2 0.6 59
8.5 2 0.6 60
8.5 2 0.6 61
8.5 2 0.6 62
8.5 2 0.6 63
8.5 2 0.6 64
8.5 2 0.6 65
8.5 2 0.6 66
8.5 2 0.6 67
8.5 2 0.6 68
8.5 2 0.6 69
8.5 2 0.6 70
8.5 2 0.6 71
8.5 2 0.6 72
8.5 2 0.6 73
8.5 2 0.6 74
8.5 2 0.6 75
8.5 2 0.6 76
8.5 2 0.6 77
8.5 2 0.6 78
8.5 2 0.6 79
8.5 2 0.6 80
8.5 2 0.6 81
8.5 2 0.6 82
8.5 2 0.6 83
8.5 2 0.6 84
8.5 2 0.6 85
8.5 2 0.6 86
8.5 2 0.6 87
8.5 2 0.6 88
8.5 2 0.6 89
8.5 2 0.6 90
8.5 2 0.6 91
8.5 2 0.6 92
8.5 2 0.6 93
8.5 2 0.6 94
8.5 2 0.6 95
8.5 2 0.6 96
8.5 2 0.6 97
8.5 2 0.6 98
8.5 2 0.6 99
8.5 2 0.6 100
8.5 2 0.6 101
8.5 2 0.6 102
8.5 2 0.6 103
8.5 2 0.6 104
8.5 2 0.6 105
8.5 2 0.6 106
8.5 2 0.6 107
8.5 2 0.6 108
8.5 2 0.6 109
8.5 2 0.6 110
8.5 2 0.6 111
8.5 2 0.6 112
8.5 2 0.6 113
8.5 2 0.6 114
8.5 2 0.6 115
8.5 2 0.6 116
8.5 2 0.6 117
8.5 2 0.6 118
8.5 2 0.6 119
8.5 2 0.6 120
8.5 2 0.6 121
8.5 2 0.6 122
8.5 2 0.6 123
8.5 2 0.6 124
8.5 2 0.6 125
8.5 2 0.6 126
8.5 2 0.6 127
8.5 2 0.6 128
8.5 2 0.6 129
8.5 2 0.6 130
8.5 2 0.6 131
8.5 2 0.6 132
8.5 2 0.6 133
8.5 2 0.6 134
8.5 2 0.6 135
8.5 2 0.6 136
8.5 2 0.6 137
8.5 2 0.6 138
8.5 2 0.6 139
8.5 2 0.6 140
8.5 2 0.6 141
8.5 2 0.6 142
8.5 2 0.6 143
8.5 2 0.6 144
8.5 2 0.6 145
8.5 2 0.6 146
8.5 2 0.6 147
8.5 2 0.6 148
8.5 2 0.6 149
8.5 2 0.6 150
8.5 2 0.6 151
8.5 2 0.6 152
8.5 2 0.6 153
8.5 2 0.6 154
8.5 2 0.6 155
8.5 2 0.6 156
8.5 2 0.6 157
8.5 2 0.6 158
8.5 2 0.6 159
8.5 2 0.6 160
8.5 2 0.6 161
8.5 2 0.6 162
8.5 2 0.6 163
8.5 2 0.6 164
8.5 2 0.6 165
8.5 2 0.6 166
8.5 2 0.6 167
8.5 2 0.6 168
8.5 2 0.6 169
8.5 2 0.6 170
8.5 2 0.6 171
8.5 2 0.6 172
8.5 2 0.6 173
8.5 2 0.6 174
8.5 2 0.6 175
8.5 2 0.6 176
8.5 2 0.6 177
8.5 2 0.6 178
8.5 2 0.6 179
8.5 2 0.6 180
8.5 2 0.6 181
8.5 2 0.6 182
8.5 2 0.6 183
8.5 2 0.6 184
8.5 2 0.6 185
8.5 2 0.6 186
8.5 2 0.6 187
8.5 2 0.6 188
8.5 2 0.6 189
8.5 2 0.6 190
8.5 2 0.6 191
8.5 2 0.6 192
8.5 2 0.6 193
8.5 2 0.6 194
8.5 2 0.6 195
8.5 2 0.6 196
8.5 2 0.6 197
8.5 2 0.6 198
8.5 2 0.6 199
8.5 2 0.6 200
8.5 2 0.6 201
8.5 2 0.6 202
8.5 2 0.6 203
8.5 2 0.6 204
8.5 2 0.6 205
8.5 2 0.6 206
8.5 2 0.6 207
8.5 2 0.6 208
8.5 2 0.6 209
8.5 2 0.6 210
8.5 2 0.6 211
8.5 2 0.6 212
8.5 2 0.6 213
8.5 2 0.6 214
8.5 2 0.6 215
8.5 2 0.6 216
8.5 2 0.6 217
8.5 2 0.6 218
8.5 2 0.6 219
8.5 2 0.6 220
8.5 2 0.6 221
8.5 2 0.6 222
8.5 2 0.6 223
8.5 2 0.6 224
8.5 2 0.6 225
8.5 2 0.6 226
8.5 2 0.6 227
8.5 2 0.6 228
8.5 2 0.6 229
8.5 2 0.6 230
8.5 2 0.6 231
8.5 2 0.6 232
8.5 2 0.6 233
8.5 2 0.6 234
8.5 2 0.6 235
8.5 2 0.6 236
8.5 2 0.6 237
8.5 2 0.6 238
8.5 2 0.6 239
8.5 2 0.6 240
8.5 2 0.6 241
8.5 2 0.6 242
8.5 2 0.6 243
8.5 2 0.6 244
8.5 2 0.6 245
8.5 2 0.6 246
8.5 2 0.6 247
8.5 2 0.6 248
8.5 2 0.6 249
8.5 2 0.6 250
8.5 2 0.6 251
8.5 2 0.6 252
8.5 2 0.6 253
8.5 2 0.6 254
8.5 2 0.6 255
8.5 2 0.6 256
8.5 2 0.6 257
8.5 2 0.6 258
8.5 2 0.6 259
8.5 2 0.6 260
8.5 2 0.6 261
8.5 2 0.6 262
8.5 2 0.6 263
8.5 2 0.6 264
8.5 2 0.6 265
8.5 2 0.6 266
8.5 2 0.6 267
8.5 2 0.6 268
8.5 2 0.6 269
8.5 2 0.6 270
8.5 2 0.6 271
8.5 2 0.6 272
8.5 2 0.6 273
8.5 2 0.6 274
8.5 2 0.6 275
8.5 2 0.6 276
8.5 2 0.6 277
8.5 2 0.6 278
8.5 2 0.6 279
8.5 2 0.6 280
8.5 2 0.6 281
8.5 2 0.6 282
8.5 2 0.6 283
8.5 2 0.6 284
8.5 2 0.6 285
8.5 2 0.6 286
8.5 2 0.6 287
8.5 2 0.6 288
8.5 2 0.6 289
8.5 2 0.6 290
8.5 2 0.6 291
8.5 2 0.6 292
8.5 2 0.6 293
8.5 2 0.6 294
8.5 2 0.6 295
8.5 2 0.6 296
8.5 2 0.6 297
8.5 2 0.6 298
8.5 2 0.6 299
8.5 2 0.6 300
8.5 2 0.6 301
8.5 2 0.6 302
8.5 2 0.6 303
8.5 2 0.6 304
8.5 2 0.6 305
8.5 2 0.6 306
8.5 2 0.6 307
8.5 2 0.6 308
8.5 2 0.6 309
8.5 2 0.6 310
8.5 2 0.6 311
8.5 2 0.6 312
8.5 2 0.6 313
8.5 2 0.6 314
8.5 2 0.6 315
8.5 2 0.6 316
8.5 2 0.6 317
8.5 2 0.6 318
8.5 2 0.6 319
8.5 2 0.6 320
8.5 2 0.6 321
8.5 2 0.6 322
8.5 2 0.6 323
8.5 2 0.6 324
8.5 2 0.6 325
8.5 2 0.6 326
8.5 2 0.6 327
8.5 2 0.6 328
8.5 2 0.6 329
8.5 2 0.6 330
8.5 2 0.6 331
8.5 2 0.6 332
8.5 2 0.6 333
8.5 2 0.6 334
8.5 2 0.6 335
8.5 2 0.6 336
8.5 2 0.6 337
8.5 2 0.6 338
8.5 2 0.6 339
8.5 2 0.6 340
8.5 2 0.6 341
8.5 2 0.6 342
8.5 2 0.6 343
8.5 2 0.6 344
8.5 2 0.6 345
8.5 2 0.6 346
8.5 2 0.6 347
8.5 2 0.6 348
8.5 2 0.6 349
8.5 2 0.6 350
8.5 2 0.6 351
8.5 2 0.6 352
8.5 2 0.6 353
8.5 2 0.6 354
8.5 2 0.6 355
8.5 2 0.6 356
8.5 2 0.6 357
8.5 2 0.6 358
8.5 2 0.6 359
8.5 2 0.6 360
8.5 2 0.6 361
8.5 2 0.6 362
8.5 2 0.6 363
8.5 2 0.6 364
8.5 2 0.6 365
8.5 2 0.6 366
8.5 2 0.6 367
8.5 2 0.6 368
8.5 2 0.6 369
8.5 2 0.6 370
8.5 2 0.6 371
8.5 2 0.6 372
8.5 2 0.6 373
8.5 2 0.6 374
8.5 2 0.6 375
8.5 2 0.6 376
8.5 2 0.6 377
8.5 2 0.6 378
8.5 2 0.6 379
8.5 2 0.6 380
8.5 2 0.6 381
8.5 2 0.6 382
8.5 2 0.6 383
8.5 2 0.6 384
8.5 2 0.6 385
8.5 2 0.6 386
8.5 2 0.6 387
8.5 2 0.6 388
8.5 2 0.6 389
8.5 2 0.6 390
8.5 2 0.6 391
8.5 2 0.6 392
8.5 2 0.6 393
8.5 2 0.6 394
8.5 2 0.6 395
8.5 2 0.6 396
8.5 2 0.6 397
8.5 2 0.6 398
8.5 2 0.6 399
9 2 0.6 0
9 2 0.6 1
9 2 0.6 2
9 2 0.6 3
9 2 0.6 4
9 2 0.6 5
9 2 0.6 6
9 2 0.6 7
9 2 0.6 8
9 2 0.6 9
9 2 0.6 10
9 2 0.6 11
9 2 0.6 12
9 2 0.6 13
9 2 0.6 14
9 2 0.6 15
9 2 0.6 16
9 2 0.6 17
9 2 0.6 18
9 2 0.6 19
9 2 0.6 20
9 2 0.6 21
9 2 0.6 22
9 2 0.6 23
9 2 0.6 24
9 2 0.6 25
9 2 0.6 26
9 2 0.6 27
9 2 0.6 28
9 2 0.6 29
9 2 0.6 30
9 2 0.6 31
9 2 0.6 32
9 2 0.6 33
9 2 0.6 34
9 2 0.6 35
9 2 0.6 36
9 2 0.6 37
9 2 0.6 38
9 2 0.6 39
9 2 0.6 40
9 2 0.6 41
9 2 0.6 42
9 2 0.6 43
9 2 0.6 44
9 2 0.6 45
9 2 0.6 46
9 2 0.6 47
9 2 0.6 48
9 2 0.6 49
9 2 0.6 50
9 2 0.6 51
9 2 0.6 52
9 2 0.6 53
9 2 0.6 54
9 2 0.6 55
9 2 0.6 56
9 2 0.6 57
9 2 0.6 58
9 2 0.6 59
9 2 0.6 60
9 2 0.6 61
9 2 0.6 62
9 2 0.6 63
9 2 0.6 64
9 2 0.6 65
9 2 0.6 66
9 2 0.6 67
9 2 0.6 68
9 2 0.6 69
9 2 0.6 70
9 2 0.6 71
9 2 0.6 72
9 2 0.6 73
9 2 0.6 74
9 2 0.6 75
9 2 0.6 76
9 2 0.6 77
9 2 0.6 78
9 2 0.6 79
9 2 0.6 80
9 2 0.6 81
9 2 0.6 82
9 2 0.6 83
9 2 0.6 84
9 2 0.6 85
9 2 0.6 86
9 2 0.6 87
9 2 0.6 88
9 2 0.6 89
9 2 0.6 90
9 2 0.6 91
9 2 0.6 92
9 2 0.6 93
9 2 0.6 94
9 2 0.6 95
9 2 0.6 96
9 2 0.6 97
9 2 0.6 98
9 2 0.6 99
9 2 0.6 100
9 2 0.6 101
9 2 0.6 102
9 2 0.6 103
9 2 0.6 104
9 2 0.6 105
9 2 0.6 106
9 2 0.6 107
9 2 0.6 108
9 2 0.6 109
9 2 0.6 110
9 2 0.6 111
9 2 0.6 112
9 2 0.6 113
9 2 0.6 114
9 2 0.6 115
9 2 0.6 116
9 2 0.6 117
9 2 0.6 118
9 2 0.6 119
9 2 0.6 120
9 2 0.6 121
9 2 0.6 122
9 2 0.6 123
9 2 0.6 124
9 2 0.6 125
9 2 0.6 126
9 2 0.6 127
9 2 0.6 128
9 2 0.6 129
9 2 0.6 130
9 2 0.6 131
9 2 0.6 132
9 2 0.6 133
9 2 0.6 134
9 2 0.6 135
9 2 0.6 136
9 2 0.6 137
9 2 0.6 138
9 2 0.6 139
9 2 0.6 140
9 2 0.6 141
9 2 0.6 142
9 2 0.6 143
9 2 0.6 144
9 2 0.6 145
9 2 0.6 146
9 2 0.6 147
9 2 0.6 148
9 2 0.6 149
9 2 0.6 150
9 2 0.6 151
9 2 0.6 152
9 2 0.6 153
9 2 0.6 154
9 2 0.6 155
9 2 0.6 156
9 2 0.6 157
9 2 0.6 158
9 2 0.6 159
9 2 0.6 160
9 2 0.6 161
9 2 0.6 162
9 2 0.6 163
9 2 0.6 164
9 2 0.6 165
9 2 0.6 166
9 2 0.6 167
9 2 0.6 168
9 2 0.6 169
9 2 0.6 170
9 2 0.6 171
9 2 0.6 172
9 2 0.6 173
9 2 0.6 174
9 2 0.6 175
9 2 0.6 176
9 2 0.6 177
9 2 0.6 178
9 2 0.6 179
9 2 0.6 180
9 2 0.6 181
9 2 0.6 182
9 2 0.6 183
9 2 0.6 184
9 2 0.6 185
9 2 0.6 186
9 2 0.6 187
9 2 0.6 188
9 2 0.6 189
9 2 0.6 190
9 2 0.6 191
9 2 0.6 192
9 2 0.6 193
9 2 0.6 194
9 2 0.6 195
9 2 0.6 196
9 2 0.6 197
9 2 0.6 198
9 2 0.6 199
9 2 0.6 200
9 2 0.6 201
9 2 0.6 202
9 2 0.6 203
9 2 0.6 204
9 2 0.6 205
9 2 0.6 206
9 2 0.6 207
9 2 0.6 208
9 2 0.6 209
9 2 0.6 210
9 2 0.6 211
9 2 0.6 212
9 2 0.6 213
9 2 0.6 214
9 2 0.6 215
9 2 0.6 216
9 2 0.6 217
9 2 0.6 218
9 2 0.6 219
9 2 0.6 220
9 2 0.6 221
9 2 0.6 222
9 2 0.6 223
9 2 0.6 224
9 2 0.6 225
9 2 0.6 226
9 2 0.6 227
9 2 0.6 228
9 2 0.6 229
9 2 0.6 230
9 2 0.6 231
9 2 0.6 232
9 2 0.6 233
9 2 0.6 234
9 2 0.6 235
9 2 0.6 236
9 2 0.6 237
9 2 0.6 238
9 2 0.6 239
9 2 0.6 240
9 2 0.6 241
9 2 0.6 242
9 2 0.6 243
9 2 0.6 244
9 2 0.6 245
9 2 0.6 246
9 2 0.6 247
9 2 0.6 248
9 2 0.6 249
9 2 0.6 250
9 2 0.6 251
9 2 0.6 252
9 2 0.6 253
9 2 0.6 254
9 2 0.6 255
9 2 0.6 256
9 2 0.6 257
9 2 0.6 258
9 2 0.6 259
9 2 0.6 260
9 2 0.6 261
9 2 0.6 262
9 2 0.6 263
9 2 0.6 264
9 2 0.6 265
9 2 0.6 266
9 2 0.6 267
9 2 0.6 268
9 2 0.6 269
9 2 0.6 270
9 2 0.6 271
9 2 0.6 272
9 2 0.6 273
9 2 0.6 274
9 2 0.6 275
9 2 0.6 276
9 2 0.6 277
9 2 0.6 278
9 2 0.6 279
9 2 0.6 280
9 2 0.6 281
9 2 0.6 282
9 2 0.6 283
9 2 0.6 284
9 2 0.6 285
9 2 0.6 286
9 2 0.6 287
9 2 0.6 288
9 2 0.6 289
9 2 0.6 290
9 2 0.6 291
9 2 0.6 292
9 2 0.6 293
9 2 0.6 294
9 2 0.6 295
9 2 0.6 296
9 2 0.6 297
9 2 0.6 298
9 2 0.6 299
9 2 0.6 300
9 2 0.6 301
9 2 0.6 302
9 2 0.6 303
9 2 0.6 304
9 2 0.6 305
9 2 0.6 306
9 2 0.6 307
9 2 0.6 308
9 2 0.6 309
9 2 0.6 310
9 2 0.6 311
9 2 0.6 312
9 2 0.6 313
9 2 0.6 314
9 2 0.6 315
9 2 0.6 316
9 2 0.6 317
9 2 0.6 318
9 2 0.6 319
9 2 0.6 320
9 2 0.6 321
9 2 0.6 322
9 2 0.6 323
9 2 0.6 324
9 2 0.6 325
9 2 0.6 326
9 2 0.6 327
9 2 0.6 328
9 2 0.6 329
9 2 0.6 330
9 2 0.6 331
9 2 0.6 332
9 2 0.6 333
9 2 0.6 334
9 2 0.6 335
9 2 0.6 336
9 2 0.6 337
9 2 0.6 338
9 2 0.6 339
9 2 0.6 340
9 2 0.6 341
9 2 0.6 342
9 2 0.6 343
9 2 0.6 344
9 2 0.6 345
9 2 0.6 346
9 2 0.6 347
9 2 0.6 348
9 2 0.6 349
9 2 0.6 350
9 2 0.6 351
9 2 0.6 352
9 2 0.6 353
9 2 0.6 354
9 2 0.6 355
9 2 0.6 356
9 2 0.6 357
9 2 0.6 358
9 2 0.6 359
9 2 0.6 360
9 2 0.6 361
9 2 0.6 362
9 2 0.6 363
9 2 0.6 364
9 2 0.6 365
9 2 0.6 366
9 2 0.6 367
9 2 0.6 368
9 2 0.6 369
9 2 0.6 370
9 2 0.6 371
9 2 0.6 372
9 2 0.6 373
9 2 0.6 374
9 2 0.6 375
9 2 0.6 376
9 2 0.6 377
9 2 0.6 378
9 2 0.6 379
9 2 0.6 380
9 2 0.6 381
9 2 0.6 382
9 2 0.6 383
9 2 0.6 384
9 2 0.6 385
9 2 0.6 386
9 2 0.6 387
9 2 0.6 388
9 2 0.6 389
9 2 0.6 390
9 2 0.6 391
9 2 0.6 392
9 2 0.6 393
9 2 0.6 394
9 2 0.6 395
9 2 0.6 396
9 2 0.6 397
9 2 0.6 398
9 2 0.6 399
!!node 2!!
9.5 2 0.6 0
9.5 2 0.6 1
9.5 2 0.6 2
9.5 2 0.6 3
9.5 2 0.6 4
9.5 2 0.6 5
9.5 2 0.6 6
9.5 2 0.6 7
9.5 2 0.6 8
9.5 2 0.6 9
9.5 2 0.6 10
9.5 2 0.6 11
9.5 2 0.6 12
9.5 2 0.6 13
9.5 2 0.6 14
9.5 2 0.6 15
9.5 2 0.6 16
9.5 2 0.6 17
9.5 2 0.6 18
9.5 2 0.6 19
9.5 2 0.6 20
9.5 2 0.6 21
9.5 2 0.6 22
9.5 2 0.6 23
9.5 2 0.6 24
9.5 2 0.6 25
9.5 2 0.6 26
9.5 2 0.6 27
9.5 2 0.6 28
9.5 2 0.6 29
9.5 2 0.6 30
9.5 2 0.6 31
9.5 2 0.6 32
9.5 2 0.6 33
9.5 2 0.6 34
9.5 2 0.6 35
9.5 2 0.6 36
9.5 2 0.6 37
9.5 2 0.6 38
9.5 2 0.6 39
9.5 2 0.6 40
9.5 2 0.6 41
9.5 2 0.6 42
9.5 2 0.6 43
9.5 2 0.6 44
9.5 2 0.6 45
9.5 2 0.6 46
9.5 2 0.6 47
9.5 2 0.6 48
9.5 2 0.6 49
9.5 2 0.6 50
9.5 2 0.6 51
9.5 2 0.6 52
9.5 2 0.6 53
9.5 2 0.6 54
9.5 2 0.6 55
9.5 2 0.6 56
9.5 2 0.6 57
9.5 2 0.6 58
9.5 2 0.6 59
9.5 2 0.6 60
9.5 2 0.6 61
9.5 2 0.6 62
9.5 2 0.6 63
9.5 2 0.6 64
9.5 2 0.6 65
9.5 2 0.6 66
9.5 2 0.6 67
9.5 2 0.6 68
9.5 2 0.6 69
9.5 2 0.6 70
9.5 2 0.6 71
9.5 2 0.6 72
9.5 2 0.6 73
9.5 2 0.6 74
9.5 2 0.6 75
9.5 2 0.6 76
9.5 2 0.6 77
9.5 2 0.6 78
9.5 2 0.6 79
9.5 2 0.6 80
9.5 2 0.6 81
9.5 2 0.6 82
9.5 2 0.6 83
9.5 2 0.6 84
9.5 2 0.6 85
9.5 2 0.6 86
9.5 2 0.6 87
9.5 2 0.6 88
9.5 2 0.6 89
9.5 2 0.6 90
9.5 2 0.6 91
9.5 2 0.6 92
9.5 2 0.6 93
9.5 2 0.6 94
9.5 2 0.6 95
9.5 2 0.6 96
9.5 2 0.6 97
9.5 2 0.6 98
9.5 2 0.6 99
9.5 2 0.6 100
9.5 2 0.6 101
9.5 2 0.6 102
9.5 2 0.6 103
9.5 2 0.6 104
9.5 2 0.6 105
9.5 2 0.6 106
9.5 2 0.6 107
9.5 2 0.6 108
9.5 2 0.6 109
9.5 2 0.6 110
9.5 2 0.6 111
9.5 2 0.6 112
9.5 2 0.6 113
9.5 2 0.6 114
9.5 2 0.6 115
9.5 2 0.6 116
9.5 2 0.6 117
9.5 2 0.6 118
9.5 2 0.6 119
9.5 2 0.6 120
9.5 2 0.6 121
9.5 2 0.6 122
9.5 2 0.6 123
9.5 2 0.6 124
9.5 2 0.6 125
9.5 2 0.6 126
9.5 2 0.6 127
9.5 2 0.6 128
9.5 2 0.6 129
9.5 2 0.6 130
9.5 2 0.6 131
9.5 2 0.6 132
9.5 2 0.6 133
9.5 2 0.6 134
9.5 2 0.6 135
9.5 2 0.6 136
9.5 2 0.6 137
9.5 2 0.6 138
9.5 2 0.6 139
9.5 2 0.6 140
9.5 2 0.6 141
9.5 2 0.6 142
9.5 2 0.6 143
9.5 2 0.6 144
9.5 2 0.6 145
9.5 2 0.6 146
9.5 2 0.6 147
9.5 2 0.6 148
9.5 2 0.6 149
9.5 2 0.6 150
9.5 2 0.6 151
9.5 2 0.6 152
9.5 2 0.6 153
9.5 2 0.6 154
9.5 2 0.6 155
9.5 2 0.6 156
9.5 2 0.6 157
9.5 2 0.6 158
9.5 2 0.6 159
9.5 2 0.6 160
9.5 2 0.6 161
9.5 2 0.6 162
9.5 2 0.6 163
9.5 2 0.6 164
9.5 2 0.6 165
9.5 2 0.6 166
9.5 2 0.6 167
9.5 2 0.6 168
9.5 2 0.6 169
9.5 2 0.6 170
9.5 2 0.6 171
9.5 2 0.6 172
9.5 2 0.6 173
9.5 2 0.6 174
9.5 2 0.6 175
9.5 2 0.6 176
9.5 2 0.6 177
9.5 2 0.6 178
9.5 2 0.6 179
9.5 2 0.6 180
9.5 2 0.6 181
9.5 2 0.6 182
9.5 2 0.6 183
9.5 2 0.6 184
9.5 2 0.6 185
9.5 2 0.6 186
9.5 2 0.6 187
9.5 2 0.6 188
9.5 2 0.6 189
9.5 2 0.6 190
9.5 2 0.6 191
9.5 2 0.6 192
9.5 2 0.6 193
9.5 2 0.6 194
9.5 2 0.6 195
9.5 2 0.6 196
9.5 2 0.6 197
9.5 2 0.6 198
9.5 2 0.6 199
9.5 2 0.6 200
9.5 2 0.6 201
9.5 2 0.6 202
9.5 2 0.6 203
9.5 2 0.6 204
9.5 2 0.6 205
9.5 2 0.6 206
9.5 2 0.6 207
9.5 2 0.6 208
9.5 2 0.6 209
9.5 2 0.6 210
9.5 2 0.6 211
9.5 2 0.6 212
9.5 2 0.6 213
9.5 2 0.6 214
9.5 2 0.6 215
9.5 2 0.6 216
9.5 2 0.6 217
9.5 2 0.6 218
9.5 2 0.6 219
9.5 2 0.6 220
9.5 2 0.6 221
9.5 2 0.6 222
9.5 2 0.6 223
9.5 2 0.6 224
9.5 2 0.6 225
9.5 2 0.6 226
9.5 2 0.6 227
9.5 2 0.6 228
9.5 2 0.6 229
9.5 2 0.6 230
9.5 2 0.6 231
9.5 2 0.6 232
9.5 2 0.6 233
9.5 2 0.6 234
9.5 2 0.6 235
9.5 2 0.6 236
9.5 2 0.6 237
9.5 2 0.6 238
9.5 2 0.6 239
9.5 2 0.6 240
9.5 2 0.6 241
9.5 2 0.6 242
9.5 2 0.6 243
9.5 2 0.6 244
9.5 2 0.6 245
9.5 2 0.6 246
9.5 2 0.6 247
9.5 2 0.6 248
9.5 2 0.6 249
9.5 2 0.6 250
9.5 2 0.6 251
9.5 2 0.6 252
9.5 2 0.6 253
9.5 2 0.6 254
9.5 2 0.6 255
9.5 2 0.6 256
9.5 2 0.6 257
9.5 2 0.6 258
9.5 2 0.6 259
9.5 2 0.6 260
9.5 2 0.6 261
9.5 2 0.6 262
9.5 2 0.6 263
9.5 2 0.6 264
9.5 2 0.6 265
9.5 2 0.6 266
9.5 2 0.6 267
9.5 2 0.6 268
9.5 2 0.6 269
9.5 2 0.6 270
9.5 2 0.6 271
9.5 2 0.6 272
9.5 2 0.6 273
9.5 2 0.6 274
9.5 2 0.6 275
9.5 2 0.6 276
9.5 2 0.6 277
9.5 2 0.6 278
9.5 2 0.6 279
9.5 2 0.6 280
9.5 2 0.6 281
9.5 2 0.6 282
9.5 2 0.6 283
9.5 2 0.6 284
9.5 2 0.6 285
9.5 2 0.6 286
9.5 2 0.6 287
9.5 2 0.6 288
9.5 2 0.6 289
9.5 2 0.6 290
9.5 2 0.6 291
9.5 2 0.6 292
9.5 2 0.6 293
9.5 2 0.6 294
9.5 2 0.6 295
9.5 2 0.6 296
9.5 2 0.6 297
9.5 2 0.6 298
9.5 2 0.6 299
9.5 2 0.6 300
9.5 2 0.6 301
9.5 2 0.6 302
9.5 2 0.6 303
9.5 2 0.6 304
9.5 2 0.6 305
9.5 2 0.6 306
9.5 2 0.6 307
9.5 2 0.6 308
9.5 2 0.6 309
9.5 2 0.6 310
9.5 2 0.6 311
9.5 2 0.6 312
9.5 2 0.6 313
9.5 2 0.6 314
9.5 2 0.6 315
9.5 2 0.6 316
9.5 2 0.6 317
9.5 2 0.6 318
9.5 2 0.6 319
9.5 2 0.6 320
9.5 2 0.6 321
9.5 2 0.6 322
9.5 2 0.6 323
9.5 2 0.6 324
9.5 2 0.6 325
9.5 2 0.6 326
9.5 2 0.6 327
9.5 2 0.6 328
9.5 2 0.6 329
9.5 2 0.6 330
9.5 2 0.6 331
9.5 2 0.6 332
9.5 2 0.6 333
9.5 2 0.6 334
9.5 2 0.6 335
9.5 2 0.6 336
9.5 2 0.6 337
9.5 2 0.6 338
9.5 2 0.6 339
9.5 2 0.6 340
9.5 2 0.6 341
9.5 2 0.6 342
9.5 2 0.6 343
9.5 2 0.6 344
9.5 2 0.6 345
9.5 2 0.6 346
9.5 2 0.6 347
9.5 2 0.6 348
9.5 2 0.6 349
9.5 2 0.6 350
9.5 2 0.6 351
9.5 2 0.6 352
9.5 2 0.6 353
9.5 2 0.6 354
9.5 2 0.6 355
9.5 2 0.6 356
9.5 2 0.6 357
9.5 2 0.6 358
9.5 2 0.6 359
9.5 2 0.6 360
9.5 2 0.6 361
9.5 2 0.6 362
9.5 2 0.6 363
9.5 2 0.6 364
9.5 2 0.6 365
9.5 2 0.6 366
9.5 2 0.6 367
9.5 2 0.6 368
9.5 2 0.6 369
9.5 2 0.6 370
9.5 2 0.6 371
9.5 2 0.6 372
9.5 2 0.6 373
9.5 2 0.6 374
9.5 2 0.6 375
9.5 2 0.6 376
9.5 2 0.6 377
9.5 2 0.6 378
9.5 2 0.6 379
9.5 2 0.6 380
9.5 2 0.6 381
9.5 2 0.6 382
9.5 2 0.6 383
9.5 2 0.6 384
9.5 2 0.6 385
9.5 2 0.6 386
9.5 2 0.6 387
9.5 2 0.6 388
9.5 2 0.6 389
9.5 2 0.6 390
9.5 2 0.6 391
9.5 2 0.6 392
9.5 2 0.6 393
9.5 2 0.6 394
9.5 2 0.6 395
9.5 2 0.6 396
9.5 2 0.6 397
9.5 2 0.6 398
9.5 2 0.6 399
10 2 0.6 0
10 2 0.6 1
10 2 0.6 2
10 2 0.6 3
10 2 0.6 4
10 2 0.6 5
10 2 0.6 6
10 2 0.6 7
10 2 0.6 8
10 2 0.6 9
10 2 0.6 10
10 2 0.6 11
10 2 0.6 12
10 2 0.6 13
10 2 0.6 14
10 2 0.6 15
10 2 0.6 16
10 2 0.6 17
10 2 0.6 18
10 2 0.6 19
10 2 0.6 20
10 2 0.6 21
10 2 0.6 22
10 2 0.6 23
10 2 0.6 24
10 2 0.6 25
10 2 0.6 26
10 2 0.6 27
10 2 0.6 28
10 2 0.6 29
10 2 0.6 30
10 2 0.6 31
10 2 0.6 32
10 2 0.6 33
10 2 0.6 34
10 2 0.6 35
10 2 0.6 36
10 2 0.6 37
10 2 0.6 38
10 2 0.6 39
10 2 0.6 40
10 2 0.6 41
10 2 0.6 42
10 2 0.6 43
10 2 0.6 44
10 2 0.6 45
10 2 0.6 46
10 2 0.6 47
10 2 0.6 48
10 2 0.6 49
10 2 0.6 50
10 2 0.6 51
10 2 0.6 52
10 2 0.6 53
10 2 0.6 54
10 2 0.6 55
10 2 0.6 56
10 2 0.6 57
10 2 0.6 58
10 2 0.6 59
10 2 0.6 60
10 2 0.6 61
10 2 0.6 62
10 2 0.6 63
10 2 0.6 64
10 2 0.6 65
10 2 0.6 66
10 2 0.6 67
10 2 0.6 68
10 2 0.6 69
10 2 0.6 70
10 2 0.6 71
10 2 0.6 72
10 2 0.6 73
10 2 0.6 74
10 2 0.6 75
10 2 0.6 76
10 2 0.6 77
10 2 0.6 78
10 2 0.6 79
10 2 0.6 80
10 2 0.6 81
10 2 0.6 82
10 2 0.6 83
10 2 0.6 84
10 2 0.6 85
10 2 0.6 86
10 2 0.6 87
10 2 0.6 88
10 2 0.6 89
10 2 0.6 90
10 2 0.6 91
10 2 0.6 92
10 2 0.6 93
10 2 0.6 94
10 2 0.6 95
10 2 0.6 96
10 2 0.6 97
10 2 0.6 98
10 2 0.6 99
10 2 0.6 100
10 2 0.6 101
10 2 0.6 102
10 2 0.6 103
10 2 0.6 104
10 2 0.6 105
10 2 0.6 106
10 2 0.6 107
10 2 0.6 108
10 2 0.6 109
10 2 0.6 110
10 2 0.6 111
10 2 0.6 112
10 2 0.6 113
10 2 0.6 114
10 2 0.6 115
10 2 0.6 116
10 2 0.6 117
10 2 0.6 118
10 2 0.6 119
10 2 0.6 120
10 2 0.6 121
10 2 0.6 122
10 2 0.6 123
10 2 0.6 124
10 2 0.6 125
10 2 0.6 126
10 2 0.6 127
10 2 0.6 128
10 2 0.6 129
10 2 0.6 130
10 2 0.6 131
10 2 0.6 132
10 2 0.6 133
10 2 0.6 134
10 2 0.6 135
10 2 0.6 136
10 2 0.6 137
10 2 0.6 138
10 2 0.6 139
10 2 0.6 140
10 2 0.6 141
10 2 0.6 142
10 2 0.6 143
10 2 0.6 144
10 2 0.6 145
10 2 0.6 146
10 2 0.6 147
10 2 0.6 148
10 2 0.6 149
10 2 0.6 150
10 2 0.6 151
10 2 0.6 152
10 2 0.6 153
10 2 0.6 154
10 2 0.6 155
10 2 0.6 156
10 2 0.6 157
10 2 0.6 158
10 2 0.6 159
10 2 0.6 160
10 2 0.6 161
10 2 0.6 162
10 2 0.6 163
10 2 0.6 164
10 2 0.6 165
10 2 0.6 166
10 2 0.6 167
10 2 0.6 168
10 2 0.6 169
10 2 0.6 170
10 2 0.6 171
10 2 0.6 172
10 2 0.6 173
10 2 0.6 174
10 2 0.6 175
10 2 0.6 176
10 2 0.6 177
10 2 0.6 178
10 2 0.6 179
10 2 0.6 180
10 2 0.6 181
10 2 0.6 182
10 2 0.6 183
10 2 0.6 184
10 2 0.6 185
10 2 0.6 186
10 2 0.6 187
10 2 0.6 188
10 2 0.6 189
10 2 0.6 190
10 2 0.6 191
10 2 0.6 192
10 2 0.6 193
10 2 0.6 194
10 2 0.6 195
10 2 0.6 196
10 2 0.6 197
10 2 0.6 198
10 2 0.6 199
10 2 0.6 200
10 2 0.6 201
10 2 0.6 202
10 2 0.6 203
10 2 0.6 204
10 2 0.6 205
10 2 0.6 206
10 2 0.6 207
10 2 0.6 208
10 2 0.6 209
10 2 0.6 210
10 2 0.6 211
10 2 0.6 212
10 2 0.6 213
10 2 0.6 214
10 2 0.6 215
10 2 0.6 216
10 2 0.6 217
10 2 0.6 218
10 2 0.6 219
10 2 0.6 220
10 2 0.6 221
10 2 0.6 222
10 2 0.6 223
10 2 0.6 224
10 2 0.6 225
10 2 0.6 226
10 2 0.6 227
10 2 0.6 228
10 2 0.6 229
10 2 0.6 230
10 2 0.6 231
10 2 0.6 232
10 2 0.6 233
10 2 0.6 234
10 2 0.6 235
10 2 0.6 236
10 2 0.6 237
10 2 0.6 238
10 2 0.6 239
10 2 0.6 240
10 2 0.6 241
10 2 0.6 242
10 2 0.6 243
10 2 0.6 244
10 2 0.6 245
10 2 0.6 246
10 2 0.6 247
10 2 0.6 248
10 2 0.6 249
10 2 0.6 250
10 2 0.6 251
10 2 0.6 252
10 2 0.6 253
10 2 0.6 254
10 2 0.6 255
10 2 0.6 256
10 2 0.6 257
10 2 0.6 258
10 2 0.6 259
10 2 0.6 260
10 2 0.6 261
10 2 0.6 262
10 2 0.6 263
10 2 0.6 264
10 2 0.6 265
10 2 0.6 266
10 2 0.6 267
10 2 0.6 268
10 2 0.6 269
10 2 0.6 270
10 2 0.6 271
10 2 0.6 272
10 2 0.6 273
10 2 0.6 274
10 2 0.6 275
10 2 0.6 276
10 2 0.6 277
10 2 0.6 278
10 2 0.6 279
10 2 0.6 280
10 2 0.6 281
10 2 0.6 282
10 2 0.6 283
10 2 0.6 284
10 2 0.6 285
10 2 0.6 286
10 2 0.6 287
10 2 0.6 288
10 2 0.6 289
10 2 0.6 290
10 2 0.6 291
10 2 0.6 292
10 2 0.6 293
10 2 0.6 294
10 2 0.6 295
10 2 0.6 296
10 2 0.6 297
10 2 0.6 298
10 2 0.6 299
10 2 0.6 300
10 2 0.6 301
10 2 0.6 302
10 2 0.6 303
10 2 0.6 304
10 2 0.6 305
10 2 0.6 306
10 2 0.6 307
10 2 0.6 308
10 2 0.6 309
10 2 0.6 310
10 2 0.6 311
10 2 0.6 312
10 2 0.6 313
10 2 0.6 314
10 2 0.6 315
10 2 0.6 316
10 2 0.6 317
10 2 0.6 318
10 2 0.6 319
10 2 0.6 320
10 2 0.6 321
10 2 0.6 322
10 2 0.6 323
10 2 0.6 324
10 2 0.6 325
10 2 0.6 326
10 2 0.6 327
10 2 0.6 328
10 2 0.6 329
10 2 0.6 330
10 2 0.6 331
10 2 0.6 332
10 2 0.6 333
10 2 0.6 334
10 2 0.6 335
10 2 0.6 336
10 2 0.6 337
10 2 0.6 338
10 2 0.6 339
10 2 0.6 340
10 2 0.6 341
10 2 0.6 342
10 2 0.6 343
10 2 0.6 344
10 2 0.6 345
10 2 0.6 346
10 2 0.6 347
10 2 0.6 348
10 2 0.6 349
10 2 0.6 350
10 2 0.6 351
10 2 0.6 352
10 2 0.6 353
10 2 0.6 354
10 2 0.6 355
10 2 0.6 356
10 2 0.6 357
10 2 0.6 358
10 2 0.6 359
10 2 0.6 360
10 2 0.6 361
10 2 0.6 362
10 2 0.6 363
10 2 0.6 364
10 2 0.6 365
10 2 0.6 366
10 2 0.6 367
10 2 0.6 368
10 2 0.6 369
10 2 0.6 370
10 2 0.6 371
10 2 0.6 372
10 2 0.6 373
10 2 0.6 374
10 2 0.6 375
10 2 0.6 376
10 2 0.6 377
10 2 0.6 378
10 2 0.6 379
10 2 0.6 380
10 2 0.6 381
10 2 0.6 382
10 2 0.6 383
10 2 0.6 384
10 2 0.6 385
10 2 0.6 386
10 2 0.6 387
10 2 0.6 388
10 2 0.6 389
10 2 0.6 390
10 2 0.6 391
10 2 0.6 392
10 2 0.6 393
10 2 0.6 394
10 2 0.6 395
10 2 0.6 396
10 2 0.6 397
10 2 0.6 398
10 2 0.6 399
!!node 3!!
10.5 2 0.6 0
10.5 2 0.6 1
10.5 2 0.6 2
10.5 2 0.6 3
10.5 2 0.6 4
10.5 2 0.6 5
10.5 2 0.6 6
10.5 2 0.6 7
10.5 2 0.6 8
10.5 2 0.6 9
10.5 2 0.6 10
10.5 2 0.6 11
10.5 2 0.6 12
10.5 2 0.6 13
10.5 2 0.6 14
10.5 2 0.6 15
10.5 2 0.6 16
10.5 2 0.6 17
10.5 2 0.6 18
10.5 2 0.6 19
10.5 2 0.6 20
10.5 2 0.6 21
10.5 2 0.6 22
10.5 2 0.6 23
10.5 2 0.6 24
10.5 2 0.6 25
10.5 2 0.6 26
10.5 2 0.6 27
10.5 2 0.6 28
10.5 2 0.6 29
10.5 2 0.6 30
10.5 2 0.6 31
10.5 2 0.6 32
10.5 2 0.6 33
10.5 2 0.6 34
10.5 2 0.6 35
10.5 2 0.6 36
10.5 2 0.6 37
10.5 2 0.6 38
10.5 2 0.6 39
10.5 2 0.6 40
10.5 2 0.6 41
10.5 2 0.6 42
10.5 2 0.6 43
10.5 2 0.6 44
10.5 2 0.6 45
10.5 2 0.6 46
10.5 2 0.6 47
10.5 2 0.6 48
10.5 2 0.6 49
10.5 2 0.6 50
10.5 2 0.6 51
10.5 2 0.6 52
10.5 2 0.6 53
10.5 2 0.6 54
10.5 2 0.6 55
10.5 2 0.6 56
10.5 2 0.6 57
10.5 2 0.6 58
10.5 2 0.6 59
10.5 2 0.6 60
10.5 2 0.6 61
10.5 2 0.6 62
10.5 2 0.6 63
10.5 2 0.6 64
10.5 2 0.6 65
10.5 2 0.6 66
10.5 2 0.6 67
10.5 2 0.6 68
10.5 2 0.6 69
10.5 2 0.6 70
10.5 2 0.6 71
10.5 2 0.6 72
10.5 2 0.6 73
10.5 2 0.6 74
10.5 2 0.6 75
10.5 2 0.6 76
10.5 2 0.6 77
10.5 2 0.6 78
10.5 2 0.6 79
10.5 2 0.6 80
10.5 2 0.6 81
10.5 2 0.6 82
10.5 2 0.6 83
10.5 2 0.6 84
10.5 2 0.6 85
10.5 2 0.6 86
10.5 2 0.6 87
10.5 2 0.6 88
10.5 2 0.6 89
10.5 2 0.6 90
10.5 2 0.6 91
10.5 2 0.6 92
10.5 2 0.6 93
10.5 2 0.6 94
10.5 2 0.6 95
10.5 2 0.6 96
10.5 2 0.6 97
10.5 2 0.6 98
10.5 2 0.6 99
10.5 2 0.6 100
10.5 2 0.6 101
10.5 2 0.6 102
10.5 2 0.6 103
10.5 2 0.6 104
10.5 2 0.6 105
10.5 2 0.6 106
10.5 2 0.6 107
10.5 2 0.6 108
10.5 2 0.6 109
10.5 2 0.6 110
10.5 2 0.6 111
10.5 2 0.6 112
10.5 2 0.6 113
10.5 2 0.6 114
10.5 2 0.6 115
10.5 2 0.6 116
10.5 2 0.6 117
10.5 2 0.6 118
10.5 2 0.6 119
10.5 2 0.6 120
10.5 2 0.6 121
10.5 2 0.6 122
10.5 2 0.6 123
10.5 2 0.6 124
10.5 2 0.6 125
10.5 2 0.6 126
10.5 2 0.6 127
10.5 2 0.6 128
10.5 2 0.6 129
10.5 2 0.6 130
10.5 2 0.6 131
10.5 2 0.6 132
10.5 2 0.6 133
10.5 2 0.6 134
10.5 2 0.6 135
10.5 2 0.6 136
10.5 2 0.6 137
10.5 2 0.6 138
10.5 2 0.6 139
10.5 2 0.6 140
10.5 2 0.6 141
10.5 2 0.6 142
10.5 2 0.6 143
10.5 2 0.6 144
10.5 2 0.6 145
10.5 2 0.6 146
10.5 2 0.6 147
10.5 2 0.6 148
10.5 2 0.6 149
10.5 2 0.6 150
10.5 2 0.6 151
10.5 2 0.6 152
10.5 2 0.6 153
10.5 2 0.6 154
10.5 2 0.6 155
10.5 2 0.6 156
10.5 2 0.6 157
10.5 2 0.6 158
10.5 2 0.6 159
10.5 2 0.6 160
10.5 2 0.6 161
10.5 2 0.6 162
10.5 2 0.6 163
10.5 2 0.6 164
10.5 2 0.6 165
10.5 2 0.6 166
10.5 2 0.6 167
10.5 2 0.6 168
10.5 2 0.6 169
10.5 2 0.6 170
10.5 2 0.6 171
10.5 2 0.6 172
10.5 2 0.6 173
10.5 2 0.6 174
10.5 2 0.6 175
10.5 2 0.6 176
10.5 2 0.6 177
10.5 2 0.6 178
10.5 2 0.6 179
10.5 2 0.6 180
10.5 2 0.6 181
10.5 2 0.6 182
10.5 2 0.6 183
10.5 2 0.6 184
10.5 2 0.6 185
10.5 2 0.6 186
10.5 2 0.6 187
10.5 2 0.6 188
10.5 2 0.6 189
10.5 2 0.6 190
10.5 2 0.6 191
10.5 2 0.6 192
10.5 2 0.6 193
10.5 2 0.6 194
10.5 2 0.6 195
10.5 2 0.6 196
10.5 2 0.6 197
10.5 2 0.6 198
10.5 2 0.6 199
10.5 2 0.6 200
10.5 2 0.6 201
10.5 2 0.6 202
10.5 2 0.6 203
10.5 2 0.6 204
10.5 2 0.6 205
10.5 2 0.6 206
10.5 2 0.6 207
10.5 2 0.6 208
10.5 2 0.6 209
10.5 2 0.6 210
10.5 2 0.6 211
10.5 2 0.6 212
10.5 2 0.6 213
10.5 2 0.6 214
10.5 2 0.6 215
10.5 2 0.6 216
10.5 2 0.6 217
10.5 2 0.6 218
10.5 2 0.6 219
10.5 2 0.6 220
10.5 2 0.6 221
10.5 2 0.6 222
10.5 2 0.6 223
10.5 2 0.6 224
10.5 2 0.6 225
10.5 2 0.6 226
10.5 2 0.6 227
10.5 2 0.6 228
10.5 2 0.6 229
10.5 2 0.6 230
10.5 2 0.6 231
10.5 2 0.6 232
10.5 2 0.6 233
10.5 2 0.6 234
10.5 2 0.6 235
10.5 2 0.6 236
10.5 2 0.6 237
10.5 2 0.6 238
10.5 2 0.6 239
10.5 2 0.6 240
10.5 2 0.6 241
10.5 2 0.6 242
10.5 2 0.6 243
10.5 2 0.6 244
10.5 2 0.6 245
10.5 2 0.6 246
10.5 2 0.6 247
10.5 2 0.6 248
10.5 2 0.6 249
10.5 2 0.6 250
10.5 2 0.6 251
10.5 2 0.6 252
10.5 2 0.6 253
10.5 2 0.6 254
10.5 2 0.6 255
10.5 2 0.6 256
10.5 2 0.6 257
10.5 2 0.6 258
10.5 2 0.6 259
10.5 2 0.6 260
10.5 2 0.6 261
10.5 2 0.6 262
10.5 2 0.6 263
10.5 2 0.6 264
10.5 2 0.6 265
10.5 2 0.6 266
10.5 2 0.6 267
10.5 2 0.6 268
10.5 2 0.6 269
10.5 2 0.6 270
10.5 2 0.6 271
10.5 2 0.6 272
10.5 2 0.6 273
10.5 2 0.6 274
10.5 2 0.6 275
10.5 2 0.6 276
10.5 2 0.6 277
10.5 2 0.6 278
10.5 2 0.6 279
10.5 2 0.6 280
10.5 2 0.6 281
10.5 2 0.6 282
10.5 2 0.6 283
10.5 2 0.6 284
10.5 2 0.6 285
10.5 2 0.6 286
10.5 2 0.6 287
10.5 2 0.6 288
10.5 2 0.6 289
10.5 2 0.6 290
10.5 2 0.6 291
10.5 2 0.6 292
10.5 2 0.6 293
10.5 2 0.6 294
10.5 2 0.6 295
10.5 2 0.6 296
10.5 2 0.6 297
10.5 2 0.6 298
10.5 2 0.6 299
10.5 2 0.6 300
10.5 2 0.6 301
10.5 2 0.6 302
10.5 2 0.6 303
10.5 2 0.6 304
10.5 2 0.6 305
10.5 2 0.6 306
10.5 2 0.6 307
10.5 2 0.6 308
10.5 2 0.6 309
10.5 2 0.6 310
10.5 2 0.6 311
10.5 2 0.6 312
10.5 2 0.6 313
10.5 2 0.6 314
10.5 2 0.6 315
10.5 2 0.6 316
10.5 2 0.6 317
10.5 2 0.6 318
10.5 2 0.6 319
10.5 2 0.6 320
10.5 2 0.6 321
10.5 2 0.6 322
10.5 2 0.6 323
10.5 2 0.6 324
10.5 2 0.6 325
10.5 2 0.6 326
10.5 2 0.6 327
10.5 2 0.6 328
10.5 2 0.6 329
10.5 2 0.6 330
10.5 2 0.6 331
10.5 2 0.6 332
10.5 2 0.6 333
10.5 2 0.6 334
10.5 2 0.6 335
10.5 2 0.6 336
10.5 2 0.6 337
10.5 2 0.6 338
10.5 2 0.6 339
10.5 2 0.6 340
10.5 2 0.6 341
10.5 2 0.6 342
10.5 2 0.6 343
10.5 2 0.6 344
10.5 2 0.6 345
10.5 2 0.6 346
10.5 2 0.6 347
10.5 2 0.6 348
10.5 2 0.6 349
10.5 2 0.6 350
10.5 2 0.6 351
10.5 2 0.6 352
10.5 2 0.6 353
10.5 2 0.6 354
10.5 2 0.6 355
10.5 2 0.6 356
10.5 2 0.6 357
10.5 2 0.6 358
10.5 2 0.6 359
10.5 2 0.6 360
10.5 2 0.6 361
10.5 2 0.6 362
10.5 2 0.6 363
10.5 2 0.6 364
10.5 2 0.6 365
10.5 2 0.6 366
10.5 2 0.6 367
10.5 2 0.6 368
10.5 2 0.6 369
10.5 2 0.6 370
10.5 2 0.6 371
10.5 2 0.6 372
10.5 2 0.6 373
10.5 2 0.6 374
10.5 2 0.6 375
10.5 2 0.6 376
10.5 2 0.6 377
10.5 2 0.6 378
10.5 2 0.6 379
10.5 2 0.6 380
10.5 2 0.6 381
10.5 2 0.6 382
10.5 2 0.6 383
10.5 2 0.6 384
10.5 2 0.6 385
10.5 2 0.6 386
10.5 2 0.6 387
10.5 2 0.6 388
10.5 2 0.6 389
10.5 2 0.6 390
10.5 2 0.6 391
10.5 2 0.6 392
10.5 2 0.6 393
10.5 2 0.6 394
10.5 2 0.6 395
10.5 2 0.6 396
10.5 2 0.6 397
10.5 2 0.6 398
10.5 2 0.6 399
11 2 0.6 0
11 2 0.6 1
11 2 0.6 2
11 2 0.6 3
11 2 0.6 4
11 2 0.6 5
11 2 0.6 6
11 2 0.6 7
11 2 0.6 8
11 2 0.6 9
11 2 0.6 10
11 2 0.6 11
11 2 0.6 12
11 2 0.6 13
11 2 0.6 14
11 2 0.6 15
11 2 0.6 16
11 2 0.6 17
11 2 0.6 18
11 2 0.6 19
11 2 0.6 20
11 2 0.6 21
11 2 0.6 22
11 2 0.6 23
11 2 0.6 24
11 2 0.6 25
11 2 0.6 26
11 2 0.6 27
11 2 0.6 28
11 2 0.6 29
11 2 0.6 30
11 2 0.6 31
11 2 0.6 32
11 2 0.6 33
11 2 0.6 34
11 2 0.6 35
11 2 0.6 36
11 2 0.6 37
11 2 0.6 38
11 2 0.6 39
11 2 0.6 40
11 2 0.6 41
11 2 0.6 42
11 2 0.6 43
11 2 0.6 44
11 2 0.6 45
11 2 0.6 46
11 2 0.6 47
11 2 0.6 48
11 2 0.6 49
11 2 0.6 50
11 2 0.6 51
11 2 0.6 52
11 2 0.6 53
11 2 0.6 54
11 2 0.6 55
11 2 0.6 56
11 2 0.6 57
11 2 0.6 58
11 2 0.6 59
11 2 0.6 60
11 2 0.6 61
11 2 0.6 62
11 2 0.6 63
11 2 0.6 64
11 2 0.6 65
11 2 0.6 66
11 2 0.6 67
11 2 0.6 68
11 2 0.6 69
11 2 0.6 70
11 2 0.6 71
11 2 0.6 72
11 2 0.6 73
11 2 0.6 74
11 2 0.6 75
11 2 0.6 76
11 2 0.6 77
11 2 0.6 78
11 2 0.6 79
11 2 0.6 80
11 2 0.6 81
11 2 0.6 82
11 2 0.6 83
11 2 0.6 84
11 2 0.6 85
11 2 0.6 86
11 2 0.6 87
11 2 0.6 88
11 2 0.6 89
11 2 0.6 90
11 2 0.6 91
11 2 0.6 92
11 2 0.6 93
11 2 0.6 94
11 2 0.6 95
11 2 0.6 96
11 2 0.6 97
11 2 0.6 98
11 2 0.6 99
11 2 0.6 100
11 2 0.6 101
11 2 0.6 102
11 2 0.6 103
11 2 0.6 104
11 2 0.6 105
11 2 0.6 106
11 2 0.6 107
11 2 0.6 108
11 2 0.6 109
11 2 0.6 110
11 2 0.6 111
11 2 0.6 112
11 2 0.6 113
11 2 0.6 114
11 2 0.6 115
11 2 0.6 116
11 2 0.6 117
11 2 0.6 118
11 2 0.6 119
11 2 0.6 120
11 2 0.6 121
11 2 0.6 122
11 2 0.6 123
11 2 0.6 124
11 2 0.6 125
11 2 0.6 126
11 2 0.6 127
11 2 0.6 128
11 2 0.6 129
11 2 0.6 130
11 2 0.6 131
11 2 0.6 132
11 2 0.6 133
11 2 0.6 134
11 2 0.6 135
11 2 0.6 136
11 2 0.6 137
11 2 0.6 138
11 2 0.6 139
11 2 0.6 140
11 2 0.6 141
11 2 0.6 142
11 2 0.6 143
11 2 0.6 144
11 2 0.6 145
11 2 0.6 146
11 2 0.6 147
11 2 0.6 148
11 2 0.6 149
11 2 0.6 150
11 2 0.6 151
11 2 0.6 152
11 2 0.6 153
11 2 0.6 154
11 2 0.6 155
11 2 0.6 156
11 2 0.6 157
11 2 0.6 158
11 2 0.6 159
11 2 0.6 160
11 2 0.6 161
11 2 0.6 162
11 2 0.6 163
11 2 0.6 164
11 2 0.6 165
11 2 0.6 166
11 2 0.6 167
11 2 0.6 168
11 2 0.6 169
11 2 0.6 170
11 2 0.6 171
11 2 0.6 172
11 2 0.6 173
11 2 0.6 174
11 2 0.6 175
11 2 0.6 176
11 2 0.6 177
11 2 0.6 178
11 2 0.6 179
11 2 0.6 180
11 2 0.6 181
11 2 0.6 182
11 2 0.6 183
11 2 0.6 184
11 2 0.6 185
11 2 0.6 186
11 2 0.6 187
11 2 0.6 188
11 2 0.6 189
11 2 0.6 190
11 2 0.6 191
11 2 0.6 192
11 2 0.6 193
11 2 0.6 194
11 2 0.6 195
11 2 0.6 196
11 2 0.6 197
11 2 0.6 198
11 2 0.6 199
11 2 0.6 200
11 2 0.6 201
11 2 0.6 202
11 2 0.6 203
11 2 0.6 204
11 2 0.6 205
11 2 0.6 206
11 2 0.6 207
11 2 0.6 208
11 2 0.6 209
11 2 0.6 210
11 2 0.6 211
11 2 0.6 212
11 2 0.6 213
11 2 0.6 214
11 2 0.6 215
11 2 0.6 216
11 2 0.6 217
11 2 0.6 218
11 2 0.6 219
11 2 0.6 220
11 2 0.6 221
11 2 0.6 222
11 2 0.6 223
11 2 0.6 224
11 2 0.6 225
11 2 0.6 226
11 2 0.6 227
11 2 0.6 228
11 2 0.6 229
11 2 0.6 230
11 2 0.6 231
11 2 0.6 232
11 2 0.6 233
11 2 0.6 234
11 2 0.6 235
11 2 0.6 236
11 2 0.6 237
11 2 0.6 238
11 2 0.6 239
11 2 0.6 240
11 2 0.6 241
11 2 0.6 242
11 2 0.6 243
11 2 0.6 244
11 2 0.6 245
11 2 0.6 246
11 2 0.6 247
11 2 0.6 248
11 2 0.6 249
11 2 0.6 250
11 2 0.6 251
11 2 0.6 252
11 2 0.6 253
11 2 0.6 254
11 2 0.6 255
11 2 0.6 256
11 2 0.6 257
11 2 0.6 258
11 2 0.6 259
11 2 0.6 260
11 2 0.6 261
11 2 0.6 262
11 2 0.6 263
11 2 0.6 264
11 2 0.6 265
11 2 0.6 266
11 2 0.6 267
11 2 0.6 268
11 2 0.6 269
11 2 0.6 270
11 2 0.6 271
11 2 0.6 272
11 2 0.6 273
11 2 0.6 274
11 2 0.6 275
11 2 0.6 276
11 2 0.6 277
11 2 0.6 278
11 2 0.6 279
11 2 0.6 280
11 2 0.6 281
11 2 0.6 282
11 2 0.6 283
11 2 0.6 284
11 2 0.6 285
11 2 0.6 286
11 2 0.6 287
11 2 0.6 288
11 2 0.6 289
11 2 0.6 290
11 2 0.6 291
11 2 0.6 292
11 2 0.6 293
11 2 0.6 294
11 2 0.6 295
11 2 0.6 296
11 2 0.6 297
11 2 0.6 298
11 2 0.6 299
11 2 0.6 300
11 2 0.6 301
11 2 0.6 302
11 2 0.6 303
11 2 0.6 304
11 2 0.6 305
11 2 0.6 306
11 2 0.6 307
11 2 0.6 308
11 2 0.6 309
11 2 0.6 310
11 2 0.6 311
11 2 0.6 312
11 2 0.6 313
11 2 0.6 314
11 2 0.6 315
11 2 0.6 316
11 2 0.6 317
11 2 0.6 318
11 2 0.6 319
11 2 0.6 320
11 2 0.6 321
11 2 0.6 322
11 2 0.6 323
11 2 0.6 324
11 2 0.6 325
11 2 0.6 326
11 2 0.6 327
11 2 0.6 328
11 2 0.6 329
11 2 0.6 330
11 2 0.6 331
11 2 0.6 332
11 2 0.6 333
11 2 0.6 334
11 2 0.6 335
11 2 0.6 336
11 2 0.6 337
11 2 0.6 338
11 2 0.6 339
11 2 0.6 340
11 2 0.6 341
11 2 0.6 342
11 2 0.6 343
11 2 0.6 344
11 2 0.6 345
11 2 0.6 346
11 2 0.6 347
11 2 0.6 348
11 2 0.6 349
11 2 0.6 350
11 2 0.6 351
11 2 0.6 352
11 2 0.6 353
11 2 0.6 354
11 2 0.6 355
11 2 0.6 356
11 2 0.6 357
11 2 0.6 358
11 2 0.6 359
11 2 0.6 360
11 2 0.6 361
11 2 0.6 362
11 2 0.6 363
11 2 0.6 364
11 2 0.6 365
11 2 0.6 366
11 2 0.6 367
11 2 0.6 368
11 2 0.6 369
11 2 0.6 370
11 2 0.6 371
11 2 0.6 372
11 2 0.6 373
11 2 0.6 374
11 2 0.6 375
11 2 0.6 376
11 2 0.6 377
11 2 0.6 378
11 2 0.6 379
11 2 0.6 380
11 2 0.6 381
11 2 0.6 382
11 2 0.6 383
11 2 0.6 384
11 2 0.6 385
11 2 0.6 386
11 2 0.6 387
11 2 0.6 388
11 2 0.6 389
11 2 0.6 390
11 2 0.6 391
11 2 0.6 392
11 2 0.6 393
11 2 0.6 394
11 2 0.6 395
11 2 0.6 396
11 2 0.6 397
11 2 0.6 398
11 2 0.6 399
!!node 4!!
11.5 2 0.6 0
11.5 2 0.6 1
11.5 2 0.6 2
11.5 2 0.6 3
11.5 2 0.6 4
11.5 2 0.6 5
11.5 2 0.6 6
11.5 2 0.6 7
11.5 2 0.6 8
11.5 2 0.6 9
11.5 2 0.6 10
11.5 2 0.6 11
11.5 2 0.6 12
11.5 2 0.6 13
11.5 2 0.6 14
11.5 2 0.6 15
11.5 2 0.6 16
11.5 2 0.6 17
11.5 2 0.6 18
11.5 2 0.6 19
11.5 2 0.6 20
11.5 2 0.6 21
11.5 2 0.6 22
11.5 2 0.6 23
11.5 2 0.6 24
11.5 2 0.6 25
11.5 2 0.6 26
11.5 2 0.6 27
11.5 2 0.6 28
11.5 2 0.6 29
11.5 2 0.6 30
11.5 2 0.6 31
11.5 2 0.6 32
11.5 2 0.6 33
11.5 2 0.6 34
11.5 2 0.6 35
11.5 2 0.6 36
11.5 2 0.6 37
11.5 2 0.6 38
11.5 2 0.6 39
11.5 2 0.6 40
11.5 2 0.6 41
11.5 2 0.6 42
11.5 2 0.6 43
11.5 2 0.6 44
11.5 2 0.6 45
11.5 2 0.6 46
11.5 2 0.6 47
11.5 2 0.6 48
11.5 2 0.6 49
11.5 2 0.6 50
11.5 2 0.6 51
11.5 2 0.6 52
11.5 2 0.6 53
11.5 2 0.6 54
11.5 2 0.6 55
11.5 2 0.6 56
11.5 2 0.6 57
11.5 2 0.6 58
11.5 2 0.6 59
11.5 2 0.6 60
11.5 2 0.6 61
11.5 2 0.6 62
11.5 2 0.6 63
11.5 2 0.6 64
11.5 2 0.6 65
11.5 2 0.6 66
11.5 2 0.6 67
11.5 2 0.6 68
11.5 2 0.6 69
11.5 2 0.6 70
11.5 2 0.6 71
11.5 2 0.6 72
11.5 2 0.6 73
11.5 2 0.6 74
11.5 2 0.6 75
11.5 2 0.6 76
11.5 2 0.6 77
11.5 2 0.6 78
11.5 2 0.6 79
11.5 2 0.6 80
11.5 2 0.6 81
11.5 2 0.6 82
11.5 2 0.6 83
11.5 2 0.6 84
11.5 2 0.6 85
11.5 2 0.6 86
11.5 2 0.6 87
11.5 2 0.6 88
11.5 2 0.6 89
11.5 2 0.6 90
11.5 2 0.6 91
11.5 2 0.6 92
11.5 2 0.6 93
11.5 2 0.6 94
11.5 2 0.6 95
11.5 2 0.6 96
11.5 2 0.6 97
11.5 2 0.6 98
11.5 2 0.6 99
11.5 2 0.6 100
11.5 2 0.6 101
11.5 2 0.6 102
11.5 2 0.6 103
11.5 2 0.6 104
11.5 2 0.6 105
11.5 2 0.6 106
11.5 2 0.6 107
11.5 2 0.6 108
11.5 2 0.6 109
11.5 2 0.6 110
11.5 2 0.6 111
11.5 2 0.6 112
11.5 2 0.6 113
11.5 2 0.6 114
11.5 2 0.6 115
11.5 2 0.6 116
11.5 2 0.6 117
11.5 2 0.6 118
11.5 2 0.6 119
11.5 2 0.6 120
11.5 2 0.6 121
11.5 2 0.6 122
11.5 2 0.6 123
11.5 2 0.6 124
11.5 2 0.6 125
11.5 2 0.6 126
11.5 2 0.6 127
11.5 2 0.6 128
11.5 2 0.6 129
11.5 2 0.6 130
11.5 2 0.6 131
11.5 2 0.6 132
11.5 2 0.6 133
11.5 2 0.6 134
11.5 2 0.6 135
11.5 2 0.6 136
11.5 2 0.6 137
11.5 2 0.6 138
11.5 2 0.6 139
11.5 2 0.6 140
11.5 2 0.6 141
11.5 2 0.6 142
11.5 2 0.6 143
11.5 2 0.6 144
11.5 2 0.6 145
11.5 2 0.6 146
11.5 2 0.6 147
11.5 2 0.6 148
11.5 2 0.6 149
11.5 2 0.6 150
11.5 2 0.6 151
11.5 2 0.6 152
11.5 2 0.6 153
11.5 2 0.6 154
11.5 2 0.6 155
11.5 2 0.6 156
11.5 2 0.6 157
11.5 2 0.6 158
11.5 2 0.6 159
11.5 2 0.6 160
11.5 2 0.6 161
11.5 2 0.6 162
11.5 2 0.6 163
11.5 2 0.6 164
11.5 2 0.6 165
11.5 2 0.6 166
11.5 2 0.6 167
11.5 2 0.6 168
11.5 2 0.6 169
11.5 2 0.6 170
11.5 2 0.6 171
11.5 2 0.6 172
11.5 2 0.6 173
11.5 2 0.6 174
11.5 2 0.6 175
11.5 2 0.6 176
11.5 2 0.6 177
11.5 2 0.6 178
11.5 2 0.6 179
11.5 2 0.6 180
11.5 2 0.6 181
11.5 2 0.6 182
11.5 2 0.6 183
11.5 2 0.6 184
11.5 2 0.6 185
11.5 2 0.6 186
11.5 2 0.6 187
11.5 2 0.6 188
11.5 2 0.6 189
11.5 2 0.6 190
11.5 2 0.6 191
11.5 2 0.6 192
11.5 2 0.6 193
11.5 2 0.6 194
11.5 2 0.6 195
11.5 2 0.6 196
11.5 2 0.6 197
11.5 2 0.6 198
11.5 2 0.6 199
11.5 2 0.6 200
11.5 2 0.6 201
11.5 2 0.6 202
11.5 2 0.6 203
11.5 2 0.6 204
11.5 2 0.6 205
11.5 2 0.6 206
11.5 2 0.6 207
11.5 2 0.6 208
11.5 2 0.6 209
11.5 2 0.6 210
11.5 2 0.6 211
11.5 2 0.6 212
11.5 2 0.6 213
11.5 2 0.6 214
11.5 2 0.6 215
11.5 2 0.6 216
11.5 2 0.6 217
11.5 2 0.6 218
11.5 2 0.6 219
11.5 2 0.6 220
11.5 2 0.6 221
11.5 2 0.6 222
11.5 2 0.6 223
11.5 2 0.6 224
11.5 2 0.6 225
11.5 2 0.6 226
11.5 2 0.6 227
11.5 2 0.6 228
11.5 2 0.6 229
11.5 2 0.6 230
11.5 2 0.6 231
11.5 2 0.6 232
11.5 2 0.6 233
11.5 2 0.6 234
11.5 2 0.6 235
11.5 2 0.6 236
11.5 2 0.6 237
11.5 2 0.6 238
11.5 2 0.6 239
11.5 2 0.6 240
11.5 2 0.6 241
11.5 2 0.6 242
11.5 2 0.6 243
11.5 2 0.6 244
11.5 2 0.6 245
11.5 2 0.6 246
11.5 2 0.6 247
11.5 2 0.6 248
11.5 2 0.6 249
11.5 2 0.6 250
11.5 2 0.6 251
11.5 2 0.6 252
11.5 2 0.6 253
11.5 2 0.6 254
11.5 2 0.6 255
11.5 2 0.6 256
11.5 2 0.6 257
11.5 2 0.6 258
11.5 2 0.6 259
11.5 2 0.6 260
11.5 2 0.6 261
11.5 2 0.6 262
11.5 2 0.6 263
11.5 2 0.6 264
11.5 2 0.6 265
11.5 2 0.6 266
11.5 2 0.6 267
11.5 2 0.6 268
11.5 2 0.6 269
11.5 2 0.6 270
11.5 2 0.6 271
11.5 2 0.6 272
11.5 2 0.6 273
11.5 2 0.6 274
11.5 2 0.6 275
11.5 2 0.6 276
11.5 2 0.6 277
11.5 2 0.6 278
11.5 2 0.6 279
11.5 2 0.6 280
11.5 2 0.6 281
11.5 2 0.6 282
11.5 2 0.6 283
11.5 2 0.6 284
11.5 2 0.6 285
11.5 2 0.6 286
11.5 2 0.6 287
11.5 2 0.6 288
11.5 2 0.6 289
11.5 2 0.6 290
11.5 2 0.6 291
11.5 2 0.6 292
11.5 2 0.6 293
11.5 2 0.6 294
11.5 2 0.6 295
11.5 2 0.6 296
11.5 2 0.6 297
11.5 2 0.6 298
11.5 2 0.6 299
11.5 2 0.6 300
11.5 2 0.6 301
11.5 2 0.6 302
11.5 2 0.6 303
11.5 2 0.6 304
11.5 2 0.6 305
11.5 2 0.6 306
11.5 2 0.6 307
11.5 2 0.6 308
11.5 2 0.6 309
11.5 2 0.6 310
11.5 2 0.6 311
11.5 2 0.6 312
11.5 2 0.6 313
11.5 2 0.6 314
11.5 2 0.6 315
11.5 2 0.6 316
11.5 2 0.6 317
11.5 2 0.6 318
11.5 2 0.6 319
11.5 2 0.6 320
11.5 2 0.6 321
11.5 2 0.6 322
11.5 2 0.6 323
11.5 2 0.6 324
11.5 2 0.6 325
11.5 2 0.6 326
11.5 2 0.6 327
11.5 2 0.6 328
11.5 2 0.6 329
11.5 2 0.6 330
11.5 2 0.6 331
11.5 2 0.6 332
11.5 2 0.6 333
11.5 2 0.6 334
11.5 2 0.6 335
11.5 2 0.6 336
11.5 2 0.6 337
11.5 2 0.6 338
11.5 2 0.6 339
11.5 2 0.6 340
11.5 2 0.6 341
11.5 2 0.6 342
11.5 2 0.6 343
11.5 2 0.6 344
11.5 2 0.6 345
11.5 2 0.6 346
11.5 2 0.6 347
11.5 2 0.6 348
11.5 2 0.6 349
11.5 2 0.6 350
11.5 2 0.6 351
11.5 2 0.6 352
11.5 2 0.6 353
11.5 2 0.6 354
11.5 2 0.6 355
11.5 2 0.6 356
11.5 2 0.6 357
11.5 2 0.6 358
11.5 2 0.6 359
11.5 2 0.6 360
11.5 2 0.6 361
11.5 2 0.6 362
11.5 2 0.6 363
11.5 2 0.6 364
11.5 2 0.6 365
11.5 2 0.6 366
11.5 2 0.6 367
11.5 2 0.6 368
11.5 2 0.6 369
11.5 2 0.6 370
11.5 2 0.6 371
11.5 2 0.6 372
11.5 2 0.6 373
11.5 2 0.6 374
11.5 2 0.6 375
11.5 2 0.6 376
11.5 2 0.6 377
11.5 2 0.6 378
11.5 2 0.6 379
11.5 2 0.6 380
11.5 2 0.6 381
11.5 2 0.6 382
11.5 2 0.6 383
11.5 2 0.6 384
11.5 2 0.6 385
11.5 2 0.6 386
11.5 2 0.6 387
11.5 2 0.6 388
11.5 2 0.6 389
11.5 2 0.6 390
11.5 2 0.6 391
11.5 2 0.6 392
11.5 2 0.6 393
11.5 2 0.6 394
11.5 2 0.6 395
11.5 2 0.6 396
11.5 2 0.6 397
11.5 2 0.6 398
11.5 2 0.6 399
12 2 0.6 0
12 2 0.6 1
12 2 0.6 2
12 2 0.6 3
12 2 0.6 4
12 2 0.6 5
12 2 0.6 6
12 2 0.6 7
12 2 0.6 8
12 2 0.6 9
12 2 0.6 10
12 2 0.6 11
12 2 0.6 12
12 2 0.6 13
12 2 0.6 14
12 2 0.6 15
12 2 0.6 16
12 2 0.6 17
12 2 0.6 18
12 2 0.6 19
12 2 0.6 20
12 2 0.6 21
12 2 0.6 22
12 2 0.6 23
12 2 0.6 24
12 2 0.6 25
12 2 0.6 26
12 2 0.6 27
12 2 0.6 28
12 2 0.6 29
12 2 0.6 30
12 2 0.6 31
12 2 0.6 32
12 2 0.6 33
12 2 0.6 34
12 2 0.6 35
12 2 0.6 36
12 2 0.6 37
12 2 0.6 38
12 2 0.6 39
12 2 0.6 40
12 2 0.6 41
12 2 0.6 42
12 2 0.6 43
12 2 0.6 44
12 2 0.6 45
12 2 0.6 46
12 2 0.6 47
12 2 0.6 48
12 2 0.6 49
12 2 0.6 50
12 2 0.6 51
12 2 0.6 52
12 2 0.6 53
12 2 0.6 54
12 2 0.6 55
12 2 0.6 56
12 2 0.6 57
12 2 0.6 58
12 2 0.6 59
12 2 0.6 60
12 2 0.6 61
12 2 0.6 62
12 2 0.6 63
12 2 0.6 64
12 2 0.6 65
12 2 0.6 66
12 2 0.6 67
12 2 0.6 68
12 2 0.6 69
12 2 0.6 70
12 2 0.6 71
12 2 0.6 72
12 2 0.6 73
12 2 0.6 74
12 2 0.6 75
12 2 0.6 76
12 2 0.6 77
12 2 0.6 78
12 2 0.6 79
12 2 0.6 80
12 2 0.6 81
12 2 0.6 82
12 2 0.6 83
12 2 0.6 84
12 2 0.6 85
12 2 0.6 86
12 2 0.6 87
12 2 0.6 88
12 2 0.6 89
12 2 0.6 90
12 2 0.6 91
12 2 0.6 92
12 2 0.6 93
12 2 0.6 94
12 2 0.6 95
12 2 0.6 96
12 2 0.6 97
12 2 0.6 98
12 2 0.6 99
12 2 0.6 100
12 2 0.6 101
12 2 0.6 102
12 2 0.6 103
12 2 0.6 104
12 2 0.6 105
12 2 0.6 106
12 2 0.6 107
12 2 0.6 108
12 2 0.6 109
12 2 0.6 110
12 2 0.6 111
12 2 0.6 112
12 2 0.6 113
12 2 0.6 114
12 2 0.6 115
12 2 0.6 116
12 2 0.6 117
12 2 0.6 118
12 2 0.6 119
12 2 0.6 120
12 2 0.6 121
12 2 0.6 122
12 2 0.6 123
12 2 0.6 124
12 2 0.6 125
12 2 0.6 126
12 2 0.6 127
12 2 0.6 128
12 2 0.6 129
12 2 0.6 130
12 2 0.6 131
12 2 0.6 132
12 2 0.6 133
12 2 0.6 134
12 2 0.6 135
12 2 0.6 136
12 2 0.6 137
12 2 0.6 138
12 2 0.6 139
12 2 0.6 140
12 2 0.6 141
12 2 0.6 142
12 2 0.6 143
12 2 0.6 144
12 2 0.6 145
12 2 0.6 146
12 2 0.6 147
12 2 0.6 148
12 2 0.6 149
12 2 0.6 150
12 2 0.6 151
12 2 0.6 152
12 2 0.6 153
12 2 0.6 154
12 2 0.6 155
12 2 0.6 156
12 2 0.6 157
12 2 0.6 158
12 2 0.6 159
12 2 0.6 160
12 2 0.6 161
12 2 0.6 162
12 2 0.6 163
12 2 0.6 164
12 2 0.6 165
12 2 0.6 166
12 2 0.6 167
12 2 0.6 168
12 2 0.6 169
12 2 0.6 170
12 2 0.6 171
12 2 0.6 172
12 2 0.6 173
12 2 0.6 174
12 2 0.6 175
12 2 0.6 176
12 2 0.6 177
12 2 0.6 178
12 2 0.6 179
12 2 0.6 180
12 2 0.6 181
12 2 0.6 182
12 2 0.6 183
12 2 0.6 184
12 2 0.6 185
12 2 0.6 186
12 2 0.6 187
12 2 0.6 188
12 2 0.6 189
12 2 0.6 190
12 2 0.6 191
12 2 0.6 192
12 2 0.6 193
12 2 0.6 194
12 2 0.6 195
12 2 0.6 196
12 2 0.6 197
12 2 0.6 198
12 2 0.6 199
12 2 0.6 200
12 2 0.6 201
12 2 0.6 202
12 2 0.6 203
12 2 0.6 204
12 2 0.6 205
12 2 0.6 206
12 2 0.6 207
12 2 0.6 208
12 2 0.6 209
12 2 0.6 210
12 2 0.6 211
12 2 0.6 212
12 2 0.6 213
12 2 0.6 214
12 2 0.6 215
12 2 0.6 216
12 2 0.6 217
12 2 0.6 218
12 2 0.6 219
12 2 0.6 220
12 2 0.6 221
12 2 0.6 222
12 2 0.6 223
12 2 0.6 224
12 2 0.6 225
12 2 0.6 226
12 2 0.6 227
12 2 0.6 228
12 2 0.6 229
12 2 0.6 230
12 2 0.6 231
12 2 0.6 232
12 2 0.6 233
12 2 0.6 234
12 2 0.6 235
12 2 0.6 236
12 2 0.6 237
12 2 0.6 238
12 2 0.6 239
12 2 0.6 240
12 2 0.6 241
12 2 0.6 242
12 2 0.6 243
12 2 0.6 244
12 2 0.6 245
12 2 0.6 246
12 2 0.6 247
12 2 0.6 248
12 2 0.6 249
12 2 0.6 250
12 2 0.6 251
12 2 0.6 252
12 2 0.6 253
12 2 0.6 254
12 2 0.6 255
12 2 0.6 256
12 2 0.6 257
12 2 0.6 258
12 2 0.6 259
12 2 0.6 260
12 2 0.6 261
12 2 0.6 262
12 2 0.6 263
12 2 0.6 264
12 2 0.6 265
12 2 0.6 266
12 2 0.6 267
12 2 0.6 268
12 2 0.6 269
12 2 0.6 270
12 2 0.6 271
12 2 0.6 272
12 2 0.6 273
12 2 0.6 274
12 2 0.6 275
12 2 0.6 276
12 2 0.6 277
12 2 0.6 278
12 2 0.6 279
12 2 0.6 280
12 2 0.6 281
12 2 0.6 282
12 2 0.6 283
12 2 0.6 284
12 2 0.6 285
12 2 0.6 286
12 2 0.6 287
12 2 0.6 288
12 2 0.6 289
12 2 0.6 290
12 2 0.6 291
12 2 0.6 292
12 2 0.6 293
12 2 0.6 294
12 2 0.6 295
12 2 0.6 296
12 2 0.6 297
12 2 0.6 298
12 2 0.6 299
12 2 0.6 300
12 2 0.6 301
12 2 0.6 302
12 2 0.6 303
12 2 0.6 304
12 2 0.6 305
12 2 0.6 306
12 2 0.6 307
12 2 0.6 308
12 2 0.6 309
12 2 0.6 310
12 2 0.6 311
12 2 0.6 312
12 2 0.6 313
12 2 0.6 314
12 2 0.6 315
12 2 0.6 316
12 2 0.6 317
12 2 0.6 318
12 2 0.6 319
12 2 0.6 320
12 2 0.6 321
12 2 0.6 322
12 2 0.6 323
12 2 0.6 324
12 2 0.6 325
12 2 0.6 326
12 2 0.6 327
12 2 0.6 328
12 2 0.6 329
12 2 0.6 330
12 2 0.6 331
12 2 0.6 332
12 2 0.6 333
12 2 0.6 334
12 2 0.6 335
12 2 0.6 336
12 2 0.6 337
12 2 0.6 338
12 2 0.6 339
12 2 0.6 340
12 2 0.6 341
12 2 0.6 342
12 2 0.6 343
12 2 0.6 344
12 2 0.6 345
12 2 0.6 346
12 2 0.6 347
12 2 0.6 348
12 2 0.6 349
12 2 0.6 350
12 2 0.6 351
12 2 0.6 352
12 2 0.6 353
12 2 0.6 354
12 2 0.6 355
12 2 0.6 356
12 2 0.6 357
12 2 0.6 358
12 2 0.6 359
12 2 0.6 360
12 2 0.6 361
12 2 0.6 362
12 2 0.6 363
12 2 0.6 364
12 2 0.6 365
12 2 0.6 366
12 2 0.6 367
12 2 0.6 368
12 2 0.6 369
12 2 0.6 370
12 2 0.6 371
12 2 0.6 372
12 2 0.6 373
12 2 0.6 374
12 2 0.6 375
12 2 0.6 376
12 2 0.6 377
12 2 0.6 378
12 2 0.6 379
12 2 0.6 380
12 2 0.6 381
12 2 0.6 382
12 2 0.6 383
12 2 0.6 384
12 2 0.6 385
12 2 0.6 386
12 2 0.6 387
12 2 0.6 388
12 2 0.6 389
12 2 0.6 390
12 2 0.6 391
12 2 0.6 392
12 2 0.6 393
12 2 0.6 394
12 2 0.6 395
12 2 0.6 396
12 2 0.6 397
12 2 0.6 398
12 2 0.6 399
!!node 5!!
12.5 2 0.6 0
12.5 2 0.6 1
12.5 2 0.6 2
12.5 2 0.6 3
12.5 2 0.6 4
12.5 2 0.6 5
12.5 2 0.6 6
12.5 2 0.6 7
12.5 2 0.6 8
12.5 2 0.6 9
12.5 2 0.6 10
12.5 2 0.6 11
12.5 2 0.6 12
12.5 2 0.6 13
12.5 2 0.6 14
12.5 2 0.6 15
12.5 2 0.6 16
12.5 2 0.6 17
12.5 2 0.6 18
12.5 2 0.6 19
12.5 2 0.6 20
12.5 2 0.6 21
12.5 2 0.6 22
12.5 2 0.6 23
12.5 2 0.6 24
12.5 2 0.6 25
12.5 2 0.6 26
12.5 2 0.6 27
12.5 2 0.6 28
12.5 2 0.6 29
12.5 2 0.6 30
12.5 2 0.6 31
12.5 2 0.6 32
12.5 2 0.6 33
12.5 2 0.6 34
12.5 2 0.6 35
12.5 2 0.6 36
12.5 2 0.6 37
12.5 2 0.6 38
12.5 2 0.6 39
12.5 2 0.6 40
12.5 2 0.6 41
12.5 2 0.6 42
12.5 2 0.6 43
12.5 2 0.6 44
12.5 2 0.6 45
12.5 2 0.6 46
12.5 2 0.6 47
12.5 2 0.6 48
12.5 2 0.6 49
12.5 2 0.6 50
12.5 2 0.6 51
12.5 2 0.6 52
12.5 2 0.6 53
12.5 2 0.6 54
12.5 2 0.6 55
12.5 2 0.6 56
12.5 2 0.6 57
12.5 2 0.6 58
12.5 2 0.6 59
12.5 2 0.6 60
12.5 2 0.6 61
12.5 2 0.6 62
12.5 2 0.6 63
12.5 2 0.6 64
12.5 2 0.6 65
12.5 2 0.6 66
12.5 2 0.6 67
12.5 2 0.6 68
12.5 2 0.6 69
12.5 2 0.6 70
12.5 2 0.6 71
12.5 2 0.6 72
12.5 2 0.6 73
12.5 2 0.6 74
12.5 2 0.6 75
12.5 2 0.6 76
12.5 2 0.6 77
12.5 2 0.6 78
12.5 2 0.6 79
12.5 2 0.6 80
12.5 2 0.6 81
12.5 2 0.6 82
12.5 2 0.6 83
12.5 2 0.6 84
12.5 2 0.6 85
12.5 2 0.6 86
12.5 2 0.6 87
12.5 2 0.6 88
12.5 2 0.6 89
12.5 2 0.6 90
12.5 2 0.6 91
12.5 2 0.6 92
12.5 2 0.6 93
12.5 2 0.6 94
12.5 2 0.6 95
12.5 2 0.6 96
12.5 2 0.6 97
12.5 2 0.6 98
12.5 2 0.6 99
12.5 2 0.6 100
12.5 2 0.6 101
12.5 2 0.6 102
12.5 2 0.6 103
12.5 2 0.6 104
12.5 2 0.6 105
12.5 2 0.6 106
12.5 2 0.6 107
12.5 2 0.6 108
12.5 2 0.6 109
12.5 2 0.6 110
12.5 2 0.6 111
12.5 2 0.6 112
12.5 2 0.6 113
12.5 2 0.6 114
12.5 2 0.6 115
12.5 2 0.6 116
12.5 2 0.6 117
12.5 2 0.6 118
12.5 2 0.6 119
12.5 2 0.6 120
12.5 2 0.6 121
12.5 2 0.6 122
12.5 2 0.6 123
12.5 2 0.6 124
12.5 2 0.6 125
12.5 2 0.6 126
12.5 2 0.6 127
12.5 2 0.6 128
12.5 2 0.6 129
12.5 2 0.6 130
12.5 2 0.6 131
12.5 2 0.6 132
12.5 2 0.6 133
12.5 2 0.6 134
12.5 2 0.6 135
12.5 2 0.6 136
12.5 2 0.6 137
12.5 2 0.6 138
12.5 2 0.6 139
12.5 2 0.6 140
12.5 2 0.6 141
12.5 2 0.6 142
12.5 2 0.6 143
12.5 2 0.6 144
12.5 2 0.6 145
12.5 2 0.6 146
12.5 2 0.6 147
12.5 2 0.6 148
12.5 2 0.6 149
12.5 2 0.6 150
12.5 2 0.6 151
12.5 2 0.6 152
12.5 2 0.6 153
12.5 2 0.6 154
12.5 2 0.6 155
12.5 2 0.6 156
12.5 2 0.6 157
12.5 2 0.6 158
12.5 2 0.6 159
12.5 2 0.6 160
12.5 2 0.6 161
12.5 2 0.6 162
12.5 2 0.6 163
12.5 2 0.6 164
12.5 2 0.6 165
12.5 2 0.6 166
12.5 2 0.6 167
12.5 2 0.6 168
12.5 2 0.6 169
12.5 2 0.6 170
12.5 2 0.6 171
12.5 2 0.6 172
12.5 2 0.6 173
12.5 2 0.6 174
12.5 2 0.6 175
12.5 2 0.6 176
12.5 2 0.6 177
12.5 2 0.6 178
12.5 2 0.6 179
12.5 2 0.6 180
12.5 2 0.6 181
12.5 2 0.6 182
12.5 2 0.6 183
12.5 2 0.6 184
12.5 2 0.6 185
12.5 2 0.6 186
12.5 2 0.6 187
12.5 2 0.6 188
12.5 2 0.6 189
12.5 2 0.6 190
12.5 2 0.6 191
12.5 2 0.6 192
12.5 2 0.6 193
12.5 2 0.6 194
12.5 2 0.6 195
12.5 2 0.6 196
12.5 2 0.6 197
12.5 2 0.6 198
12.5 2 0.6 199
12.5 2 0.6 200
12.5 2 0.6 201
12.5 2 0.6 202
12.5 2 0.6 203
12.5 2 0.6 204
12.5 2 0.6 205
12.5 2 0.6 206
12.5 2 0.6 207
12.5 2 0.6 208
12.5 2 0.6 209
12.5 2 0.6 210
12.5 2 0.6 211
12.5 2 0.6 212
12.5 2 0.6 213
12.5 2 0.6 214
12.5 2 0.6 215
12.5 2 0.6 216
12.5 2 0.6 217
12.5 2 0.6 218
12.5 2 0.6 219
12.5 2 0.6 220
12.5 2 0.6 221
12.5 2 0.6 222
12.5 2 0.6 223
12.5 2 0.6 224
12.5 2 0.6 225
12.5 2 0.6 226
12.5 2 0.6 227
12.5 2 0.6 228
12.5 2 0.6 229
12.5 2 0.6 230
12.5 2 0.6 231
12.5 2 0.6 232
12.5 2 0.6 233
12.5 2 0.6 234
12.5 2 0.6 235
12.5 2 0.6 236
12.5 2 0.6 237
12.5 2 0.6 238
12.5 2 0.6 239
12.5 2 0.6 240
12.5 2 0.6 241
12.5 2 0.6 242
12.5 2 0.6 243
12.5 2 0.6 244
12.5 2 0.6 245
12.5 2 0.6 246
12.5 2 0.6 247
12.5 2 0.6 248
12.5 2 0.6 249
12.5 2 0.6 250
12.5 2 0.6 251
12.5 2 0.6 252
12.5 2 0.6 253
12.5 2 0.6 254
12.5 2 0.6 255
12.5 2 0.6 256
12.5 2 0.6 257
12.5 2 0.6 258
12.5 2 0.6 259
12.5 2 0.6 260
12.5 2 0.6 261
12.5 2 0.6 262
12.5 2 0.6 263
12.5 2 0.6 264
12.5 2 0.6 265
12.5 2 0.6 266
12.5 2 0.6 267
12.5 2 0.6 268
12.5 2 0.6 269
12.5 2 0.6 270
12.5 2 0.6 271
12.5 2 0.6 272
12.5 2 0.6 273
12.5 2 0.6 274
12.5 2 0.6 275
12.5 2 0.6 276
12.5 2 0.6 277
12.5 2 0.6 278
12.5 2 0.6 279
12.5 2 0.6 280
12.5 2 0.6 281
12.5 2 0.6 282
12.5 2 0.6 283
12.5 2 0.6 284
12.5 2 0.6 285
12.5 2 0.6 286
12.5 2 0.6 287
12.5 2 0.6 288
12.5 2 0.6 289
12.5 2 0.6 290
12.5 2 0.6 291
12.5 2 0.6 292
12.5 2 0.6 293
12.5 2 0.6 294
12.5 2 0.6 295
12.5 2 0.6 296
12.5 2 0.6 297
12.5 2 0.6 298
12.5 2 0.6 299
12.5 2 0.6 300
12.5 2 0.6 301
12.5 2 0.6 302
12.5 2 0.6 303
12.5 2 0.6 304
12.5 2 0.6 305
12.5 2 0.6 306
12.5 2 0.6 307
12.5 2 0.6 308
12.5 2 0.6 309
12.5 2 0.6 310
12.5 2 0.6 311
12.5 2 0.6 312
12.5 2 0.6 313
12.5 2 0.6 314
12.5 2 0.6 315
12.5 2 0.6 316
12.5 2 0.6 317
12.5 2 0.6 318
12.5 2 0.6 319
12.5 2 0.6 320
12.5 2 0.6 321
12.5 2 0.6 322
12.5 2 0.6 323
12.5 2 0.6 324
12.5 2 0.6 325
12.5 2 0.6 326
12.5 2 0.6 327
12.5 2 0.6 328
12.5 2 0.6 329
12.5 2 0.6 330
12.5 2 0.6 331
12.5 2 0.6 332
12.5 2 0.6 333
12.5 2 0.6 334
12.5 2 0.6 335
12.5 2 0.6 336
12.5 2 0.6 337
12.5 2 0.6 338
12.5 2 0.6 339
12.5 2 0.6 340
12.5 2 0.6 341
12.5 2 0.6 342
12.5 2 0.6 343
12.5 2 0.6 344
12.5 2 0.6 345
12.5 2 0.6 346
12.5 2 0.6 347
12.5 2 0.6 348
12.5 2 0.6 349
12.5 2 0.6 350
12.5 2 0.6 351
12.5 2 0.6 352
12.5 2 0.6 353
12.5 2 0.6 354
12.5 2 0.6 355
12.5 2 0.6 356
12.5 2 0.6 357
12.5 2 0.6 358
12.5 2 0.6 359
12.5 2 0.6 360
12.5 2 0.6 361
12.5 2 0.6 362
12.5 2 0.6 363
12.5 2 0.6 364
12.5 2 0.6 365
12.5 2 0.6 366
12.5 2 0.6 367
12.5 2 0.6 368
12.5 2 0.6 369
12.5 2 0.6 370
12.5 2 0.6 371
12.5 2 0.6 372
12.5 2 0.6 373
12.5 2 0.6 374
12.5 2 0.6 375
12.5 2 0.6 376
12.5 2 0.6 377
12.5 2 0.6 378
12.5 2 0.6 379
12.5 2 0.6 380
12.5 2 0.6 381
12.5 2 0.6 382
12.5 2 0.6 383
12.5 2 0.6 384
12.5 2 0.6 385
12.5 2 0.6 386
12.5 2 0.6 387
12.5 2 0.6 388
12.5 2 0.6 389
12.5 2 0.6 390
12.5 2 0.6 391
12.5 2 0.6 392
12.5 2 0.6 393
12.5 2 0.6 394
12.5 2 0.6 395
12.5 2 0.6 396
12.5 2 0.6 397
12.5 2 0.6 398
12.5 2 0.6 399
13 2 0.6 0
13 2 0.6 1
13 2 0.6 2
13 2 0.6 3
13 2 0.6 4
13 2 0.6 5
13 2 0.6 6
13 2 0.6 7
13 2 0.6 8
13 2 0.6 9
13 2 0.6 10
13 2 0.6 11
13 2 0.6 12
13 2 0.6 13
13 2 0.6 14
13 2 0.6 15
13 2 0.6 16
13 2 0.6 17
13 2 0.6 18
13 2 0.6 19
13 2 0.6 20
13 2 0.6 21
13 2 0.6 22
13 2 0.6 23
13 2 0.6 24
13 2 0.6 25
13 2 0.6 26
13 2 0.6 27
13 2 0.6 28
13 2 0.6 29
13 2 0.6 30
13 2 0.6 31
13 2 0.6 32
13 2 0.6 33
13 2 0.6 34
13 2 0.6 35
13 2 0.6 36
13 2 0.6 37
13 2 0.6 38
13 2 0.6 39
13 2 0.6 40
13 2 0.6 41
13 2 0.6 42
13 2 0.6 43
13 2 0.6 44
13 2 0.6 45
13 2 0.6 46
13 2 0.6 47
13 2 0.6 48
13 2 0.6 49
13 2 0.6 50
13 2 0.6 51
13 2 0.6 52
13 2 0.6 53
13 2 0.6 54
13 2 0.6 55
13 2 0.6 56
13 2 0.6 57
13 2 0.6 58
13 2 0.6 59
13 2 0.6 60
13 2 0.6 61
13 2 0.6 62
13 2 0.6 63
13 2 0.6 64
13 2 0.6 65
13 2 0.6 66
13 2 0.6 67
13 2 0.6 68
13 2 0.6 69
13 2 0.6 70
13 2 0.6 71
13 2 0.6 72
13 2 0.6 73
13 2 0.6 74
13 2 0.6 75
13 2 0.6 76
13 2 0.6 77
13 2 0.6 78
13 2 0.6 79
13 2 0.6 80
13 2 0.6 81
13 2 0.6 82
13 2 0.6 83
13 2 0.6 84
13 2 0.6 85
13 2 0.6 86
13 2 0.6 87
13 2 0.6 88
13 2 0.6 89
13 2 0.6 90
13 2 0.6 91
13 2 0.6 92
13 2 0.6 93
13 2 0.6 94
13 2 0.6 95
13 2 0.6 96
13 2 0.6 97
13 2 0.6 98
13 2 0.6 99
13 2 0.6 100
13 2 0.6 101
13 2 0.6 102
13 2 0.6 103
13 2 0.6 104
13 2 0.6 105
13 2 0.6 106
13 2 0.6 107
13 2 0.6 108
13 2 0.6 109
13 2 0.6 110
13 2 0.6 111
13 2 0.6 112
13 2 0.6 113
13 2 0.6 114
13 2 0.6 115
13 2 0.6 116
13 2 0.6 117
13 2 0.6 118
13 2 0.6 119
13 2 0.6 120
13 2 0.6 121
13 2 0.6 122
13 2 0.6 123
13 2 0.6 124
13 2 0.6 125
13 2 0.6 126
13 2 0.6 127
13 2 0.6 128
13 2 0.6 129
13 2 0.6 130
13 2 0.6 131
13 2 0.6 132
13 2 0.6 133
13 2 0.6 134
13 2 0.6 135
13 2 0.6 136
13 2 0.6 137
13 2 0.6 138
13 2 0.6 139
13 2 0.6 140
13 2 0.6 141
13 2 0.6 142
13 2 0.6 143
13 2 0.6 144
13 2 0.6 145
13 2 0.6 146
13 2 0.6 147
13 2 0.6 148
13 2 0.6 149
13 2 0.6 150
13 2 0.6 151
13 2 0.6 152
13 2 0.6 153
13 2 0.6 154
13 2 0.6 155
13 2 0.6 156
13 2 0.6 157
13 2 0.6 158
13 2 0.6 159
13 2 0.6 160
13 2 0.6 161
13 2 0.6 162
13 2 0.6 163
13 2 0.6 164
13 2 0.6 165
13 2 0.6 166
13 2 0.6 167
13 2 0.6 168
13 2 0.6 169
13 2 0.6 170
13 2 0.6 171
13 2 0.6 172
13 2 0.6 173
13 2 0.6 174
13 2 0.6 175
13 2 0.6 176
13 2 0.6 177
13 2 0.6 178
13 2 0.6 179
13 2 0.6 180
13 2 0.6 181
13 2 0.6 182
13 2 0.6 183
13 2 0.6 184
13 2 0.6 185
13 2 0.6 186
13 2 0.6 187
13 2 0.6 188
13 2 0.6 189
13 2 0.6 190
13 2 0.6 191
13 2 0.6 192
13 2 0.6 193
13 2 0.6 194
13 2 0.6 195
13 2 0.6 196
13 2 0.6 197
13 2 0.6 198
13 2 0.6 199
13 2 0.6 200
13 2 0.6 201
13 2 0.6 202
13 2 0.6 203
13 2 0.6 204
13 2 0.6 205
13 2 0.6 206
13 2 0.6 207
13 2 0.6 208
13 2 0.6 209
13 2 0.6 210
13 2 0.6 211
13 2 0.6 212
13 2 0.6 213
13 2 0.6 214
13 2 0.6 215
13 2 0.6 216
13 2 0.6 217
13 2 0.6 218
13 2 0.6 219
13 2 0.6 220
13 2 0.6 221
13 2 0.6 222
13 2 0.6 223
13 2 0.6 224
13 2 0.6 225
13 2 0.6 226
13 2 0.6 227
13 2 0.6 228
13 2 0.6 229
13 2 0.6 230
13 2 0.6 231
13 2 0.6 232
13 2 0.6 233
13 2 0.6 234
13 2 0.6 235
13 2 0.6 236
13 2 0.6 237
13 2 0.6 238
13 2 0.6 239
13 2 0.6 240
13 2 0.6 241
13 2 0.6 242
13 2 0.6 243
13 2 0.6 244
13 2 0.6 245
13 2 0.6 246
13 2 0.6 247
13 2 0.6 248
13 2 0.6 249
13 2 0.6 250
13 2 0.6 251
13 2 0.6 252
13 2 0.6 253
13 2 0.6 254
13 2 0.6 255
13 2 0.6 256
13 2 0.6 257
13 2 0.6 258
13 2 0.6 259
13 2 0.6 260
13 2 0.6 261
13 2 0.6 262
13 2 0.6 263
13 2 0.6 264
13 2 0.6 265
13 2 0.6 266
13 2 0.6 267
13 2 0.6 268
13 2 0.6 269
13 2 0.6 270
13 2 0.6 271
13 2 0.6 272
13 2 0.6 273
13 2 0.6 274
13 2 0.6 275
13 2 0.6 276
13 2 0.6 277
13 2 0.6 278
13 2 0.6 279
13 2 0.6 280
13 2 0.6 281
13 2 0.6 282
13 2 0.6 283
13 2 0.6 284
13 2 0.6 285
13 2 0.6 286
13 2 0.6 287
13 2 0.6 288
13 2 0.6 289
13 2 0.6 290
13 2 0.6 291
13 2 0.6 292
13 2 0.6 293
13 2 0.6 294
13 2 0.6 295
13 2 0.6 296
13 2 0.6 297
13 2 0.6 298
13 2 0.6 299
13 2 0.6 300
13 2 0.6 301
13 2 0.6 302
13 2 0.6 303
13 2 0.6 304
13 2 0.6 305
13 2 0.6 306
13 2 0.6 307
13 2 0.6 308
13 2 0.6 309
13 2 0.6 310
13 2 0.6 311
13 2 0.6 312
13 2 0.6 313
13 2 0.6 314
13 2 0.6 315
13 2 0.6 316
13 2 0.6 317
13 2 0.6 318
13 2 0.6 319
13 2 0.6 320
13 2 0.6 321
13 2 0.6 322
13 2 0.6 323
13 2 0.6 324
13 2 0.6 325
13 2 0.6 326
13 2 0.6 327
13 2 0.6 328
13 2 0.6 329
13 2 0.6 330
13 2 0.6 331
13 2 0.6 332
13 2 0.6 333
13 2 0.6 334
13 2 0.6 335
13 2 0.6 336
13 2 0.6 337
13 2 0.6 338
13 2 0.6 339
13 2 0.6 340
13 2 0.6 341
13 2 0.6 342
13 2 0.6 343
13 2 0.6 344
13 2 0.6 345
13 2 0.6 346
13 2 0.6 347
13 2 0.6 348
13 2 0.6 349
13 2 0.6 350
13 2 0.6 351
13 2 0.6 352
13 2 0.6 353
13 2 0.6 354
13 2 0.6 355
13 2 0.6 356
13 2 0.6 357
13 2 0.6 358
13 2 0.6 359
13 2 0.6 360
13 2 0.6 361
13 2 0.6 362
13 2 0.6 363
13 2 0.6 364
13 2 0.6 365
13 2 0.6 366
13 2 0.6 367
13 2 0.6 368
13 2 0.6 369
13 2 0.6 370
13 2 0.6 371
13 2 0.6 372
13 2 0.6 373
13 2 0.6 374
13 2 0.6 375
13 2 0.6 376
13 2 0.6 377
13 2 0.6 378
13 2 0.6 379
13 2 0.6 380
13 2 0.6 381
13 2 0.6 382
13 2 0.6 383
13 2 0.6 384
13 2 0.6 385
13 2 0.6 386
13 2 0.6 387
13 2 0.6 388
13 2 0.6 389
13 2 0.6 390
13 2 0.6 391
13 2 0.6 392
13 2 0.6 393
13 2 0.6 394
13 2 0.6 395
13 2 0.6 396
13 2 0.6 397
13 2 0.6 398
13 2 0.6 399
!!node 6!!
13.5 2 0.6 0
13.5 2 0.6 1
13.5 2 0.6 2
13.5 2 0.6 3
13.5 2 0.6 4
13.5 2 0.6 5
13.5 2 0.6 6
13.5 2 0.6 7
13.5 2 0.6 8
13.5 2 0.6 9
13.5 2 0.6 10
13.5 2 0.6 11
13.5 2 0.6 12
13.5 2 0.6 13
13.5 2 0.6 14
13.5 2 0.6 15
13.5 2 0.6 16
13.5 2 0.6 17
13.5 2 0.6 18
13.5 2 0.6 19
13.5 2 0.6 20
13.5 2 0.6 21
13.5 2 0.6 22
13.5 2 0.6 23
13.5 2 0.6 24
13.5 2 0.6 25
13.5 2 0.6 26
13.5 2 0.6 27
13.5 2 0.6 28
13.5 2 0.6 29
13.5 2 0.6 30
13.5 2 0.6 31
13.5 2 0.6 32
13.5 2 0.6 33
13.5 2 0.6 34
13.5 2 0.6 35
13.5 2 0.6 36
13.5 2 0.6 37
13.5 2 0.6 38
13.5 2 0.6 39
13.5 2 0.6 40
13.5 2 0.6 41
13.5 2 0.6 42
13.5 2 0.6 43
13.5 2 0.6 44
13.5 2 0.6 45
13.5 2 0.6 46
13.5 2 0.6 47
13.5 2 0.6 48
13.5 2 0.6 49
13.5 2 0.6 50
13.5 2 0.6 51
13.5 2 0.6 52
13.5 2 0.6 53
13.5 2 0.6 54
13.5 2 0.6 55
13.5 2 0.6 56
13.5 2 0.6 57
13.5 2 0.6 58
13.5 2 0.6 59
13.5 2 0.6 60
13.5 2 0.6 61
13.5 2 0.6 62
13.5 2 0.6 63
13.5 2 0.6 64
13.5 2 0.6 65
13.5 2 0.6 66
13.5 2 0.6 67
13.5 2 0.6 68
13.5 2 0.6 69
13.5 2 0.6 70
13.5 2 0.6 71
13.5 2 0.6 72
13.5 2 0.6 73
13.5 2 0.6 74
13.5 2 0.6 75
13.5 2 0.6 76
13.5 2 0.6 77
13.5 2 0.6 78
13.5 2 0.6 79
13.5 2 0.6 80
13.5 2 0.6 81
13.5 2 0.6 82
13.5 2 0.6 83
13.5 2 0.6 84
13.5 2 0.6 85
13.5 2 0.6 86
13.5 2 0.6 87
13.5 2 0.6 88
13.5 2 0.6 89
13.5 2 0.6 90
13.5 2 0.6 91
13.5 2 0.6 92
13.5 2 0.6 93
13.5 2 0.6 94
13.5 2 0.6 95
13.5 2 0.6 96
13.5 2 0.6 97
13.5 2 0.6 98
13.5 2 0.6 99
13.5 2 0.6 100
13.5 2 0.6 101
13.5 2 0.6 102
13.5 2 0.6 103
13.5 2 0.6 104
13.5 2 0.6 105
13.5 2 0.6 106
13.5 2 0.6 107
13.5 2 0.6 108
13.5 2 0.6 109
13.5 2 0.6 110
13.5 2 0.6 111
13.5 2 0.6 112
13.5 2 0.6 113
13.5 2 0.6 114
13.5 2 0.6 115
13.5 2 0.6 116
13.5 2 0.6 117
13.5 2 0.6 118
13.5 2 0.6 119
13.5 2 0.6 120
13.5 2 0.6 121
13.5 2 0.6 122
13.5 2 0.6 123
13.5 2 0.6 124
13.5 2 0.6 125
13.5 2 0.6 126
13.5 2 0.6 127
13.5 2 0.6 128
13.5 2 0.6 129
13.5 2 0.6 130
13.5 2 0.6 131
13.5 2 0.6 132
13.5 2 0.6 133
13.5 2 0.6 134
13.5 2 0.6 135
13.5 2 0.6 136
13.5 2 0.6 137
13.5 2 0.6 138
13.5 2 0.6 139
13.5 2 0.6 140
13.5 2 0.6 141
13.5 2 0.6 142
13.5 2 0.6 143
13.5 2 0.6 144
13.5 2 0.6 145
13.5 2 0.6 146
13.5 2 0.6 147
13.5 2 0.6 148
13.5 2 0.6 149
13.5 2 0.6 150
13.5 2 0.6 151
13.5 2 0.6 152
13.5 2 0.6 153
13.5 2 0.6 154
13.5 2 0.6 155
13.5 2 0.6 156
13.5 2 0.6 157
13.5 2 0.6 158
13.5 2 0.6 159
13.5 2 0.6 160
13.5 2 0.6 161
13.5 2 0.6 162
13.5 2 0.6 163
13.5 2 0.6 164
13.5 2 0.6 165
13.5 2 0.6 166
13.5 2 0.6 167
13.5 2 0.6 168
13.5 2 0.6 169
13.5 2 0.6 170
13.5 2 0.6 171
13.5 2 0.6 172
13.5 2 0.6 173
13.5 2 0.6 174
13.5 2 0.6 175
13.5 2 0.6 176
13.5 2 0.6 177
13.5 2 0.6 178
13.5 2 0.6 179
13.5 2 0.6 180
13.5 2 0.6 181
13.5 2 0.6 182
13.5 2 0.6 183
13.5 2 0.6 184
13.5 2 0.6 185
13.5 2 0.6 186
13.5 2 0.6 187
13.5 2 0.6 188
13.5 2 0.6 189
13.5 2 0.6 190
13.5 2 0.6 191
13.5 2 0.6 192
13.5 2 0.6 193
13.5 2 0.6 194
13.5 2 0.6 195
13.5 2 0.6 196
13.5 2 0.6 197
13.5 2 0.6 198
13.5 2 0.6 199
13.5 2 0.6 200
13.5 2 0.6 201
13.5 2 0.6 202
13.5 2 0.6 203
13.5 2 0.6 204
13.5 2 0.6 205
13.5 2 0.6 206
13.5 2 0.6 207
13.5 2 0.6 208
13.5 2 0.6 209
13.5 2 0.6 210
13.5 2 0.6 211
13.5 2 0.6 212
13.5 2 0.6 213
13.5 2 0.6 214
13.5 2 0.6 215
13.5 2 0.6 216
13.5 2 0.6 217
13.5 2 0.6 218
13.5 2 0.6 219
13.5 2 0.6 220
13.5 2 0.6 221
13.5 2 0.6 222
13.5 2 0.6 223
13.5 2 0.6 224
13.5 2 0.6 225
13.5 2 0.6 226
13.5 2 0.6 227
13.5 2 0.6 228
13.5 2 0.6 229
13.5 2 0.6 230
13.5 2 0.6 231
13.5 2 0.6 232
13.5 2 0.6 233
13.5 2 0.6 234
13.5 2 0.6 235
13.5 2 0.6 236
13.5 2 0.6 237
13.5 2 0.6 238
13.5 2 0.6 239
13.5 2 0.6 240
13.5 2 0.6 241
13.5 2 0.6 242
13.5 2 0.6 243
13.5 2 0.6 244
13.5 2 0.6 245
13.5 2 0.6 246
13.5 2 0.6 247
13.5 2 0.6 248
13.5 2 0.6 249
13.5 2 0.6 250
13.5 2 0.6 251
13.5 2 0.6 252
13.5 2 0.6 253
13.5 2 0.6 254
13.5 2 0.6 255
13.5 2 0.6 256
13.5 2 0.6 257
13.5 2 0.6 258
13.5 2 0.6 259
13.5 2 0.6 260
13.5 2 0.6 261
13.5 2 0.6 262
13.5 2 0.6 263
13.5 2 0.6 264
13.5 2 0.6 265
13.5 2 0.6 266
13.5 2 0.6 267
13.5 2 0.6 268
13.5 2 0.6 269
13.5 2 0.6 270
13.5 2 0.6 271
13.5 2 0.6 272
13.5 2 0.6 273
13.5 2 0.6 274
13.5 2 0.6 275
13.5 2 0.6 276
13.5 2 0.6 277
13.5 2 0.6 278
13.5 2 0.6 279
13.5 2 0.6 280
13.5 2 0.6 281
13.5 2 0.6 282
13.5 2 0.6 283
13.5 2 0.6 284
13.5 2 0.6 285
13.5 2 0.6 286
13.5 2 0.6 287
13.5 2 0.6 288
13.5 2 0.6 289
13.5 2 0.6 290
13.5 2 0.6 291
13.5 2 0.6 292
13.5 2 0.6 293
13.5 2 0.6 294
13.5 2 0.6 295
13.5 2 0.6 296
13.5 2 0.6 297
13.5 2 0.6 298
13.5 2 0.6 299
13.5 2 0.6 300
13.5 2 0.6 301
13.5 2 0.6 302
13.5 2 0.6 303
13.5 2 0.6 304
13.5 2 0.6 305
13.5 2 0.6 306
13.5 2 0.6 307
13.5 2 0.6 308
13.5 2 0.6 309
13.5 2 0.6 310
13.5 2 0.6 311
13.5 2 0.6 312
13.5 2 0.6 313
13.5 2 0.6 314
13.5 2 0.6 315
13.5 2 0.6 316
13.5 2 0.6 317
13.5 2 0.6 318
13.5 2 0.6 319
13.5 2 0.6 320
13.5 2 0.6 321
13.5 2 0.6 322
13.5 2 0.6 323
13.5 2 0.6 324
13.5 2 0.6 325
13.5 2 0.6 326
13.5 2 0.6 327
13.5 2 0.6 328
13.5 2 0.6 329
13.5 2 0.6 330
13.5 2 0.6 331
13.5 2 0.6 332
13.5 2 0.6 333
13.5 2 0.6 334
13.5 2 0.6 335
13.5 2 0.6 336
13.5 2 0.6 337
13.5 2 0.6 338
13.5 2 0.6 339
13.5 2 0.6 340
13.5 2 0.6 341
13.5 2 0.6 342
13.5 2 0.6 343
13.5 2 0.6 344
13.5 2 0.6 345
13.5 2 0.6 346
13.5 2 0.6 347
13.5 2 0.6 348
13.5 2 0.6 349
13.5 2 0.6 350
13.5 2 0.6 351
13.5 2 0.6 352
13.5 2 0.6 353
13.5 2 0.6 354
13.5 2 0.6 355
13.5 2 0.6 356
13.5 2 0.6 357
13.5 2 0.6 358
13.5 2 0.6 359
13.5 2 0.6 360
13.5 2 0.6 361
13.5 2 0.6 362
13.5 2 0.6 363
13.5 2 0.6 364
13.5 2 0.6 365
13.5 2 0.6 366
13.5 2 0.6 367
13.5 2 0.6 368
13.5 2 0.6 369
13.5 2 0.6 370
13.5 2 0.6 371
13.5 2 0.6 372
13.5 2 0.6 373
13.5 2 0.6 374
13.5 2 0.6 375
13.5 2 0.6 376
13.5 2 0.6 377
13.5 2 0.6 378
13.5 2 0.6 379
13.5 2 0.6 380
13.5 2 0.6 381
13.5 2 0.6 382
13.5 2 0.6 383
13.5 2 0.6 384
13.5 2 0.6 385
13.5 2 0.6 386
13.5 2 0.6 387
13.5 2 0.6 388
13.5 2 0.6 389
13.5 2 0.6 390
13.5 2 0.6 391
13.5 2 0.6 392
13.5 2 0.6 393
13.5 2 0.6 394
13.5 2 0.6 395
13.5 2 0.6 396
13.5 2 0.6 397
13.5 2 0.6 398
13.5 2 0.6 399
14 2 0.6 0
14 2 0.6 1
14 2 0.6 2
14 2 0.6 3
14 2 0.6 4
14 2 0.6 5
14 2 0.6 6
14 2 0.6 7
14 2 0.6 8
14 2 0.6 9
14 2 0.6 10
14 2 0.6 11
14 2 0.6 12
14 2 0.6 13
14 2 0.6 14
14 2 0.6 15
14 2 0.6 16
14 2 0.6 17
14 2 0.6 18
14 2 0.6 19
14 2 0.6 20
14 2 0.6 21
14 2 0.6 22
14 2 0.6 23
14 2 0.6 24
14 2 0.6 25
14 2 0.6 26
14 2 0.6 27
14 2 0.6 28
14 2 0.6 29
14 2 0.6 30
14 2 0.6 31
14 2 0.6 32
14 2 0.6 33
14 2 0.6 34
14 2 0.6 35
14 2 0.6 36
14 2 0.6 37
14 2 0.6 38
14 2 0.6 39
14 2 0.6 40
14 2 0.6 41
14 2 0.6 42
14 2 0.6 43
14 2 0.6 44
14 2 0.6 45
14 2 0.6 46
14 2 0.6 47
14 2 0.6 48
14 2 0.6 49
14 2 0.6 50
14 2 0.6 51
14 2 0.6 52
14 2 0.6 53
14 2 0.6 54
14 2 0.6 55
14 2 0.6 56
14 2 0.6 57
14 2 0.6 58
14 2 0.6 59
14 2 0.6 60
14 2 0.6 61
14 2 0.6 62
14 2 0.6 63
14 2 0.6 64
14 2 0.6 65
14 2 0.6 66
14 2 0.6 67
14 2 0.6 68
14 2 0.6 69
14 2 0.6 70
14 2 0.6 71
14 2 0.6 72
14 2 0.6 73
14 2 0.6 74
14 2 0.6 75
14 2 0.6 76
14 2 0.6 77
14 2 0.6 78
14 2 0.6 79
14 2 0.6 80
14 2 0.6 81
14 2 0.6 82
14 2 0.6 83
14 2 0.6 84
14 2 0.6 85
14 2 0.6 86
14 2 0.6 87
14 2 0.6 88
14 2 0.6 89
14 2 0.6 90
14 2 0.6 91
14 2 0.6 92
14 2 0.6 93
14 2 0.6 94
14 2 0.6 95
14 2 0.6 96
14 2 0.6 97
14 2 0.6 98
14 2 0.6 99
14 2 0.6 100
14 2 0.6 101
14 2 0.6 102
14 2 0.6 103
14 2 0.6 104
14 2 0.6 105
14 2 0.6 106
14 2 0.6 107
14 2 0.6 108
14 2 0.6 109
14 2 0.6 110
14 2 0.6 111
14 2 0.6 112
14 2 0.6 113
14 2 0.6 114
14 2 0.6 115
14 2 0.6 116
14 2 0.6 117
14 2 0.6 118
14 2 0.6 119
14 2 0.6 120
14 2 0.6 121
14 2 0.6 122
14 2 0.6 123
14 2 0.6 124
14 2 0.6 125
14 2 0.6 126
14 2 0.6 127
14 2 0.6 128
14 2 0.6 129
14 2 0.6 130
14 2 0.6 131
14 2 0.6 132
14 2 0.6 133
14 2 0.6 134
14 2 0.6 135
14 2 0.6 136
14 2 0.6 137
14 2 0.6 138
14 2 0.6 139
14 2 0.6 140
14 2 0.6 141
14 2 0.6 142
14 2 0.6 143
14 2 0.6 144
14 2 0.6 145
14 2 0.6 146
14 2 0.6 147
14 2 0.6 148
14 2 0.6 149
14 2 0.6 150
14 2 0.6 151
14 2 0.6 152
14 2 0.6 153
14 2 0.6 154
14 2 0.6 155
14 2 0.6 156
14 2 0.6 157
14 2 0.6 158
14 2 0.6 159
14 2 0.6 160
14 2 0.6 161
14 2 0.6 162
14 2 0.6 163
14 2 0.6 164
14 2 0.6 165
14 2 0.6 166
14 2 0.6 167
14 2 0.6 168
14 2 0.6 169
14 2 0.6 170
14 2 0.6 171
14 2 0.6 172
14 2 0.6 173
14 2 0.6 174
14 2 0.6 175
14 2 0.6 176
14 2 0.6 177
14 2 0.6 178
14 2 0.6 179
14 2 0.6 180
14 2 0.6 181
14 2 0.6 182
14 2 0.6 183
14 2 0.6 184
14 2 0.6 185
14 2 0.6 186
14 2 0.6 187
14 2 0.6 188
14 2 0.6 189
14 2 0.6 190
14 2 0.6 191
14 2 0.6 192
14 2 0.6 193
14 2 0.6 194
14 2 0.6 195
14 2 0.6 196
14 2 0.6 197
14 2 0.6 198
14 2 0.6 199
14 2 0.6 200
14 2 0.6 201
14 2 0.6 202
14 2 0.6 203
14 2 0.6 204
14 2 0.6 205
14 2 0.6 206
14 2 0.6 207
14 2 0.6 208
14 2 0.6 209
14 2 0.6 210
14 2 0.6 211
14 2 0.6 212
14 2 0.6 213
14 2 0.6 214
14 2 0.6 215
14 2 0.6 216
14 2 0.6 217
14 2 0.6 218
14 2 0.6 219
14 2 0.6 220
14 2 0.6 221
14 2 0.6 222
14 2 0.6 223
14 2 0.6 224
14 2 0.6 225
14 2 0.6 226
14 2 0.6 227
14 2 0.6 228
14 2 0.6 229
14 2 0.6 230
14 2 0.6 231
14 2 0.6 232
14 2 0.6 233
14 2 0.6 234
14 2 0.6 235
14 2 0.6 236
14 2 0.6 237
14 2 0.6 238
14 2 0.6 239
14 2 0.6 240
14 2 0.6 241
14 2 0.6 242
14 2 0.6 243
14 2 0.6 244
14 2 0.6 245
14 2 0.6 246
14 2 0.6 247
14 2 0.6 248
14 2 0.6 249
14 2 0.6 250
14 2 0.6 251
14 2 0.6 252
14 2 0.6 253
14 2 0.6 254
14 2 0.6 255
14 2 0.6 256
14 2 0.6 257
14 2 0.6 258
14 2 0.6 259
14 2 0.6 260
14 2 0.6 261
14 2 0.6 262
14 2 0.6 263
14 2 0.6 264
14 2 0.6 265
14 2 0.6 266
14 2 0.6 267
14 2 0.6 268
14 2 0.6 269
14 2 0.6 270
14 2 0.6 271
14 2 0.6 272
14 2 0.6 273
14 2 0.6 274
14 2 0.6 275
14 2 0.6 276
14 2 0.6 277
14 2 0.6 278
14 2 0.6 279
14 2 0.6 280
14 2 0.6 281
14 2 0.6 282
14 2 0.6 283
14 2 0.6 284
14 2 0.6 285
14 2 0.6 286
14 2 0.6 287
14 2 0.6 288
14 2 0.6 289
14 2 0.6 290
14 2 0.6 291
14 2 0.6 292
14 2 0.6 293
14 2 0.6 294
14 2 0.6 295
14 2 0.6 296
14 2 0.6 297
14 2 0.6 298
14 2 0.6 299
14 2 0.6 300
14 2 0.6 301
14 2 0.6 302
14 2 0.6 303
14 2 0.6 304
14 2 0.6 305
14 2 0.6 306
14 2 0.6 307
14 2 0.6 308
14 2 0.6 309
14 2 0.6 310
14 2 0.6 311
14 2 0.6 312
14 2 0.6 313
14 2 0.6 314
14 2 0.6 315
14 2 0.6 316
14 2 0.6 317
14 2 0.6 318
14 2 0.6 319
14 2 0.6 320
14 2 0.6 321
14 2 0.6 322
14 2 0.6 323
14 2 0.6 324
14 2 0.6 325
14 2 0.6 326
14 2 0.6 327
14 2 0.6 328
14 2 0.6 329
14 2 0.6 330
14 2 0.6 331
14 2 0.6 332
14 2 0.6 333
14 2 0.6 334
14 2 0.6 335
14 2 0.6 336
14 2 0.6 337
14 2 0.6 338
14 2 0.6 339
14 2 0.6 340
14 2 0.6 341
14 2 0.6 342
14 2 0.6 343
14 2 0.6 344
14 2 0.6 345
14 2 0.6 346
14 2 0.6 347
14 2 0.6 348
14 2 0.6 349
14 2 0.6 350
14 2 0.6 351
14 2 0.6 352
14 2 0.6 353
14 2 0.6 354
14 2 0.6 355
14 2 0.6 356
14 2 0.6 357
14 2 0.6 358
14 2 0.6 359
14 2 0.6 360
14 2 0.6 361
14 2 0.6 362
14 2 0.6 363
14 2 0.6 364
14 2 0.6 365
14 2 0.6 366
14 2 0.6 367
14 2 0.6 368
14 2 0.6 369
14 2 0.6 370
14 2 0.6 371
14 2 0.6 372
14 2 0.6 373
14 2 0.6 374
14 2 0.6 375
14 2 0.6 376
14 2 0.6 377
14 2 0.6 378
14 2 0.6 379
14 2 0.6 380
14 2 0.6 381
14 2 0.6 382
14 2 0.6 383
14 2 0.6 384
14 2 0.6 385
14 2 0.6 386
14 2 0.6 387
14 2 0.6 388
14 2 0.6 389
14 2 0.6 390
14 2 0.6 391
14 2 0.6 392
14 2 0.6 393
14 2 0.6 394
14 2 0.6 395
14 2 0.6 396
14 2 0.6 397
14 2 0.6 398
14 2 0.6 399
!!node 7!!
14.5 2 0.6 0
14.5 2 0.6 1
14.5 2 0.6 2
14.5 2 0.6 3
14.5 2 0.6 4
14.5 2 0.6 5
14.5 2 0.6 6
14.5 2 0.6 7
14.5 2 0.6 8
14.5 2 0.6 9
14.5 2 0.6 10
14.5 2 0.6 11
14.5 2 0.6 12
14.5 2 0.6 13
14.5 2 0.6 14
14.5 2 0.6 15
14.5 2 0.6 16
14.5 2 0.6 17
14.5 2 0.6 18
14.5 2 0.6 19
14.5 2 0.6 20
14.5 2 0.6 21
14.5 2 0.6 22
14.5 2 0.6 23
14.5 2 0.6 24
14.5 2 0.6 25
14.5 2 0.6 26
14.5 2 0.6 27
14.5 2 0.6 28
14.5 2 0.6 29
14.5 2 0.6 30
14.5 2 0.6 31
14.5 2 0.6 32
14.5 2 0.6 33
14.5 2 0.6 34
14.5 2 0.6 35
14.5 2 0.6 36
14.5 2 0.6 37
14.5 2 0.6 38
14.5 2 0.6 39
14.5 2 0.6 40
14.5 2 0.6 41
14.5 2 0.6 42
14.5 2 0.6 43
14.5 2 0.6 44
14.5 2 0.6 45
14.5 2 0.6 46
14.5 2 0.6 47
14.5 2 0.6 48
14.5 2 0.6 49
14.5 2 0.6 50
14.5 2 0.6 51
14.5 2 0.6 52
14.5 2 0.6 53
14.5 2 0.6 54
14.5 2 0.6 55
14.5 2 0.6 56
14.5 2 0.6 57
14.5 2 0.6 58
14.5 2 0.6 59
14.5 2 0.6 60
14.5 2 0.6 61
14.5 2 0.6 62
14.5 2 0.6 63
14.5 2 0.6 64
14.5 2 0.6 65
14.5 2 0.6 66
14.5 2 0.6 67
14.5 2 0.6 68
14.5 2 0.6 69
14.5 2 0.6 70
14.5 2 0.6 71
14.5 2 0.6 72
14.5 2 0.6 73
14.5 2 0.6 74
14.5 2 0.6 75
14.5 2 0.6 76
14.5 2 0.6 77
14.5 2 0.6 78
14.5 2 0.6 79
14.5 2 0.6 80
14.5 2 0.6 81
14.5 2 0.6 82
14.5 2 0.6 83
14.5 2 0.6 84
14.5 2 0.6 85
14.5 2 0.6 86
14.5 2 0.6 87
14.5 2 0.6 88
14.5 2 0.6 89
14.5 2 0.6 90
14.5 2 0.6 91
14.5 2 0.6 92
14.5 2 0.6 93
14.5 2 0.6 94
14.5 2 0.6 95
14.5 2 0.6 96
14.5 2 0.6 97
14.5 2 0.6 98
14.5 2 0.6 99
14.5 2 0.6 100
14.5 2 0.6 101
14.5 2 0.6 102
14.5 2 0.6 103
14.5 2 0.6 104
14.5 2 0.6 105
14.5 2 0.6 106
14.5 2 0.6 107
14.5 2 0.6 108
14.5 2 0.6 109
14.5 2 0.6 110
14.5 2 0.6 111
14.5 2 0.6 112
14.5 2 0.6 113
14.5 2 0.6 114
14.5 2 0.6 115
14.5 2 0.6 116
14.5 2 0.6 117
14.5 2 0.6 118
14.5 2 0.6 119
14.5 2 0.6 120
14.5 2 0.6 121
14.5 2 0.6 122
14.5 2 0.6 123
14.5 2 0.6 124
14.5 2 0.6 125
14.5 2 0.6 126
14.5 2 0.6 127
14.5 2 0.6 128
14.5 2 0.6 129
14.5 2 0.6 130
14.5 2 0.6 131
14.5 2 0.6 132
14.5 2 0.6 133
14.5 2 0.6 134
14.5 2 0.6 135
14.5 2 0.6 136
14.5 2 0.6 137
14.5 2 0.6 138
14.5 2 0.6 139
14.5 2 0.6 140
14.5 2 0.6 141
14.5 2 0.6 142
14.5 2 0.6 143
14.5 2 0.6 144
14.5 2 0.6 145
14.5 2 0.6 146
14.5 2 0.6 147
14.5 2 0.6 148
14.5 2 0.6 149
14.5 2 0.6 150
14.5 2 0.6 151
14.5 2 0.6 152
14.5 2 0.6 153
14.5 2 0.6 154
14.5 2 0.6 155
14.5 2 0.6 156
14.5 2 0.6 157
14.5 2 0.6 158
14.5 2 0.6 159
14.5 2 0.6 160
14.5 2 0.6 161
14.5 2 0.6 162
14.5 2 0.6 163
14.5 2 0.6 164
14.5 2 0.6 165
14.5 2 0.6 166
14.5 2 0.6 167
14.5 2 0.6 168
14.5 2 0.6 169
14.5 2 0.6 170
14.5 2 0.6 171
14.5 2 0.6 172
14.5 2 0.6 173
14.5 2 0.6 174
14.5 2 0.6 175
14.5 2 0.6 176
14.5 2 0.6 177
14.5 2 0.6 178
14.5 2 0.6 179
14.5 2 0.6 180
14.5 2 0.6 181
14.5 2 0.6 182
14.5 2 0.6 183
14.5 2 0.6 184
14.5 2 0.6 185
14.5 2 0.6 186
14.5 2 0.6 187
14.5 2 0.6 188
14.5 2 0.6 189
14.5 2 0.6 190
14.5 2 0.6 191
14.5 2 0.6 192
14.5 2 0.6 193
14.5 2 0.6 194
14.5 2 0.6 195
14.5 2 0.6 196
14.5 2 0.6 197
14.5 2 0.6 198
14.5 2 0.6 199
14.5 2 0.6 200
14.5 2 0.6 201
14.5 2 0.6 202
14.5 2 0.6 203
14.5 2 0.6 204
14.5 2 0.6 205
14.5 2 0.6 206
14.5 2 0.6 207
14.5 2 0.6 208
14.5 2 0.6 209
14.5 2 0.6 210
14.5 2 0.6 211
14.5 2 0.6 212
14.5 2 0.6 213
14.5 2 0.6 214
14.5 2 0.6 215
14.5 2 0.6 216
14.5 2 0.6 217
14.5 2 0.6 218
14.5 2 0.6 219
14.5 2 0.6 220
14.5 2 0.6 221
14.5 2 0.6 222
14.5 2 0.6 223
14.5 2 0.6 224
14.5 2 0.6 225
14.5 2 0.6 226
14.5 2 0.6 227
14.5 2 0.6 228
14.5 2 0.6 229
14.5 2 0.6 230
14.5 2 0.6 231
14.5 2 0.6 232
14.5 2 0.6 233
14.5 2 0.6 234
14.5 2 0.6 235
14.5 2 0.6 236
14.5 2 0.6 237
14.5 2 0.6 238
14.5 2 0.6 239
14.5 2 0.6 240
14.5 2 0.6 241
14.5 2 0.6 242
14.5 2 0.6 243
14.5 2 0.6 244
14.5 2 0.6 245
14.5 2 0.6 246
14.5 2 0.6 247
14.5 2 0.6 248
14.5 2 0.6 249
14.5 2 0.6 250
14.5 2 0.6 251
14.5 2 0.6 252
14.5 2 0.6 253
14.5 2 0.6 254
14.5 2 0.6 255
14.5 2 0.6 256
14.5 2 0.6 257
14.5 2 0.6 258
14.5 2 0.6 259
14.5 2 0.6 260
14.5 2 0.6 261
14.5 2 0.6 262
14.5 2 0.6 263
14.5 2 0.6 264
14.5 2 0.6 265
14.5 2 0.6 266
14.5 2 0.6 267
14.5 2 0.6 268
14.5 2 0.6 269
14.5 2 0.6 270
14.5 2 0.6 271
14.5 2 0.6 272
14.5 2 0.6 273
14.5 2 0.6 274
14.5 2 0.6 275
14.5 2 0.6 276
14.5 2 0.6 277
14.5 2 0.6 278
14.5 2 0.6 279
14.5 2 0.6 280
14.5 2 0.6 281
14.5 2 0.6 282
14.5 2 0.6 283
14.5 2 0.6 284
14.5 2 0.6 285
14.5 2 0.6 286
14.5 2 0.6 287
14.5 2 0.6 288
14.5 2 0.6 289
14.5 2 0.6 290
14.5 2 0.6 291
14.5 2 0.6 292
14.5 2 0.6 293
14.5 2 0.6 294
14.5 2 0.6 295
14.5 2 0.6 296
14.5 2 0.6 297
14.5 2 0.6 298
14.5 2 0.6 299
14.5 2 0.6 300
14.5 2 0.6 301
14.5 2 0.6 302
14.5 2 0.6 303
14.5 2 0.6 304
14.5 2 0.6 305
14.5 2 0.6 306
14.5 2 0.6 307
14.5 2 0.6 308
14.5 2 0.6 309
14.5 2 0.6 310
14.5 2 0.6 311
14.5 2 0.6 312
14.5 2 0.6 313
14.5 2 0.6 314
14.5 2 0.6 315
14.5 2 0.6 316
14.5 2 0.6 317
14.5 2 0.6 318
14.5 2 0.6 319
14.5 2 0.6 320
14.5 2 0.6 321
14.5 2 0.6 322
14.5 2 0.6 323
14.5 2 0.6 324
14.5 2 0.6 325
14.5 2 0.6 326
14.5 2 0.6 327
14.5 2 0.6 328
14.5 2 0.6 329
14.5 2 0.6 330
14.5 2 0.6 331
14.5 2 0.6 332
14.5 2 0.6 333
14.5 2 0.6 334
14.5 2 0.6 335
14.5 2 0.6 336
14.5 2 0.6 337
14.5 2 0.6 338
14.5 2 0.6 339
14.5 2 0.6 340
14.5 2 0.6 341
14.5 2 0.6 342
14.5 2 0.6 343
14.5 2 0.6 344
14.5 2 0.6 345
14.5 2 0.6 346
14.5 2 0.6 347
14.5 2 0.6 348
14.5 2 0.6 349
14.5 2 0.6 350
14.5 2 0.6 351
14.5 2 0.6 352
14.5 2 0.6 353
14.5 2 0.6 354
14.5 2 0.6 355
14.5 2 0.6 356
14.5 2 0.6 357
14.5 2 0.6 358
14.5 2 0.6 359
14.5 2 0.6 360
14.5 2 0.6 361
14.5 2 0.6 362
14.5 2 0.6 363
14.5 2 0.6 364
14.5 2 0.6 365
14.5 2 0.6 366
14.5 2 0.6 367
14.5 2 0.6 368
14.5 2 0.6 369
14.5 2 0.6 370
14.5 2 0.6 371
14.5 2 0.6 372
14.5 2 0.6 373
14.5 2 0.6 374
14.5 2 0.6 375
14.5 2 0.6 376
14.5 2 0.6 377
14.5 2 0.6 378
14.5 2 0.6 379
14.5 2 0.6 380
14.5 2 0.6 381
14.5 2 0.6 382
14.5 2 0.6 383
14.5 2 0.6 384
14.5 2 0.6 385
14.5 2 0.6 386
14.5 2 0.6 387
14.5 2 0.6 388
14.5 2 0.6 389
14.5 2 0.6 390
14.5 2 0.6 391
14.5 2 0.6 392
14.5 2 0.6 393
14.5 2 0.6 394
14.5 2 0.6 395
14.5 2 0.6 396
14.5 2 0.6 397
14.5 2 0.6 398
14.5 2 0.6 399
15 2 0.6 0
15 2 0.6 1
15 2 0.6 2
15 2 0.6 3
15 2 0.6 4
15 2 0.6 5
15 2 0.6 6
15 2 0.6 7
15 2 0.6 8
15 2 0.6 9
15 2 0.6 10
15 2 0.6 11
15 2 0.6 12
15 2 0.6 13
15 2 0.6 14
15 2 0.6 15
15 2 0.6 16
15 2 0.6 17
15 2 0.6 18
15 2 0.6 19
15 2 0.6 20
15 2 0.6 21
15 2 0.6 22
15 2 0.6 23
15 2 0.6 24
15 2 0.6 25
15 2 0.6 26
15 2 0.6 27
15 2 0.6 28
15 2 0.6 29
15 2 0.6 30
15 2 0.6 31
15 2 0.6 32
15 2 0.6 33
15 2 0.6 34
15 2 0.6 35
15 2 0.6 36
15 2 0.6 37
15 2 0.6 38
15 2 0.6 39
15 2 0.6 40
15 2 0.6 41
15 2 0.6 42
15 2 0.6 43
15 2 0.6 44
15 2 0.6 45
15 2 0.6 46
15 2 0.6 47
15 2 0.6 48
15 2 0.6 49
15 2 0.6 50
15 2 0.6 51
15 2 0.6 52
15 2 0.6 53
15 2 0.6 54
15 2 0.6 55
15 2 0.6 56
15 2 0.6 57
15 2 0.6 58
15 2 0.6 59
15 2 0.6 60
15 2 0.6 61
15 2 0.6 62
15 2 0.6 63
15 2 0.6 64
15 2 0.6 65
15 2 0.6 66
15 2 0.6 67
15 2 0.6 68
15 2 0.6 69
15 2 0.6 70
15 2 0.6 71
15 2 0.6 72
15 2 0.6 73
15 2 0.6 74
15 2 0.6 75
15 2 0.6 76
15 2 0.6 77
15 2 0.6 78
15 2 0.6 79
15 2 0.6 80
15 2 0.6 81
15 2 0.6 82
15 2 0.6 83
15 2 0.6 84
15 2 0.6 85
15 2 0.6 86
15 2 0.6 87
15 2 0.6 88
15 2 0.6 89
15 2 0.6 90
15 2 0.6 91
15 2 0.6 92
15 2 0.6 93
15 2 0.6 94
15 2 0.6 95
15 2 0.6 96
15 2 0.6 97
15 2 0.6 98
15 2 0.6 99
15 2 0.6 100
15 2 0.6 101
15 2 0.6 102
15 2 0.6 103
15 2 0.6 104
15 2 0.6 105
15 2 0.6 106
15 2 0.6 107
15 2 0.6 108
15 2 0.6 109
15 2 0.6 110
15 2 0.6 111
15 2 0.6 112
15 2 0.6 113
15 2 0.6 114
15 2 0.6 115
15 2 0.6 116
15 2 0.6 117
15 2 0.6 118
15 2 0.6 119
15 2 0.6 120
15 2 0.6 121
15 2 0.6 122
15 2 0.6 123
15 2 0.6 124
15 2 0.6 125
15 2 0.6 126
15 2 0.6 127
15 2 0.6 128
15 2 0.6 129
15 2 0.6 130
15 2 0.6 131
15 2 0.6 132
15 2 0.6 133
15 2 0.6 134
15 2 0.6 135
15 2 0.6 136
15 2 0.6 137
15 2 0.6 138
15 2 0.6 139
15 2 0.6 140
15 2 0.6 141
15 2 0.6 142
15 2 0.6 143
15 2 0.6 144
15 2 0.6 145
15 2 0.6 146
15 2 0.6 147
15 2 0.6 148
15 2 0.6 149
15 2 0.6 150
15 2 0.6 151
15 2 0.6 152
15 2 0.6 153
15 2 0.6 154
15 2 0.6 155
15 2 0.6 156
15 2 0.6 157
15 2 0.6 158
15 2 0.6 159
15 2 0.6 160
15 2 0.6 161
15 2 0.6 162
15 2 0.6 163
15 2 0.6 164
15 2 0.6 165
15 2 0.6 166
15 2 0.6 167
15 2 0.6 168
15 2 0.6 169
15 2 0.6 170
15 2 0.6 171
15 2 0.6 172
15 2 0.6 173
15 2 0.6 174
15 2 0.6 175
15 2 0.6 176
15 2 0.6 177
15 2 0.6 178
15 2 0.6 179
15 2 0.6 180
15 2 0.6 181
15 2 0.6 182
15 2 0.6 183
15 2 0.6 184
15 2 0.6 185
15 2 0.6 186
15 2 0.6 187
15 2 0.6 188
15 2 0.6 189
15 2 0.6 190
15 2 0.6 191
15 2 0.6 192
15 2 0.6 193
15 2 0.6 194
15 2 0.6 195
15 2 0.6 196
15 2 0.6 197
15 2 0.6 198
15 2 0.6 199
15 2 0.6 200
15 2 0.6 201
15 2 0.6 202
15 2 0.6 203
15 2 0.6 204
15 2 0.6 205
15 2 0.6 206
15 2 0.6 207
15 2 0.6 208
15 2 0.6 209
15 2 0.6 210
15 2 0.6 211
15 2 0.6 212
15 2 0.6 213
15 2 0.6 214
15 2 0.6 215
15 2 0.6 216
15 2 0.6 217
15 2 0.6 218
15 2 0.6 219
15 2 0.6 220
15 2 0.6 221
15 2 0.6 222
15 2 0.6 223
15 2 0.6 224
15 2 0.6 225
15 2 0.6 226
15 2 0.6 227
15 2 0.6 228
15 2 0.6 229
15 2 0.6 230
15 2 0.6 231
15 2 0.6 232
15 2 0.6 233
15 2 0.6 234
15 2 0.6 235
15 2 0.6 236
15 2 0.6 237
15 2 0.6 238
15 2 0.6 239
15 2 0.6 240
15 2 0.6 241
15 2 0.6 242
15 2 0.6 243
15 2 0.6 244
15 2 0.6 245
15 2 0.6 246
15 2 0.6 247
15 2 0.6 248
15 2 0.6 249
15 2 0.6 250
15 2 0.6 251
15 2 0.6 252
15 2 0.6 253
15 2 0.6 254
15 2 0.6 255
15 2 0.6 256
15 2 0.6 257
15 2 0.6 258
15 2 0.6 259
15 2 0.6 260
15 2 0.6 261
15 2 0.6 262
15 2 0.6 263
15 2 0.6 264
15 2 0.6 265
15 2 0.6 266
15 2 0.6 267
15 2 0.6 268
15 2 0.6 269
15 2 0.6 270
15 2 0.6 271
15 2 0.6 272
15 2 0.6 273
15 2 0.6 274
15 2 0.6 275
15 2 0.6 276
15 2 0.6 277
15 2 0.6 278
15 2 0.6 279
15 2 0.6 280
15 2 0.6 281
15 2 0.6 282
15 2 0.6 283
15 2 0.6 284
15 2 0.6 285
15 2 0.6 286
15 2 0.6 287
15 2 0.6 288
15 2 0.6 289
15 2 0.6 290
15 2 0.6 291
15 2 0.6 292
15 2 0.6 293
15 2 0.6 294
15 2 0.6 295
15 2 0.6 296
15 2 0.6 297
15 2 0.6 298
15 2 0.6 299
15 2 0.6 300
15 2 0.6 301
15 2 0.6 302
15 2 0.6 303
15 2 0.6 304
15 2 0.6 305
15 2 0.6 306
15 2 0.6 307
15 2 0.6 308
15 2 0.6 309
15 2 0.6 310
15 2 0.6 311
15 2 0.6 312
15 2 0.6 313
15 2 0.6 314
15 2 0.6 315
15 2 0.6 316
15 2 0.6 317
15 2 0.6 318
15 2 0.6 319
15 2 0.6 320
15 2 0.6 321
15 2 0.6 322
15 2 0.6 323
15 2 0.6 324
15 2 0.6 325
15 2 0.6 326
15 2 0.6 327
15 2 0.6 328
15 2 0.6 329
15 2 0.6 330
15 2 0.6 331
15 2 0.6 332
15 2 0.6 333
15 2 0.6 334
15 2 0.6 335
15 2 0.6 336
15 2 0.6 337
15 2 0.6 338
15 2 0.6 339
15 2 0.6 340
15 2 0.6 341
15 2 0.6 342
15 2 0.6 343
15 2 0.6 344
15 2 0.6 345
15 2 0.6 346
15 2 0.6 347
15 2 0.6 348
15 2 0.6 349
15 2 0.6 350
15 2 0.6 351
15 2 0.6 352
15 2 0.6 353
15 2 0.6 354
15 2 0.6 355
15 2 0.6 356
15 2 0.6 357
15 2 0.6 358
15 2 0.6 359
15 2 0.6 360
15 2 0.6 361
15 2 0.6 362
15 2 0.6 363
15 2 0.6 364
15 2 0.6 365
15 2 0.6 366
15 2 0.6 367
15 2 0.6 368
15 2 0.6 369
15 2 0.6 370
15 2 0.6 371
15 2 0.6 372
15 2 0.6 373
15 2 0.6 374
15 2 0.6 375
15 2 0.6 376
15 2 0.6 377
15 2 0.6 378
15 2 0.6 379
15 2 0.6 380
15 2 0.6 381
15 2 0.6 382
15 2 0.6 383
15 2 0.6 384
15 2 0.6 385
15 2 0.6 386
15 2 0.6 387
15 2 0.6 388
15 2 0.6 389
15 2 0.6 390
15 2 0.6 391
15 2 0.6 392
15 2 0.6 393
15 2 0.6 394
15 2 0.6 395
15 2 0.6 396
15 2 0.6 397
15 2 0.6 398
15 2 0.6 399
