!!node 0!!
3 0
3 1
3 2
3 3
3 4
3 5
3 6
3 7
!!node 1!!
3 8
3 9
3 10
3 11
3 12
3 13
3 14
3 15
!!node 2!!
3 16
3 17
3 18
3 19
3 20
3 21
3 22
3 23
!!node 3!!
3 24
3 25
3 26
3 27
3 28
3 29
3 30
3 31
!!node 4!!
3 32
3 33
3 34
3 35
3 36
3 37
3 38
3 39
!!node 5!!
3 40
3 41
3 42
3 43
3 44
3 45
3 46
3 47
!!node 6!!
3 48
3 49
3 50
3 51
3 52
3 53
3 54
3 55
!!node 7!!
3 56
3 57
3 58
3 59
3 60
3 61
3 62
3 63
!!node 8!!
3 64
3 65
3 66
3 67
3 68
3 69
3 70
3 71
!!node 9!!
3 72
3 73
3 74
3 75
3 76
3 77
3 78
3 79
!!node 10!!
3 80
3 81
3 82
3 83
3 84
3 85
3 86
3 87
!!node 11!!
3 88
3 89
3 90
3 91
3 92
3 93
3 94
3 95
!!node 12!!
3 96
3 97
3 98
3 99
3 100
3 101
3 102
3 103
!!node 13!!
3 104
3 105
3 106
3 107
3 108
3 109
3 110
3 111
!!node 14!!
3 112
3 113
3 114
3 115
3 116
3 117
3 118
3 119
!!node 15!!
3 120
3 121
3 122
3 123
3 124
3 125
3 126
3 127
!!node 16!!
3 128
3 129
3 130
3 131
3 132
3 133
3 134
3 135
!!node 17!!
3 136
3 137
3 138
3 139
3 140
3 141
3 142
3 143
!!node 18!!
3 144
3 145
3 146
3 147
3 148
3 149
3 150
3 151
!!node 19!!
3 152
3 153
3 154
3 155
3 156
3 157
3 158
3 159
!!node 20!!
3 160
3 161
3 162
3 163
3 164
3 165
3 166
3 167
!!node 21!!
3 168
3 169
3 170
3 171
3 172
3 173
3 174
3 175
!!node 22!!
3 176
3 177
3 178
3 179
3 180
3 181
3 182
3 183
!!node 23!!
3 184
3 185
3 186
3 187
3 188
3 189
3 190
3 191
!!node 24!!
3 192
3 193
3 194
3 195
3 196
3 197
3 198
3 199
!!node 25!!
3 200
3 201
3 202
3 203
3 204
3 205
3 206
3 207
!!node 26!!
3 208
3 209
3 210
3 211
3 212
3 213
3 214
3 215
!!node 27!!
3 216
3 217
3 218
3 219
3 220
3 221
3 222
3 223
!!node 28!!
3 224
3 225
3 226
3 227
3 228
3 229
3 230
3 231
!!node 29!!
3 232
3 233
3 234
3 235
3 236
3 237
3 238
3 239
!!node 30!!
3 240
3 241
3 242
3 243
3 244
3 245
3 246
3 247
!!node 31!!
3 248
3 249
3 250
3 251
3 252
3 253
3 254
3 255
!!node 32!!
3 256
3 257
3 258
3 259
3 260
3 261
3 262
3 263
!!node 33!!
3 264
3 265
3 266
3 267
3 268
3 269
3 270
3 271
!!node 34!!
3 272
3 273
3 274
3 275
3 276
3 277
3 278
3 279
!!node 35!!
3 280
3 281
3 282
3 283
3 284
3 285
3 286
3 287
!!node 36!!
3 288
3 289
3 290
3 291
3 292
3 293
3 294
3 295
!!node 37!!
3 296
3 297
3 298
3 299
3 300
3 301
3 302
3 303
!!node 38!!
3 304
3 305
3 306
3 307
3 308
3 309
3 310
3 311
!!node 39!!
3 312
3 313
3 314
3 315
3 316
3 317
3 318
3 319
!!node 40!!
3 320
3 321
3 322
3 323
3 324
3 325
3 326
3 327
!!node 41!!
3 328
3 329
3 330
3 331
3 332
3 333
3 334
3 335
!!node 42!!
3 336
3 337
3 338
3 339
3 340
3 341
3 342
3 343
!!node 43!!
3 344
3 345
3 346
3 347
3 348
3 349
3 350
3 351
!!node 44!!
3 352
3 353
3 354
3 355
3 356
3 357
3 358
3 359
!!node 45!!
3 360
3 361
3 362
3 363
3 364
3 365
3 366
3 367
!!node 46!!
3 368
3 369
3 370
3 371
3 372
3 373
3 374
3 375
!!node 47!!
3 376
3 377
3 378
3 379
3 380
3 381
3 382
3 383
!!node 48!!
3 384
3 385
3 386
3 387
3 388
3 389
3 390
3 391
!!node 49!!
3 392
3 393
3 394
3 395
3 396
3 397
3 398
3 399
!!node 50!!
3 400
3 401
3 402
3 403
3 404
3 405
3 406
3 407
!!node 51!!
3 408
3 409
3 410
3 411
3 412
3 413
3 414
3 415
!!node 52!!
3 416
3 417
3 418
3 419
3 420
3 421
3 422
3 423
!!node 53!!
3 424
3 425
3 426
3 427
3 428
3 429
3 430
3 431
!!node 54!!
3 432
3 433
3 434
3 435
3 436
3 437
3 438
3 439
!!node 55!!
3 440
3 441
3 442
3 443
3 444
3 445
3 446
3 447
!!node 56!!
3 448
3 449
3 450
3 451
3 452
3 453
3 454
3 455
!!node 57!!
3 456
3 457
3 458
3 459
3 460
3 461
3 462
3 463
!!node 58!!
3 464
3 465
3 466
3 467
3 468
3 469
3 470
3 471
!!node 59!!
3 472
3 473
3 474
3 475
3 476
3 477
3 478
3 479
!!node 60!!
3 480
3 481
3 482
3 483
3 484
3 485
3 486
3 487
!!node 61!!
3 488
3 489
3 490
3 491
3 492
3 493
3 494
3 495
!!node 62!!
3 496
3 497
3 498
3 499
3 500
3 501
3 502
3 503
!!node 63!!
3 504
3 505
3 506
3 507
3 508
3 509
3 510
3 511
!!node 64!!
3 512
3 513
3 514
3 515
3 516
3 517
3 518
3 519
!!node 65!!
3 520
3 521
3 522
3 523
3 524
3 525
3 526
3 527
!!node 66!!
3 528
3 529
3 530
3 531
3 532
3 533
3 534
3 535
!!node 67!!
3 536
3 537
3 538
3 539
3 540
3 541
3 542
3 543
!!node 68!!
3 544
3 545
3 546
3 547
3 548
3 549
3 550
3 551
!!node 69!!
3 552
3 553
3 554
3 555
3 556
3 557
3 558
3 559
!!node 70!!
3 560
3 561
3 562
3 563
3 564
3 565
3 566
3 567
!!node 71!!
3 568
3 569
3 570
3 571
3 572
3 573
3 574
3 575
!!node 72!!
3 576
3 577
3 578
3 579
3 580
3 581
3 582
3 583
!!node 73!!
3 584
3 585
3 586
3 587
3 588
3 589
3 590
3 591
!!node 74!!
3 592
3 593
3 594
3 595
3 596
3 597
3 598
3 599
!!node 75!!
3 600
3 601
3 602
3 603
3 604
3 605
3 606
3 607
!!node 76!!
3 608
3 609
3 610
3 611
3 612
3 613
3 614
3 615
!!node 77!!
3 616
3 617
3 618
3 619
3 620
3 621
3 622
3 623
!!node 78!!
3 624
3 625
3 626
3 627
3 628
3 629
3 630
3 631
!!node 79!!
3 632
3 633
3 634
3 635
3 636
3 637
3 638
3 639
!!node 80!!
3 640
3 641
3 642
3 643
3 644
3 645
3 646
3 647
!!node 81!!
3 648
3 649
3 650
3 651
3 652
3 653
3 654
3 655
!!node 82!!
3 656
3 657
3 658
3 659
3 660
3 661
3 662
3 663
!!node 83!!
3 664
3 665
3 666
3 667
3 668
3 669
3 670
3 671
!!node 84!!
3 672
3 673
3 674
3 675
3 676
3 677
3 678
3 679
!!node 85!!
3 680
3 681
3 682
3 683
3 684
3 685
3 686
3 687
!!node 86!!
3 688
3 689
3 690
3 691
3 692
3 693
3 694
3 695
!!node 87!!
3 696
3 697
3 698
3 699
3 700
3 701
3 702
3 703
!!node 88!!
3 704
3 705
3 706
3 707
3 708
3 709
3 710
3 711
!!node 89!!
3 712
3 713
3 714
3 715
3 716
3 717
3 718
3 719
!!node 90!!
3 720
3 721
3 722
3 723
3 724
3 725
3 726
3 727
!!node 91!!
3 728
3 729
3 730
3 731
3 732
3 733
3 734
3 735
!!node 92!!
3 736
3 737
3 738
3 739
3 740
3 741
3 742
3 743
!!node 93!!
3 744
3 745
3 746
3 747
3 748
3 749
3 750
3 751
!!node 94!!
3 752
3 753
3 754
3 755
3 756
3 757
3 758
3 759
!!node 95!!
3 760
3 761
3 762
3 763
3 764
3 765
3 766
3 767
!!node 96!!
3 768
3 769
3 770
3 771
3 772
3 773
3 774
3 775
!!node 97!!
3 776
3 777
3 778
3 779
3 780
3 781
3 782
3 783
!!node 98!!
3 784
3 785
3 786
3 787
3 788
3 789
3 790
3 791
!!node 99!!
3 792
3 793
3 794
3 795
3 796
3 797
3 798
3 799
!!node 100!!
3 800
3 801
3 802
3 803
3 804
3 805
3 806
3 807
!!node 101!!
3 808
3 809
3 810
3 811
3 812
3 813
3 814
3 815
!!node 102!!
3 816
3 817
3 818
3 819
3 820
3 821
3 822
3 823
!!node 103!!
3 824
3 825
3 826
3 827
3 828
3 829
3 830
3 831
!!node 104!!
3 832
3 833
3 834
3 835
3 836
3 837
3 838
3 839
!!node 105!!
3 840
3 841
3 842
3 843
3 844
3 845
3 846
3 847
!!node 106!!
3 848
3 849
3 850
3 851
3 852
3 853
3 854
3 855
!!node 107!!
3 856
3 857
3 858
3 859
3 860
3 861
3 862
3 863
!!node 108!!
3 864
3 865
3 866
3 867
3 868
3 869
3 870
3 871
!!node 109!!
3 872
3 873
3 874
3 875
3 876
3 877
3 878
3 879
!!node 110!!
3 880
3 881
3 882
3 883
3 884
3 885
3 886
3 887
!!node 111!!
3 888
3 889
3 890
3 891
3 892
3 893
3 894
3 895
!!node 112!!
3 896
3 897
3 898
3 899
3 900
3 901
3 902
3 903
!!node 113!!
3 904
3 905
3 906
3 907
3 908
3 909
3 910
3 911
!!node 114!!
3 912
3 913
3 914
3 915
3 916
3 917
3 918
3 919
!!node 115!!
3 920
3 921
3 922
3 923
3 924
3 925
3 926
3 927
!!node 116!!
3 928
3 929
3 930
3 931
3 932
3 933
3 934
3 935
!!node 117!!
3 936
3 937
3 938
3 939
3 940
3 941
3 942
3 943
!!node 118!!
3 944
3 945
3 946
3 947
3 948
3 949
3 950
3 951
!!node 119!!
3 952
3 953
3 954
3 955
3 956
3 957
3 958
3 959
!!node 120!!
3 960
3 961
3 962
3 963
3 964
3 965
3 966
3 967
!!node 121!!
3 968
3 969
3 970
3 971
3 972
3 973
3 974
3 975
!!node 122!!
3 976
3 977
3 978
3 979
3 980
3 981
3 982
3 983
!!node 123!!
3 984
3 985
3 986
3 987
3 988
3 989
3 990
3 991
!!node 124!!
3 992
3 993
3 994
3 995
3 996
3 997
3 998
3 999
!!node 125!!
3.5 0
3.5 1
3.5 2
3.5 3
3.5 4
3.5 5
3.5 6
3.5 7
!!node 126!!
3.5 8
3.5 9
3.5 10
3.5 11
3.5 12
3.5 13
3.5 14
3.5 15
!!node 127!!
3.5 16
3.5 17
3.5 18
3.5 19
3.5 20
3.5 21
3.5 22
3.5 23
!!node 128!!
3.5 24
3.5 25
3.5 26
3.5 27
3.5 28
3.5 29
3.5 30
3.5 31
!!node 129!!
3.5 32
3.5 33
3.5 34
3.5 35
3.5 36
3.5 37
3.5 38
3.5 39
!!node 130!!
3.5 40
3.5 41
3.5 42
3.5 43
3.5 44
3.5 45
3.5 46
3.5 47
!!node 131!!
3.5 48
3.5 49
3.5 50
3.5 51
3.5 52
3.5 53
3.5 54
3.5 55
!!node 132!!
3.5 56
3.5 57
3.5 58
3.5 59
3.5 60
3.5 61
3.5 62
3.5 63
!!node 133!!
3.5 64
3.5 65
3.5 66
3.5 67
3.5 68
3.5 69
3.5 70
3.5 71
!!node 134!!
3.5 72
3.5 73
3.5 74
3.5 75
3.5 76
3.5 77
3.5 78
3.5 79
!!node 135!!
3.5 80
3.5 81
3.5 82
3.5 83
3.5 84
3.5 85
3.5 86
3.5 87
!!node 136!!
3.5 88
3.5 89
3.5 90
3.5 91
3.5 92
3.5 93
3.5 94
3.5 95
!!node 137!!
3.5 96
3.5 97
3.5 98
3.5 99
3.5 100
3.5 101
3.5 102
3.5 103
!!node 138!!
3.5 104
3.5 105
3.5 106
3.5 107
3.5 108
3.5 109
3.5 110
3.5 111
!!node 139!!
3.5 112
3.5 113
3.5 114
3.5 115
3.5 116
3.5 117
3.5 118
3.5 119
!!node 140!!
3.5 120
3.5 121
3.5 122
3.5 123
3.5 124
3.5 125
3.5 126
3.5 127
!!node 141!!
3.5 128
3.5 129
3.5 130
3.5 131
3.5 132
3.5 133
3.5 134
3.5 135
!!node 142!!
3.5 136
3.5 137
3.5 138
3.5 139
3.5 140
3.5 141
3.5 142
3.5 143
!!node 143!!
3.5 144
3.5 145
3.5 146
3.5 147
3.5 148
3.5 149
3.5 150
3.5 151
!!node 144!!
3.5 152
3.5 153
3.5 154
3.5 155
3.5 156
3.5 157
3.5 158
3.5 159
!!node 145!!
3.5 160
3.5 161
3.5 162
3.5 163
3.5 164
3.5 165
3.5 166
3.5 167
!!node 146!!
3.5 168
3.5 169
3.5 170
3.5 171
3.5 172
3.5 173
3.5 174
3.5 175
!!node 147!!
3.5 176
3.5 177
3.5 178
3.5 179
3.5 180
3.5 181
3.5 182
3.5 183
!!node 148!!
3.5 184
3.5 185
3.5 186
3.5 187
3.5 188
3.5 189
3.5 190
3.5 191
!!node 149!!
3.5 192
3.5 193
3.5 194
3.5 195
3.5 196
3.5 197
3.5 198
3.5 199
!!node 150!!
3.5 200
3.5 201
3.5 202
3.5 203
3.5 204
3.5 205
3.5 206
3.5 207
!!node 151!!
3.5 208
3.5 209
3.5 210
3.5 211
3.5 212
3.5 213
3.5 214
3.5 215
!!node 152!!
3.5 216
3.5 217
3.5 218
3.5 219
3.5 220
3.5 221
3.5 222
3.5 223
!!node 153!!
3.5 224
3.5 225
3.5 226
3.5 227
3.5 228
3.5 229
3.5 230
3.5 231
!!node 154!!
3.5 232
3.5 233
3.5 234
3.5 235
3.5 236
3.5 237
3.5 238
3.5 239
!!node 155!!
3.5 240
3.5 241
3.5 242
3.5 243
3.5 244
3.5 245
3.5 246
3.5 247
!!node 156!!
3.5 248
3.5 249
3.5 250
3.5 251
3.5 252
3.5 253
3.5 254
3.5 255
!!node 157!!
3.5 256
3.5 257
3.5 258
3.5 259
3.5 260
3.5 261
3.5 262
3.5 263
!!node 158!!
3.5 264
3.5 265
3.5 266
3.5 267
3.5 268
3.5 269
3.5 270
3.5 271
!!node 159!!
3.5 272
3.5 273
3.5 274
3.5 275
3.5 276
3.5 277
3.5 278
3.5 279
!!node 160!!
3.5 280
3.5 281
3.5 282
3.5 283
3.5 284
3.5 285
3.5 286
3.5 287
!!node 161!!
3.5 288
3.5 289
3.5 290
3.5 291
3.5 292
3.5 293
3.5 294
3.5 295
!!node 162!!
3.5 296
3.5 297
3.5 298
3.5 299
3.5 300
3.5 301
3.5 302
3.5 303
!!node 163!!
3.5 304
3.5 305
3.5 306
3.5 307
3.5 308
3.5 309
3.5 310
3.5 311
!!node 164!!
3.5 312
3.5 313
3.5 314
3.5 315
3.5 316
3.5 317
3.5 318
3.5 319
!!node 165!!
3.5 320
3.5 321
3.5 322
3.5 323
3.5 324
3.5 325
3.5 326
3.5 327
!!node 166!!
3.5 328
3.5 329
3.5 330
3.5 331
3.5 332
3.5 333
3.5 334
3.5 335
!!node 167!!
3.5 336
3.5 337
3.5 338
3.5 339
3.5 340
3.5 341
3.5 342
3.5 343
!!node 168!!
3.5 344
3.5 345
3.5 346
3.5 347
3.5 348
3.5 349
3.5 350
3.5 351
!!node 169!!
3.5 352
3.5 353
3.5 354
3.5 355
3.5 356
3.5 357
3.5 358
3.5 359
!!node 170!!
3.5 360
3.5 361
3.5 362
3.5 363
3.5 364
3.5 365
3.5 366
3.5 367
!!node 171!!
3.5 368
3.5 369
3.5 370
3.5 371
3.5 372
3.5 373
3.5 374
3.5 375
!!node 172!!
3.5 376
3.5 377
3.5 378
3.5 379
3.5 380
3.5 381
3.5 382
3.5 383
!!node 173!!
3.5 384
3.5 385
3.5 386
3.5 387
3.5 388
3.5 389
3.5 390
3.5 391
!!node 174!!
3.5 392
3.5 393
3.5 394
3.5 395
3.5 396
3.5 397
3.5 398
3.5 399
!!node 175!!
3.5 400
3.5 401
3.5 402
3.5 403
3.5 404
3.5 405
3.5 406
3.5 407
!!node 176!!
3.5 408
3.5 409
3.5 410
3.5 411
3.5 412
3.5 413
3.5 414
3.5 415
!!node 177!!
3.5 416
3.5 417
3.5 418
3.5 419
3.5 420
3.5 421
3.5 422
3.5 423
!!node 178!!
3.5 424
3.5 425
3.5 426
3.5 427
3.5 428
3.5 429
3.5 430
3.5 431
!!node 179!!
3.5 432
3.5 433
3.5 434
3.5 435
3.5 436
3.5 437
3.5 438
3.5 439
!!node 180!!
3.5 440
3.5 441
3.5 442
3.5 443
3.5 444
3.5 445
3.5 446
3.5 447
!!node 181!!
3.5 448
3.5 449
3.5 450
3.5 451
3.5 452
3.5 453
3.5 454
3.5 455
!!node 182!!
3.5 456
3.5 457
3.5 458
3.5 459
3.5 460
3.5 461
3.5 462
3.5 463
!!node 183!!
3.5 464
3.5 465
3.5 466
3.5 467
3.5 468
3.5 469
3.5 470
3.5 471
!!node 184!!
3.5 472
3.5 473
3.5 474
3.5 475
3.5 476
3.5 477
3.5 478
3.5 479
!!node 185!!
3.5 480
3.5 481
3.5 482
3.5 483
3.5 484
3.5 485
3.5 486
3.5 487
!!node 186!!
3.5 488
3.5 489
3.5 490
3.5 491
3.5 492
3.5 493
3.5 494
3.5 495
!!node 187!!
3.5 496
3.5 497
3.5 498
3.5 499
3.5 500
3.5 501
3.5 502
3.5 503
!!node 188!!
3.5 504
3.5 505
3.5 506
3.5 507
3.5 508
3.5 509
3.5 510
3.5 511
!!node 189!!
3.5 512
3.5 513
3.5 514
3.5 515
3.5 516
3.5 517
3.5 518
3.5 519
!!node 190!!
3.5 520
3.5 521
3.5 522
3.5 523
3.5 524
3.5 525
3.5 526
3.5 527
!!node 191!!
3.5 528
3.5 529
3.5 530
3.5 531
3.5 532
3.5 533
3.5 534
3.5 535
!!node 192!!
3.5 536
3.5 537
3.5 538
3.5 539
3.5 540
3.5 541
3.5 542
3.5 543
!!node 193!!
3.5 544
3.5 545
3.5 546
3.5 547
3.5 548
3.5 549
3.5 550
3.5 551
!!node 194!!
3.5 552
3.5 553
3.5 554
3.5 555
3.5 556
3.5 557
3.5 558
3.5 559
!!node 195!!
3.5 560
3.5 561
3.5 562
3.5 563
3.5 564
3.5 565
3.5 566
3.5 567
!!node 196!!
3.5 568
3.5 569
3.5 570
3.5 571
3.5 572
3.5 573
3.5 574
3.5 575
!!node 197!!
3.5 576
3.5 577
3.5 578
3.5 579
3.5 580
3.5 581
3.5 582
3.5 583
!!node 198!!
3.5 584
3.5 585
3.5 586
3.5 587
3.5 588
3.5 589
3.5 590
3.5 591
!!node 199!!
3.5 592
3.5 593
3.5 594
3.5 595
3.5 596
3.5 597
3.5 598
3.5 599
!!node 200!!
3.5 600
3.5 601
3.5 602
3.5 603
3.5 604
3.5 605
3.5 606
3.5 607
!!node 201!!
3.5 608
3.5 609
3.5 610
3.5 611
3.5 612
3.5 613
3.5 614
3.5 615
!!node 202!!
3.5 616
3.5 617
3.5 618
3.5 619
3.5 620
3.5 621
3.5 622
3.5 623
!!node 203!!
3.5 624
3.5 625
3.5 626
3.5 627
3.5 628
3.5 629
3.5 630
3.5 631
!!node 204!!
3.5 632
3.5 633
3.5 634
3.5 635
3.5 636
3.5 637
3.5 638
3.5 639
!!node 205!!
3.5 640
3.5 641
3.5 642
3.5 643
3.5 644
3.5 645
3.5 646
3.5 647
!!node 206!!
3.5 648
3.5 649
3.5 650
3.5 651
3.5 652
3.5 653
3.5 654
3.5 655
!!node 207!!
3.5 656
3.5 657
3.5 658
3.5 659
3.5 660
3.5 661
3.5 662
3.5 663
!!node 208!!
3.5 664
3.5 665
3.5 666
3.5 667
3.5 668
3.5 669
3.5 670
3.5 671
!!node 209!!
3.5 672
3.5 673
3.5 674
3.5 675
3.5 676
3.5 677
3.5 678
3.5 679
!!node 210!!
3.5 680
3.5 681
3.5 682
3.5 683
3.5 684
3.5 685
3.5 686
3.5 687
!!node 211!!
3.5 688
3.5 689
3.5 690
3.5 691
3.5 692
3.5 693
3.5 694
3.5 695
!!node 212!!
3.5 696
3.5 697
3.5 698
3.5 699
3.5 700
3.5 701
3.5 702
3.5 703
!!node 213!!
3.5 704
3.5 705
3.5 706
3.5 707
3.5 708
3.5 709
3.5 710
3.5 711
!!node 214!!
3.5 712
3.5 713
3.5 714
3.5 715
3.5 716
3.5 717
3.5 718
3.5 719
!!node 215!!
3.5 720
3.5 721
3.5 722
3.5 723
3.5 724
3.5 725
3.5 726
3.5 727
!!node 216!!
3.5 728
3.5 729
3.5 730
3.5 731
3.5 732
3.5 733
3.5 734
3.5 735
!!node 217!!
3.5 736
3.5 737
3.5 738
3.5 739
3.5 740
3.5 741
3.5 742
3.5 743
!!node 218!!
3.5 744
3.5 745
3.5 746
3.5 747
3.5 748
3.5 749
3.5 750
3.5 751
!!node 219!!
3.5 752
3.5 753
3.5 754
3.5 755
3.5 756
3.5 757
3.5 758
3.5 759
!!node 220!!
3.5 760
3.5 761
3.5 762
3.5 763
3.5 764
3.5 765
3.5 766
3.5 767
!!node 221!!
3.5 768
3.5 769
3.5 770
3.5 771
3.5 772
3.5 773
3.5 774
3.5 775
!!node 222!!
3.5 776
3.5 777
3.5 778
3.5 779
3.5 780
3.5 781
3.5 782
3.5 783
!!node 223!!
3.5 784
3.5 785
3.5 786
3.5 787
3.5 788
3.5 789
3.5 790
3.5 791
!!node 224!!
3.5 792
3.5 793
3.5 794
3.5 795
3.5 796
3.5 797
3.5 798
3.5 799
!!node 225!!
3.5 800
3.5 801
3.5 802
3.5 803
3.5 804
3.5 805
3.5 806
3.5 807
!!node 226!!
3.5 808
3.5 809
3.5 810
3.5 811
3.5 812
3.5 813
3.5 814
3.5 815
!!node 227!!
3.5 816
3.5 817
3.5 818
3.5 819
3.5 820
3.5 821
3.5 822
3.5 823
!!node 228!!
3.5 824
3.5 825
3.5 826
3.5 827
3.5 828
3.5 829
3.5 830
3.5 831
!!node 229!!
3.5 832
3.5 833
3.5 834
3.5 835
3.5 836
3.5 837
3.5 838
3.5 839
!!node 230!!
3.5 840
3.5 841
3.5 842
3.5 843
3.5 844
3.5 845
3.5 846
3.5 847
!!node 231!!
3.5 848
3.5 849
3.5 850
3.5 851
3.5 852
3.5 853
3.5 854
3.5 855
!!node 232!!
3.5 856
3.5 857
3.5 858
3.5 859
3.5 860
3.5 861
3.5 862
3.5 863
!!node 233!!
3.5 864
3.5 865
3.5 866
3.5 867
3.5 868
3.5 869
3.5 870
3.5 871
!!node 234!!
3.5 872
3.5 873
3.5 874
3.5 875
3.5 876
3.5 877
3.5 878
3.5 879
!!node 235!!
3.5 880
3.5 881
3.5 882
3.5 883
3.5 884
3.5 885
3.5 886
3.5 887
!!node 236!!
3.5 888
3.5 889
3.5 890
3.5 891
3.5 892
3.5 893
3.5 894
3.5 895
!!node 237!!
3.5 896
3.5 897
3.5 898
3.5 899
3.5 900
3.5 901
3.5 902
3.5 903
!!node 238!!
3.5 904
3.5 905
3.5 906
3.5 907
3.5 908
3.5 909
3.5 910
3.5 911
!!node 239!!
3.5 912
3.5 913
3.5 914
3.5 915
3.5 916
3.5 917
3.5 918
3.5 919
!!node 240!!
3.5 920
3.5 921
3.5 922
3.5 923
3.5 924
3.5 925
3.5 926
3.5 927
!!node 241!!
3.5 928
3.5 929
3.5 930
3.5 931
3.5 932
3.5 933
3.5 934
3.5 935
!!node 242!!
3.5 936
3.5 937
3.5 938
3.5 939
3.5 940
3.5 941
3.5 942
3.5 943
!!node 243!!
3.5 944
3.5 945
3.5 946
3.5 947
3.5 948
3.5 949
3.5 950
3.5 951
!!node 244!!
3.5 952
3.5 953
3.5 954
3.5 955
3.5 956
3.5 957
3.5 958
3.5 959
!!node 245!!
3.5 960
3.5 961
3.5 962
3.5 963
3.5 964
3.5 965
3.5 966
3.5 967
!!node 246!!
3.5 968
3.5 969
3.5 970
3.5 971
3.5 972
3.5 973
3.5 974
3.5 975
!!node 247!!
3.5 976
3.5 977
3.5 978
3.5 979
3.5 980
3.5 981
3.5 982
3.5 983
!!node 248!!
3.5 984
3.5 985
3.5 986
3.5 987
3.5 988
3.5 989
3.5 990
3.5 991
!!node 249!!
3.5 992
3.5 993
3.5 994
3.5 995
3.5 996
3.5 997
3.5 998
3.5 999
!!node 250!!
4 0
4 1
4 2
4 3
4 4
4 5
4 6
4 7
!!node 251!!
4 8
4 9
4 10
4 11
4 12
4 13
4 14
4 15
!!node 252!!
4 16
4 17
4 18
4 19
4 20
4 21
4 22
4 23
!!node 253!!
4 24
4 25
4 26
4 27
4 28
4 29
4 30
4 31
!!node 254!!
4 32
4 33
4 34
4 35
4 36
4 37
4 38
4 39
!!node 255!!
4 40
4 41
4 42
4 43
4 44
4 45
4 46
4 47
!!node 256!!
4 48
4 49
4 50
4 51
4 52
4 53
4 54
4 55
!!node 257!!
4 56
4 57
4 58
4 59
4 60
4 61
4 62
4 63
!!node 258!!
4 64
4 65
4 66
4 67
4 68
4 69
4 70
4 71
!!node 259!!
4 72
4 73
4 74
4 75
4 76
4 77
4 78
4 79
!!node 260!!
4 80
4 81
4 82
4 83
4 84
4 85
4 86
4 87
!!node 261!!
4 88
4 89
4 90
4 91
4 92
4 93
4 94
4 95
!!node 262!!
4 96
4 97
4 98
4 99
4 100
4 101
4 102
4 103
!!node 263!!
4 104
4 105
4 106
4 107
4 108
4 109
4 110
4 111
!!node 264!!
4 112
4 113
4 114
4 115
4 116
4 117
4 118
4 119
!!node 265!!
4 120
4 121
4 122
4 123
4 124
4 125
4 126
4 127
!!node 266!!
4 128
4 129
4 130
4 131
4 132
4 133
4 134
4 135
!!node 267!!
4 136
4 137
4 138
4 139
4 140
4 141
4 142
4 143
!!node 268!!
4 144
4 145
4 146
4 147
4 148
4 149
4 150
4 151
!!node 269!!
4 152
4 153
4 154
4 155
4 156
4 157
4 158
4 159
!!node 270!!
4 160
4 161
4 162
4 163
4 164
4 165
4 166
4 167
!!node 271!!
4 168
4 169
4 170
4 171
4 172
4 173
4 174
4 175
!!node 272!!
4 176
4 177
4 178
4 179
4 180
4 181
4 182
4 183
!!node 273!!
4 184
4 185
4 186
4 187
4 188
4 189
4 190
4 191
!!node 274!!
4 192
4 193
4 194
4 195
4 196
4 197
4 198
4 199
!!node 275!!
4 200
4 201
4 202
4 203
4 204
4 205
4 206
4 207
!!node 276!!
4 208
4 209
4 210
4 211
4 212
4 213
4 214
4 215
!!node 277!!
4 216
4 217
4 218
4 219
4 220
4 221
4 222
4 223
!!node 278!!
4 224
4 225
4 226
4 227
4 228
4 229
4 230
4 231
!!node 279!!
4 232
4 233
4 234
4 235
4 236
4 237
4 238
4 239
!!node 280!!
4 240
4 241
4 242
4 243
4 244
4 245
4 246
4 247
!!node 281!!
4 248
4 249
4 250
4 251
4 252
4 253
4 254
4 255
!!node 282!!
4 256
4 257
4 258
4 259
4 260
4 261
4 262
4 263
!!node 283!!
4 264
4 265
4 266
4 267
4 268
4 269
4 270
4 271
!!node 284!!
4 272
4 273
4 274
4 275
4 276
4 277
4 278
4 279
!!node 285!!
4 280
4 281
4 282
4 283
4 284
4 285
4 286
4 287
!!node 286!!
4 288
4 289
4 290
4 291
4 292
4 293
4 294
4 295
!!node 287!!
4 296
4 297
4 298
4 299
4 300
4 301
4 302
4 303
!!node 288!!
4 304
4 305
4 306
4 307
4 308
4 309
4 310
4 311
!!node 289!!
4 312
4 313
4 314
4 315
4 316
4 317
4 318
4 319
!!node 290!!
4 320
4 321
4 322
4 323
4 324
4 325
4 326
4 327
!!node 291!!
4 328
4 329
4 330
4 331
4 332
4 333
4 334
4 335
!!node 292!!
4 336
4 337
4 338
4 339
4 340
4 341
4 342
4 343
!!node 293!!
4 344
4 345
4 346
4 347
4 348
4 349
4 350
4 351
!!node 294!!
4 352
4 353
4 354
4 355
4 356
4 357
4 358
4 359
!!node 295!!
4 360
4 361
4 362
4 363
4 364
4 365
4 366
4 367
!!node 296!!
4 368
4 369
4 370
4 371
4 372
4 373
4 374
4 375
!!node 297!!
4 376
4 377
4 378
4 379
4 380
4 381
4 382
4 383
!!node 298!!
4 384
4 385
4 386
4 387
4 388
4 389
4 390
4 391
!!node 299!!
4 392
4 393
4 394
4 395
4 396
4 397
4 398
4 399
!!node 300!!
4 400
4 401
4 402
4 403
4 404
4 405
4 406
4 407
!!node 301!!
4 408
4 409
4 410
4 411
4 412
4 413
4 414
4 415
!!node 302!!
4 416
4 417
4 418
4 419
4 420
4 421
4 422
4 423
!!node 303!!
4 424
4 425
4 426
4 427
4 428
4 429
4 430
4 431
!!node 304!!
4 432
4 433
4 434
4 435
4 436
4 437
4 438
4 439
!!node 305!!
4 440
4 441
4 442
4 443
4 444
4 445
4 446
4 447
!!node 306!!
4 448
4 449
4 450
4 451
4 452
4 453
4 454
4 455
!!node 307!!
4 456
4 457
4 458
4 459
4 460
4 461
4 462
4 463
!!node 308!!
4 464
4 465
4 466
4 467
4 468
4 469
4 470
4 471
!!node 309!!
4 472
4 473
4 474
4 475
4 476
4 477
4 478
4 479
!!node 310!!
4 480
4 481
4 482
4 483
4 484
4 485
4 486
4 487
!!node 311!!
4 488
4 489
4 490
4 491
4 492
4 493
4 494
4 495
!!node 312!!
4 496
4 497
4 498
4 499
4 500
4 501
4 502
4 503
!!node 313!!
4 504
4 505
4 506
4 507
4 508
4 509
4 510
4 511
!!node 314!!
4 512
4 513
4 514
4 515
4 516
4 517
4 518
4 519
!!node 315!!
4 520
4 521
4 522
4 523
4 524
4 525
4 526
4 527
!!node 316!!
4 528
4 529
4 530
4 531
4 532
4 533
4 534
4 535
!!node 317!!
4 536
4 537
4 538
4 539
4 540
4 541
4 542
4 543
!!node 318!!
4 544
4 545
4 546
4 547
4 548
4 549
4 550
4 551
!!node 319!!
4 552
4 553
4 554
4 555
4 556
4 557
4 558
4 559
!!node 320!!
4 560
4 561
4 562
4 563
4 564
4 565
4 566
4 567
!!node 321!!
4 568
4 569
4 570
4 571
4 572
4 573
4 574
4 575
!!node 322!!
4 576
4 577
4 578
4 579
4 580
4 581
4 582
4 583
!!node 323!!
4 584
4 585
4 586
4 587
4 588
4 589
4 590
4 591
!!node 324!!
4 592
4 593
4 594
4 595
4 596
4 597
4 598
4 599
!!node 325!!
4 600
4 601
4 602
4 603
4 604
4 605
4 606
4 607
!!node 326!!
4 608
4 609
4 610
4 611
4 612
4 613
4 614
4 615
!!node 327!!
4 616
4 617
4 618
4 619
4 620
4 621
4 622
4 623
!!node 328!!
4 624
4 625
4 626
4 627
4 628
4 629
4 630
4 631
!!node 329!!
4 632
4 633
4 634
4 635
4 636
4 637
4 638
4 639
!!node 330!!
4 640
4 641
4 642
4 643
4 644
4 645
4 646
4 647
!!node 331!!
4 648
4 649
4 650
4 651
4 652
4 653
4 654
4 655
!!node 332!!
4 656
4 657
4 658
4 659
4 660
4 661
4 662
4 663
!!node 333!!
4 664
4 665
4 666
4 667
4 668
4 669
4 670
4 671
!!node 334!!
4 672
4 673
4 674
4 675
4 676
4 677
4 678
4 679
!!node 335!!
4 680
4 681
4 682
4 683
4 684
4 685
4 686
4 687
!!node 336!!
4 688
4 689
4 690
4 691
4 692
4 693
4 694
4 695
!!node 337!!
4 696
4 697
4 698
4 699
4 700
4 701
4 702
4 703
!!node 338!!
4 704
4 705
4 706
4 707
4 708
4 709
4 710
4 711
!!node 339!!
4 712
4 713
4 714
4 715
4 716
4 717
4 718
4 719
!!node 340!!
4 720
4 721
4 722
4 723
4 724
4 725
4 726
4 727
!!node 341!!
4 728
4 729
4 730
4 731
4 732
4 733
4 734
4 735
!!node 342!!
4 736
4 737
4 738
4 739
4 740
4 741
4 742
4 743
!!node 343!!
4 744
4 745
4 746
4 747
4 748
4 749
4 750
4 751
!!node 344!!
4 752
4 753
4 754
4 755
4 756
4 757
4 758
4 759
!!node 345!!
4 760
4 761
4 762
4 763
4 764
4 765
4 766
4 767
!!node 346!!
4 768
4 769
4 770
4 771
4 772
4 773
4 774
4 775
!!node 347!!
4 776
4 777
4 778
4 779
4 780
4 781
4 782
4 783
!!node 348!!
4 784
4 785
4 786
4 787
4 788
4 789
4 790
4 791
!!node 349!!
4 792
4 793
4 794
4 795
4 796
4 797
4 798
4 799
!!node 350!!
4 800
4 801
4 802
4 803
4 804
4 805
4 806
4 807
!!node 351!!
4 808
4 809
4 810
4 811
4 812
4 813
4 814
4 815
!!node 352!!
4 816
4 817
4 818
4 819
4 820
4 821
4 822
4 823
!!node 353!!
4 824
4 825
4 826
4 827
4 828
4 829
4 830
4 831
!!node 354!!
4 832
4 833
4 834
4 835
4 836
4 837
4 838
4 839
!!node 355!!
4 840
4 841
4 842
4 843
4 844
4 845
4 846
4 847
!!node 356!!
4 848
4 849
4 850
4 851
4 852
4 853
4 854
4 855
!!node 357!!
4 856
4 857
4 858
4 859
4 860
4 861
4 862
4 863
!!node 358!!
4 864
4 865
4 866
4 867
4 868
4 869
4 870
4 871
!!node 359!!
4 872
4 873
4 874
4 875
4 876
4 877
4 878
4 879
!!node 360!!
4 880
4 881
4 882
4 883
4 884
4 885
4 886
4 887
!!node 361!!
4 888
4 889
4 890
4 891
4 892
4 893
4 894
4 895
!!node 362!!
4 896
4 897
4 898
4 899
4 900
4 901
4 902
4 903
!!node 363!!
4 904
4 905
4 906
4 907
4 908
4 909
4 910
4 911
!!node 364!!
4 912
4 913
4 914
4 915
4 916
4 917
4 918
4 919
!!node 365!!
4 920
4 921
4 922
4 923
4 924
4 925
4 926
4 927
!!node 366!!
4 928
4 929
4 930
4 931
4 932
4 933
4 934
4 935
!!node 367!!
4 936
4 937
4 938
4 939
4 940
4 941
4 942
4 943
!!node 368!!
4 944
4 945
4 946
4 947
4 948
4 949
4 950
4 951
!!node 369!!
4 952
4 953
4 954
4 955
4 956
4 957
4 958
4 959
!!node 370!!
4 960
4 961
4 962
4 963
4 964
4 965
4 966
4 967
!!node 371!!
4 968
4 969
4 970
4 971
4 972
4 973
4 974
4 975
!!node 372!!
4 976
4 977
4 978
4 979
4 980
4 981
4 982
4 983
!!node 373!!
4 984
4 985
4 986
4 987
4 988
4 989
4 990
4 991
!!node 374!!
4 992
4 993
4 994
4 995
4 996
4 997
4 998
4 999
!!node 375!!
4.5 0
4.5 1
4.5 2
4.5 3
4.5 4
4.5 5
4.5 6
4.5 7
!!node 376!!
4.5 8
4.5 9
4.5 10
4.5 11
4.5 12
4.5 13
4.5 14
4.5 15
!!node 377!!
4.5 16
4.5 17
4.5 18
4.5 19
4.5 20
4.5 21
4.5 22
4.5 23
!!node 378!!
4.5 24
4.5 25
4.5 26
4.5 27
4.5 28
4.5 29
4.5 30
4.5 31
!!node 379!!
4.5 32
4.5 33
4.5 34
4.5 35
4.5 36
4.5 37
4.5 38
4.5 39
!!node 380!!
4.5 40
4.5 41
4.5 42
4.5 43
4.5 44
4.5 45
4.5 46
4.5 47
!!node 381!!
4.5 48
4.5 49
4.5 50
4.5 51
4.5 52
4.5 53
4.5 54
4.5 55
!!node 382!!
4.5 56
4.5 57
4.5 58
4.5 59
4.5 60
4.5 61
4.5 62
4.5 63
!!node 383!!
4.5 64
4.5 65
4.5 66
4.5 67
4.5 68
4.5 69
4.5 70
4.5 71
!!node 384!!
4.5 72
4.5 73
4.5 74
4.5 75
4.5 76
4.5 77
4.5 78
4.5 79
!!node 385!!
4.5 80
4.5 81
4.5 82
4.5 83
4.5 84
4.5 85
4.5 86
4.5 87
!!node 386!!
4.5 88
4.5 89
4.5 90
4.5 91
4.5 92
4.5 93
4.5 94
4.5 95
!!node 387!!
4.5 96
4.5 97
4.5 98
4.5 99
4.5 100
4.5 101
4.5 102
4.5 103
!!node 388!!
4.5 104
4.5 105
4.5 106
4.5 107
4.5 108
4.5 109
4.5 110
4.5 111
!!node 389!!
4.5 112
4.5 113
4.5 114
4.5 115
4.5 116
4.5 117
4.5 118
4.5 119
!!node 390!!
4.5 120
4.5 121
4.5 122
4.5 123
4.5 124
4.5 125
4.5 126
4.5 127
!!node 391!!
4.5 128
4.5 129
4.5 130
4.5 131
4.5 132
4.5 133
4.5 134
4.5 135
!!node 392!!
4.5 136
4.5 137
4.5 138
4.5 139
4.5 140
4.5 141
4.5 142
4.5 143
!!node 393!!
4.5 144
4.5 145
4.5 146
4.5 147
4.5 148
4.5 149
4.5 150
4.5 151
!!node 394!!
4.5 152
4.5 153
4.5 154
4.5 155
4.5 156
4.5 157
4.5 158
4.5 159
!!node 395!!
4.5 160
4.5 161
4.5 162
4.5 163
4.5 164
4.5 165
4.5 166
4.5 167
!!node 396!!
4.5 168
4.5 169
4.5 170
4.5 171
4.5 172
4.5 173
4.5 174
4.5 175
!!node 397!!
4.5 176
4.5 177
4.5 178
4.5 179
4.5 180
4.5 181
4.5 182
4.5 183
!!node 398!!
4.5 184
4.5 185
4.5 186
4.5 187
4.5 188
4.5 189
4.5 190
4.5 191
!!node 399!!
4.5 192
4.5 193
4.5 194
4.5 195
4.5 196
4.5 197
4.5 198
4.5 199
!!node 400!!
4.5 200
4.5 201
4.5 202
4.5 203
4.5 204
4.5 205
4.5 206
4.5 207
!!node 401!!
4.5 208
4.5 209
4.5 210
4.5 211
4.5 212
4.5 213
4.5 214
4.5 215
!!node 402!!
4.5 216
4.5 217
4.5 218
4.5 219
4.5 220
4.5 221
4.5 222
4.5 223
!!node 403!!
4.5 224
4.5 225
4.5 226
4.5 227
4.5 228
4.5 229
4.5 230
4.5 231
!!node 404!!
4.5 232
4.5 233
4.5 234
4.5 235
4.5 236
4.5 237
4.5 238
4.5 239
!!node 405!!
4.5 240
4.5 241
4.5 242
4.5 243
4.5 244
4.5 245
4.5 246
4.5 247
!!node 406!!
4.5 248
4.5 249
4.5 250
4.5 251
4.5 252
4.5 253
4.5 254
4.5 255
!!node 407!!
4.5 256
4.5 257
4.5 258
4.5 259
4.5 260
4.5 261
4.5 262
4.5 263
!!node 408!!
4.5 264
4.5 265
4.5 266
4.5 267
4.5 268
4.5 269
4.5 270
4.5 271
!!node 409!!
4.5 272
4.5 273
4.5 274
4.5 275
4.5 276
4.5 277
4.5 278
4.5 279
!!node 410!!
4.5 280
4.5 281
4.5 282
4.5 283
4.5 284
4.5 285
4.5 286
4.5 287
!!node 411!!
4.5 288
4.5 289
4.5 290
4.5 291
4.5 292
4.5 293
4.5 294
4.5 295
!!node 412!!
4.5 296
4.5 297
4.5 298
4.5 299
4.5 300
4.5 301
4.5 302
4.5 303
!!node 413!!
4.5 304
4.5 305
4.5 306
4.5 307
4.5 308
4.5 309
4.5 310
4.5 311
!!node 414!!
4.5 312
4.5 313
4.5 314
4.5 315
4.5 316
4.5 317
4.5 318
4.5 319
!!node 415!!
4.5 320
4.5 321
4.5 322
4.5 323
4.5 324
4.5 325
4.5 326
4.5 327
!!node 416!!
4.5 328
4.5 329
4.5 330
4.5 331
4.5 332
4.5 333
4.5 334
4.5 335
!!node 417!!
4.5 336
4.5 337
4.5 338
4.5 339
4.5 340
4.5 341
4.5 342
4.5 343
!!node 418!!
4.5 344
4.5 345
4.5 346
4.5 347
4.5 348
4.5 349
4.5 350
4.5 351
!!node 419!!
4.5 352
4.5 353
4.5 354
4.5 355
4.5 356
4.5 357
4.5 358
4.5 359
!!node 420!!
4.5 360
4.5 361
4.5 362
4.5 363
4.5 364
4.5 365
4.5 366
4.5 367
!!node 421!!
4.5 368
4.5 369
4.5 370
4.5 371
4.5 372
4.5 373
4.5 374
4.5 375
!!node 422!!
4.5 376
4.5 377
4.5 378
4.5 379
4.5 380
4.5 381
4.5 382
4.5 383
!!node 423!!
4.5 384
4.5 385
4.5 386
4.5 387
4.5 388
4.5 389
4.5 390
4.5 391
!!node 424!!
4.5 392
4.5 393
4.5 394
4.5 395
4.5 396
4.5 397
4.5 398
4.5 399
!!node 425!!
4.5 400
4.5 401
4.5 402
4.5 403
4.5 404
4.5 405
4.5 406
4.5 407
!!node 426!!
4.5 408
4.5 409
4.5 410
4.5 411
4.5 412
4.5 413
4.5 414
4.5 415
!!node 427!!
4.5 416
4.5 417
4.5 418
4.5 419
4.5 420
4.5 421
4.5 422
4.5 423
!!node 428!!
4.5 424
4.5 425
4.5 426
4.5 427
4.5 428
4.5 429
4.5 430
4.5 431
!!node 429!!
4.5 432
4.5 433
4.5 434
4.5 435
4.5 436
4.5 437
4.5 438
4.5 439
!!node 430!!
4.5 440
4.5 441
4.5 442
4.5 443
4.5 444
4.5 445
4.5 446
4.5 447
!!node 431!!
4.5 448
4.5 449
4.5 450
4.5 451
4.5 452
4.5 453
4.5 454
4.5 455
!!node 432!!
4.5 456
4.5 457
4.5 458
4.5 459
4.5 460
4.5 461
4.5 462
4.5 463
!!node 433!!
4.5 464
4.5 465
4.5 466
4.5 467
4.5 468
4.5 469
4.5 470
4.5 471
!!node 434!!
4.5 472
4.5 473
4.5 474
4.5 475
4.5 476
4.5 477
4.5 478
4.5 479
!!node 435!!
4.5 480
4.5 481
4.5 482
4.5 483
4.5 484
4.5 485
4.5 486
4.5 487
!!node 436!!
4.5 488
4.5 489
4.5 490
4.5 491
4.5 492
4.5 493
4.5 494
4.5 495
!!node 437!!
4.5 496
4.5 497
4.5 498
4.5 499
4.5 500
4.5 501
4.5 502
4.5 503
!!node 438!!
4.5 504
4.5 505
4.5 506
4.5 507
4.5 508
4.5 509
4.5 510
4.5 511
!!node 439!!
4.5 512
4.5 513
4.5 514
4.5 515
4.5 516
4.5 517
4.5 518
4.5 519
!!node 440!!
4.5 520
4.5 521
4.5 522
4.5 523
4.5 524
4.5 525
4.5 526
4.5 527
!!node 441!!
4.5 528
4.5 529
4.5 530
4.5 531
4.5 532
4.5 533
4.5 534
4.5 535
!!node 442!!
4.5 536
4.5 537
4.5 538
4.5 539
4.5 540
4.5 541
4.5 542
4.5 543
!!node 443!!
4.5 544
4.5 545
4.5 546
4.5 547
4.5 548
4.5 549
4.5 550
4.5 551
!!node 444!!
4.5 552
4.5 553
4.5 554
4.5 555
4.5 556
4.5 557
4.5 558
4.5 559
!!node 445!!
4.5 560
4.5 561
4.5 562
4.5 563
4.5 564
4.5 565
4.5 566
4.5 567
!!node 446!!
4.5 568
4.5 569
4.5 570
4.5 571
4.5 572
4.5 573
4.5 574
4.5 575
!!node 447!!
4.5 576
4.5 577
4.5 578
4.5 579
4.5 580
4.5 581
4.5 582
4.5 583
!!node 448!!
4.5 584
4.5 585
4.5 586
4.5 587
4.5 588
4.5 589
4.5 590
4.5 591
!!node 449!!
4.5 592
4.5 593
4.5 594
4.5 595
4.5 596
4.5 597
4.5 598
4.5 599
!!node 450!!
4.5 600
4.5 601
4.5 602
4.5 603
4.5 604
4.5 605
4.5 606
4.5 607
!!node 451!!
4.5 608
4.5 609
4.5 610
4.5 611
4.5 612
4.5 613
4.5 614
4.5 615
!!node 452!!
4.5 616
4.5 617
4.5 618
4.5 619
4.5 620
4.5 621
4.5 622
4.5 623
!!node 453!!
4.5 624
4.5 625
4.5 626
4.5 627
4.5 628
4.5 629
4.5 630
4.5 631
!!node 454!!
4.5 632
4.5 633
4.5 634
4.5 635
4.5 636
4.5 637
4.5 638
4.5 639
!!node 455!!
4.5 640
4.5 641
4.5 642
4.5 643
4.5 644
4.5 645
4.5 646
4.5 647
!!node 456!!
4.5 648
4.5 649
4.5 650
4.5 651
4.5 652
4.5 653
4.5 654
4.5 655
!!node 457!!
4.5 656
4.5 657
4.5 658
4.5 659
4.5 660
4.5 661
4.5 662
4.5 663
!!node 458!!
4.5 664
4.5 665
4.5 666
4.5 667
4.5 668
4.5 669
4.5 670
4.5 671
!!node 459!!
4.5 672
4.5 673
4.5 674
4.5 675
4.5 676
4.5 677
4.5 678
4.5 679
!!node 460!!
4.5 680
4.5 681
4.5 682
4.5 683
4.5 684
4.5 685
4.5 686
4.5 687
!!node 461!!
4.5 688
4.5 689
4.5 690
4.5 691
4.5 692
4.5 693
4.5 694
4.5 695
!!node 462!!
4.5 696
4.5 697
4.5 698
4.5 699
4.5 700
4.5 701
4.5 702
4.5 703
!!node 463!!
4.5 704
4.5 705
4.5 706
4.5 707
4.5 708
4.5 709
4.5 710
4.5 711
!!node 464!!
4.5 712
4.5 713
4.5 714
4.5 715
4.5 716
4.5 717
4.5 718
4.5 719
!!node 465!!
4.5 720
4.5 721
4.5 722
4.5 723
4.5 724
4.5 725
4.5 726
4.5 727
!!node 466!!
4.5 728
4.5 729
4.5 730
4.5 731
4.5 732
4.5 733
4.5 734
4.5 735
!!node 467!!
4.5 736
4.5 737
4.5 738
4.5 739
4.5 740
4.5 741
4.5 742
4.5 743
!!node 468!!
4.5 744
4.5 745
4.5 746
4.5 747
4.5 748
4.5 749
4.5 750
4.5 751
!!node 469!!
4.5 752
4.5 753
4.5 754
4.5 755
4.5 756
4.5 757
4.5 758
4.5 759
!!node 470!!
4.5 760
4.5 761
4.5 762
4.5 763
4.5 764
4.5 765
4.5 766
4.5 767
!!node 471!!
4.5 768
4.5 769
4.5 770
4.5 771
4.5 772
4.5 773
4.5 774
4.5 775
!!node 472!!
4.5 776
4.5 777
4.5 778
4.5 779
4.5 780
4.5 781
4.5 782
4.5 783
!!node 473!!
4.5 784
4.5 785
4.5 786
4.5 787
4.5 788
4.5 789
4.5 790
4.5 791
!!node 474!!
4.5 792
4.5 793
4.5 794
4.5 795
4.5 796
4.5 797
4.5 798
4.5 799
!!node 475!!
4.5 800
4.5 801
4.5 802
4.5 803
4.5 804
4.5 805
4.5 806
4.5 807
!!node 476!!
4.5 808
4.5 809
4.5 810
4.5 811
4.5 812
4.5 813
4.5 814
4.5 815
!!node 477!!
4.5 816
4.5 817
4.5 818
4.5 819
4.5 820
4.5 821
4.5 822
4.5 823
!!node 478!!
4.5 824
4.5 825
4.5 826
4.5 827
4.5 828
4.5 829
4.5 830
4.5 831
!!node 479!!
4.5 832
4.5 833
4.5 834
4.5 835
4.5 836
4.5 837
4.5 838
4.5 839
!!node 480!!
4.5 840
4.5 841
4.5 842
4.5 843
4.5 844
4.5 845
4.5 846
4.5 847
!!node 481!!
4.5 848
4.5 849
4.5 850
4.5 851
4.5 852
4.5 853
4.5 854
4.5 855
!!node 482!!
4.5 856
4.5 857
4.5 858
4.5 859
4.5 860
4.5 861
4.5 862
4.5 863
!!node 483!!
4.5 864
4.5 865
4.5 866
4.5 867
4.5 868
4.5 869
4.5 870
4.5 871
!!node 484!!
4.5 872
4.5 873
4.5 874
4.5 875
4.5 876
4.5 877
4.5 878
4.5 879
!!node 485!!
4.5 880
4.5 881
4.5 882
4.5 883
4.5 884
4.5 885
4.5 886
4.5 887
!!node 486!!
4.5 888
4.5 889
4.5 890
4.5 891
4.5 892
4.5 893
4.5 894
4.5 895
!!node 487!!
4.5 896
4.5 897
4.5 898
4.5 899
4.5 900
4.5 901
4.5 902
4.5 903
!!node 488!!
4.5 904
4.5 905
4.5 906
4.5 907
4.5 908
4.5 909
4.5 910
4.5 911
!!node 489!!
4.5 912
4.5 913
4.5 914
4.5 915
4.5 916
4.5 917
4.5 918
4.5 919
!!node 490!!
4.5 920
4.5 921
4.5 922
4.5 923
4.5 924
4.5 925
4.5 926
4.5 927
!!node 491!!
4.5 928
4.5 929
4.5 930
4.5 931
4.5 932
4.5 933
4.5 934
4.5 935
!!node 492!!
4.5 936
4.5 937
4.5 938
4.5 939
4.5 940
4.5 941
4.5 942
4.5 943
!!node 493!!
4.5 944
4.5 945
4.5 946
4.5 947
4.5 948
4.5 949
4.5 950
4.5 951
!!node 494!!
4.5 952
4.5 953
4.5 954
4.5 955
4.5 956
4.5 957
4.5 958
4.5 959
!!node 495!!
4.5 960
4.5 961
4.5 962
4.5 963
4.5 964
4.5 965
4.5 966
4.5 967
!!node 496!!
4.5 968
4.5 969
4.5 970
4.5 971
4.5 972
4.5 973
4.5 974
4.5 975
!!node 497!!
4.5 976
4.5 977
4.5 978
4.5 979
4.5 980
4.5 981
4.5 982
4.5 983
!!node 498!!
4.5 984
4.5 985
4.5 986
4.5 987
4.5 988
4.5 989
4.5 990
4.5 991
!!node 499!!
4.5 992
4.5 993
4.5 994
4.5 995
4.5 996
4.5 997
4.5 998
4.5 999
!!node 500!!
5 0
5 1
5 2
5 3
5 4
5 5
5 6
5 7
!!node 501!!
5 8
5 9
5 10
5 11
5 12
5 13
5 14
5 15
!!node 502!!
5 16
5 17
5 18
5 19
5 20
5 21
5 22
5 23
!!node 503!!
5 24
5 25
5 26
5 27
5 28
5 29
5 30
5 31
!!node 504!!
5 32
5 33
5 34
5 35
5 36
5 37
5 38
5 39
!!node 505!!
5 40
5 41
5 42
5 43
5 44
5 45
5 46
5 47
!!node 506!!
5 48
5 49
5 50
5 51
5 52
5 53
5 54
5 55
!!node 507!!
5 56
5 57
5 58
5 59
5 60
5 61
5 62
5 63
!!node 508!!
5 64
5 65
5 66
5 67
5 68
5 69
5 70
5 71
!!node 509!!
5 72
5 73
5 74
5 75
5 76
5 77
5 78
5 79
!!node 510!!
5 80
5 81
5 82
5 83
5 84
5 85
5 86
5 87
!!node 511!!
5 88
5 89
5 90
5 91
5 92
5 93
5 94
5 95
!!node 512!!
5 96
5 97
5 98
5 99
5 100
5 101
5 102
5 103
!!node 513!!
5 104
5 105
5 106
5 107
5 108
5 109
5 110
5 111
!!node 514!!
5 112
5 113
5 114
5 115
5 116
5 117
5 118
5 119
!!node 515!!
5 120
5 121
5 122
5 123
5 124
5 125
5 126
5 127
!!node 516!!
5 128
5 129
5 130
5 131
5 132
5 133
5 134
5 135
!!node 517!!
5 136
5 137
5 138
5 139
5 140
5 141
5 142
5 143
!!node 518!!
5 144
5 145
5 146
5 147
5 148
5 149
5 150
5 151
!!node 519!!
5 152
5 153
5 154
5 155
5 156
5 157
5 158
5 159
!!node 520!!
5 160
5 161
5 162
5 163
5 164
5 165
5 166
5 167
!!node 521!!
5 168
5 169
5 170
5 171
5 172
5 173
5 174
5 175
!!node 522!!
5 176
5 177
5 178
5 179
5 180
5 181
5 182
5 183
!!node 523!!
5 184
5 185
5 186
5 187
5 188
5 189
5 190
5 191
!!node 524!!
5 192
5 193
5 194
5 195
5 196
5 197
5 198
5 199
!!node 525!!
5 200
5 201
5 202
5 203
5 204
5 205
5 206
5 207
!!node 526!!
5 208
5 209
5 210
5 211
5 212
5 213
5 214
5 215
!!node 527!!
5 216
5 217
5 218
5 219
5 220
5 221
5 222
5 223
!!node 528!!
5 224
5 225
5 226
5 227
5 228
5 229
5 230
5 231
!!node 529!!
5 232
5 233
5 234
5 235
5 236
5 237
5 238
5 239
!!node 530!!
5 240
5 241
5 242
5 243
5 244
5 245
5 246
5 247
!!node 531!!
5 248
5 249
5 250
5 251
5 252
5 253
5 254
5 255
!!node 532!!
5 256
5 257
5 258
5 259
5 260
5 261
5 262
5 263
!!node 533!!
5 264
5 265
5 266
5 267
5 268
5 269
5 270
5 271
!!node 534!!
5 272
5 273
5 274
5 275
5 276
5 277
5 278
5 279
!!node 535!!
5 280
5 281
5 282
5 283
5 284
5 285
5 286
5 287
!!node 536!!
5 288
5 289
5 290
5 291
5 292
5 293
5 294
5 295
!!node 537!!
5 296
5 297
5 298
5 299
5 300
5 301
5 302
5 303
!!node 538!!
5 304
5 305
5 306
5 307
5 308
5 309
5 310
5 311
!!node 539!!
5 312
5 313
5 314
5 315
5 316
5 317
5 318
5 319
!!node 540!!
5 320
5 321
5 322
5 323
5 324
5 325
5 326
5 327
!!node 541!!
5 328
5 329
5 330
5 331
5 332
5 333
5 334
5 335
!!node 542!!
5 336
5 337
5 338
5 339
5 340
5 341
5 342
5 343
!!node 543!!
5 344
5 345
5 346
5 347
5 348
5 349
5 350
5 351
!!node 544!!
5 352
5 353
5 354
5 355
5 356
5 357
5 358
5 359
!!node 545!!
5 360
5 361
5 362
5 363
5 364
5 365
5 366
5 367
!!node 546!!
5 368
5 369
5 370
5 371
5 372
5 373
5 374
5 375
!!node 547!!
5 376
5 377
5 378
5 379
5 380
5 381
5 382
5 383
!!node 548!!
5 384
5 385
5 386
5 387
5 388
5 389
5 390
5 391
!!node 549!!
5 392
5 393
5 394
5 395
5 396
5 397
5 398
5 399
!!node 550!!
5 400
5 401
5 402
5 403
5 404
5 405
5 406
5 407
!!node 551!!
5 408
5 409
5 410
5 411
5 412
5 413
5 414
5 415
!!node 552!!
5 416
5 417
5 418
5 419
5 420
5 421
5 422
5 423
!!node 553!!
5 424
5 425
5 426
5 427
5 428
5 429
5 430
5 431
!!node 554!!
5 432
5 433
5 434
5 435
5 436
5 437
5 438
5 439
!!node 555!!
5 440
5 441
5 442
5 443
5 444
5 445
5 446
5 447
!!node 556!!
5 448
5 449
5 450
5 451
5 452
5 453
5 454
5 455
!!node 557!!
5 456
5 457
5 458
5 459
5 460
5 461
5 462
5 463
!!node 558!!
5 464
5 465
5 466
5 467
5 468
5 469
5 470
5 471
!!node 559!!
5 472
5 473
5 474
5 475
5 476
5 477
5 478
5 479
!!node 560!!
5 480
5 481
5 482
5 483
5 484
5 485
5 486
5 487
!!node 561!!
5 488
5 489
5 490
5 491
5 492
5 493
5 494
5 495
!!node 562!!
5 496
5 497
5 498
5 499
5 500
5 501
5 502
5 503
!!node 563!!
5 504
5 505
5 506
5 507
5 508
5 509
5 510
5 511
!!node 564!!
5 512
5 513
5 514
5 515
5 516
5 517
5 518
5 519
!!node 565!!
5 520
5 521
5 522
5 523
5 524
5 525
5 526
5 527
!!node 566!!
5 528
5 529
5 530
5 531
5 532
5 533
5 534
5 535
!!node 567!!
5 536
5 537
5 538
5 539
5 540
5 541
5 542
5 543
!!node 568!!
5 544
5 545
5 546
5 547
5 548
5 549
5 550
5 551
!!node 569!!
5 552
5 553
5 554
5 555
5 556
5 557
5 558
5 559
!!node 570!!
5 560
5 561
5 562
5 563
5 564
5 565
5 566
5 567
!!node 571!!
5 568
5 569
5 570
5 571
5 572
5 573
5 574
5 575
!!node 572!!
5 576
5 577
5 578
5 579
5 580
5 581
5 582
5 583
!!node 573!!
5 584
5 585
5 586
5 587
5 588
5 589
5 590
5 591
!!node 574!!
5 592
5 593
5 594
5 595
5 596
5 597
5 598
5 599
!!node 575!!
5 600
5 601
5 602
5 603
5 604
5 605
5 606
5 607
!!node 576!!
5 608
5 609
5 610
5 611
5 612
5 613
5 614
5 615
!!node 577!!
5 616
5 617
5 618
5 619
5 620
5 621
5 622
5 623
!!node 578!!
5 624
5 625
5 626
5 627
5 628
5 629
5 630
5 631
!!node 579!!
5 632
5 633
5 634
5 635
5 636
5 637
5 638
5 639
!!node 580!!
5 640
5 641
5 642
5 643
5 644
5 645
5 646
5 647
!!node 581!!
5 648
5 649
5 650
5 651
5 652
5 653
5 654
5 655
!!node 582!!
5 656
5 657
5 658
5 659
5 660
5 661
5 662
5 663
!!node 583!!
5 664
5 665
5 666
5 667
5 668
5 669
5 670
5 671
!!node 584!!
5 672
5 673
5 674
5 675
5 676
5 677
5 678
5 679
!!node 585!!
5 680
5 681
5 682
5 683
5 684
5 685
5 686
5 687
!!node 586!!
5 688
5 689
5 690
5 691
5 692
5 693
5 694
5 695
!!node 587!!
5 696
5 697
5 698
5 699
5 700
5 701
5 702
5 703
!!node 588!!
5 704
5 705
5 706
5 707
5 708
5 709
5 710
5 711
!!node 589!!
5 712
5 713
5 714
5 715
5 716
5 717
5 718
5 719
!!node 590!!
5 720
5 721
5 722
5 723
5 724
5 725
5 726
5 727
!!node 591!!
5 728
5 729
5 730
5 731
5 732
5 733
5 734
5 735
!!node 592!!
5 736
5 737
5 738
5 739
5 740
5 741
5 742
5 743
!!node 593!!
5 744
5 745
5 746
5 747
5 748
5 749
5 750
5 751
!!node 594!!
5 752
5 753
5 754
5 755
5 756
5 757
5 758
5 759
!!node 595!!
5 760
5 761
5 762
5 763
5 764
5 765
5 766
5 767
!!node 596!!
5 768
5 769
5 770
5 771
5 772
5 773
5 774
5 775
!!node 597!!
5 776
5 777
5 778
5 779
5 780
5 781
5 782
5 783
!!node 598!!
5 784
5 785
5 786
5 787
5 788
5 789
5 790
5 791
!!node 599!!
5 792
5 793
5 794
5 795
5 796
5 797
5 798
5 799
!!node 600!!
5 800
5 801
5 802
5 803
5 804
5 805
5 806
5 807
!!node 601!!
5 808
5 809
5 810
5 811
5 812
5 813
5 814
5 815
!!node 602!!
5 816
5 817
5 818
5 819
5 820
5 821
5 822
5 823
!!node 603!!
5 824
5 825
5 826
5 827
5 828
5 829
5 830
5 831
!!node 604!!
5 832
5 833
5 834
5 835
5 836
5 837
5 838
5 839
!!node 605!!
5 840
5 841
5 842
5 843
5 844
5 845
5 846
5 847
!!node 606!!
5 848
5 849
5 850
5 851
5 852
5 853
5 854
5 855
!!node 607!!
5 856
5 857
5 858
5 859
5 860
5 861
5 862
5 863
!!node 608!!
5 864
5 865
5 866
5 867
5 868
5 869
5 870
5 871
!!node 609!!
5 872
5 873
5 874
5 875
5 876
5 877
5 878
5 879
!!node 610!!
5 880
5 881
5 882
5 883
5 884
5 885
5 886
5 887
!!node 611!!
5 888
5 889
5 890
5 891
5 892
5 893
5 894
5 895
!!node 612!!
5 896
5 897
5 898
5 899
5 900
5 901
5 902
5 903
!!node 613!!
5 904
5 905
5 906
5 907
5 908
5 909
5 910
5 911
!!node 614!!
5 912
5 913
5 914
5 915
5 916
5 917
5 918
5 919
!!node 615!!
5 920
5 921
5 922
5 923
5 924
5 925
5 926
5 927
!!node 616!!
5 928
5 929
5 930
5 931
5 932
5 933
5 934
5 935
!!node 617!!
5 936
5 937
5 938
5 939
5 940
5 941
5 942
5 943
!!node 618!!
5 944
5 945
5 946
5 947
5 948
5 949
5 950
5 951
!!node 619!!
5 952
5 953
5 954
5 955
5 956
5 957
5 958
5 959
!!node 620!!
5 960
5 961
5 962
5 963
5 964
5 965
5 966
5 967
!!node 621!!
5 968
5 969
5 970
5 971
5 972
5 973
5 974
5 975
!!node 622!!
5 976
5 977
5 978
5 979
5 980
5 981
5 982
5 983
!!node 623!!
5 984
5 985
5 986
5 987
5 988
5 989
5 990
5 991
!!node 624!!
5 992
5 993
5 994
5 995
5 996
5 997
5 998
5 999
!!node 625!!
5.5 0
5.5 1
5.5 2
5.5 3
5.5 4
5.5 5
5.5 6
5.5 7
!!node 626!!
5.5 8
5.5 9
5.5 10
5.5 11
5.5 12
5.5 13
5.5 14
5.5 15
!!node 627!!
5.5 16
5.5 17
5.5 18
5.5 19
5.5 20
5.5 21
5.5 22
5.5 23
!!node 628!!
5.5 24
5.5 25
5.5 26
5.5 27
5.5 28
5.5 29
5.5 30
5.5 31
!!node 629!!
5.5 32
5.5 33
5.5 34
5.5 35
5.5 36
5.5 37
5.5 38
5.5 39
!!node 630!!
5.5 40
5.5 41
5.5 42
5.5 43
5.5 44
5.5 45
5.5 46
5.5 47
!!node 631!!
5.5 48
5.5 49
5.5 50
5.5 51
5.5 52
5.5 53
5.5 54
5.5 55
!!node 632!!
5.5 56
5.5 57
5.5 58
5.5 59
5.5 60
5.5 61
5.5 62
5.5 63
!!node 633!!
5.5 64
5.5 65
5.5 66
5.5 67
5.5 68
5.5 69
5.5 70
5.5 71
!!node 634!!
5.5 72
5.5 73
5.5 74
5.5 75
5.5 76
5.5 77
5.5 78
5.5 79
!!node 635!!
5.5 80
5.5 81
5.5 82
5.5 83
5.5 84
5.5 85
5.5 86
5.5 87
!!node 636!!
5.5 88
5.5 89
5.5 90
5.5 91
5.5 92
5.5 93
5.5 94
5.5 95
!!node 637!!
5.5 96
5.5 97
5.5 98
5.5 99
5.5 100
5.5 101
5.5 102
5.5 103
!!node 638!!
5.5 104
5.5 105
5.5 106
5.5 107
5.5 108
5.5 109
5.5 110
5.5 111
!!node 639!!
5.5 112
5.5 113
5.5 114
5.5 115
5.5 116
5.5 117
5.5 118
5.5 119
!!node 640!!
5.5 120
5.5 121
5.5 122
5.5 123
5.5 124
5.5 125
5.5 126
5.5 127
!!node 641!!
5.5 128
5.5 129
5.5 130
5.5 131
5.5 132
5.5 133
5.5 134
5.5 135
!!node 642!!
5.5 136
5.5 137
5.5 138
5.5 139
5.5 140
5.5 141
5.5 142
5.5 143
!!node 643!!
5.5 144
5.5 145
5.5 146
5.5 147
5.5 148
5.5 149
5.5 150
5.5 151
!!node 644!!
5.5 152
5.5 153
5.5 154
5.5 155
5.5 156
5.5 157
5.5 158
5.5 159
!!node 645!!
5.5 160
5.5 161
5.5 162
5.5 163
5.5 164
5.5 165
5.5 166
5.5 167
!!node 646!!
5.5 168
5.5 169
5.5 170
5.5 171
5.5 172
5.5 173
5.5 174
5.5 175
!!node 647!!
5.5 176
5.5 177
5.5 178
5.5 179
5.5 180
5.5 181
5.5 182
5.5 183
!!node 648!!
5.5 184
5.5 185
5.5 186
5.5 187
5.5 188
5.5 189
5.5 190
5.5 191
!!node 649!!
5.5 192
5.5 193
5.5 194
5.5 195
5.5 196
5.5 197
5.5 198
5.5 199
!!node 650!!
5.5 200
5.5 201
5.5 202
5.5 203
5.5 204
5.5 205
5.5 206
5.5 207
!!node 651!!
5.5 208
5.5 209
5.5 210
5.5 211
5.5 212
5.5 213
5.5 214
5.5 215
!!node 652!!
5.5 216
5.5 217
5.5 218
5.5 219
5.5 220
5.5 221
5.5 222
5.5 223
!!node 653!!
5.5 224
5.5 225
5.5 226
5.5 227
5.5 228
5.5 229
5.5 230
5.5 231
!!node 654!!
5.5 232
5.5 233
5.5 234
5.5 235
5.5 236
5.5 237
5.5 238
5.5 239
!!node 655!!
5.5 240
5.5 241
5.5 242
5.5 243
5.5 244
5.5 245
5.5 246
5.5 247
!!node 656!!
5.5 248
5.5 249
5.5 250
5.5 251
5.5 252
5.5 253
5.5 254
5.5 255
!!node 657!!
5.5 256
5.5 257
5.5 258
5.5 259
5.5 260
5.5 261
5.5 262
5.5 263
!!node 658!!
5.5 264
5.5 265
5.5 266
5.5 267
5.5 268
5.5 269
5.5 270
5.5 271
!!node 659!!
5.5 272
5.5 273
5.5 274
5.5 275
5.5 276
5.5 277
5.5 278
5.5 279
!!node 660!!
5.5 280
5.5 281
5.5 282
5.5 283
5.5 284
5.5 285
5.5 286
5.5 287
!!node 661!!
5.5 288
5.5 289
5.5 290
5.5 291
5.5 292
5.5 293
5.5 294
5.5 295
!!node 662!!
5.5 296
5.5 297
5.5 298
5.5 299
5.5 300
5.5 301
5.5 302
5.5 303
!!node 663!!
5.5 304
5.5 305
5.5 306
5.5 307
5.5 308
5.5 309
5.5 310
5.5 311
!!node 664!!
5.5 312
5.5 313
5.5 314
5.5 315
5.5 316
5.5 317
5.5 318
5.5 319
!!node 665!!
5.5 320
5.5 321
5.5 322
5.5 323
5.5 324
5.5 325
5.5 326
5.5 327
!!node 666!!
5.5 328
5.5 329
5.5 330
5.5 331
5.5 332
5.5 333
5.5 334
5.5 335
!!node 667!!
5.5 336
5.5 337
5.5 338
5.5 339
5.5 340
5.5 341
5.5 342
5.5 343
!!node 668!!
5.5 344
5.5 345
5.5 346
5.5 347
5.5 348
5.5 349
5.5 350
5.5 351
!!node 669!!
5.5 352
5.5 353
5.5 354
5.5 355
5.5 356
5.5 357
5.5 358
5.5 359
!!node 670!!
5.5 360
5.5 361
5.5 362
5.5 363
5.5 364
5.5 365
5.5 366
5.5 367
!!node 671!!
5.5 368
5.5 369
5.5 370
5.5 371
5.5 372
5.5 373
5.5 374
5.5 375
!!node 672!!
5.5 376
5.5 377
5.5 378
5.5 379
5.5 380
5.5 381
5.5 382
5.5 383
!!node 673!!
5.5 384
5.5 385
5.5 386
5.5 387
5.5 388
5.5 389
5.5 390
5.5 391
!!node 674!!
5.5 392
5.5 393
5.5 394
5.5 395
5.5 396
5.5 397
5.5 398
5.5 399
!!node 675!!
5.5 400
5.5 401
5.5 402
5.5 403
5.5 404
5.5 405
5.5 406
5.5 407
!!node 676!!
5.5 408
5.5 409
5.5 410
5.5 411
5.5 412
5.5 413
5.5 414
5.5 415
!!node 677!!
5.5 416
5.5 417
5.5 418
5.5 419
5.5 420
5.5 421
5.5 422
5.5 423
!!node 678!!
5.5 424
5.5 425
5.5 426
5.5 427
5.5 428
5.5 429
5.5 430
5.5 431
!!node 679!!
5.5 432
5.5 433
5.5 434
5.5 435
5.5 436
5.5 437
5.5 438
5.5 439
!!node 680!!
5.5 440
5.5 441
5.5 442
5.5 443
5.5 444
5.5 445
5.5 446
5.5 447
!!node 681!!
5.5 448
5.5 449
5.5 450
5.5 451
5.5 452
5.5 453
5.5 454
5.5 455
!!node 682!!
5.5 456
5.5 457
5.5 458
5.5 459
5.5 460
5.5 461
5.5 462
5.5 463
!!node 683!!
5.5 464
5.5 465
5.5 466
5.5 467
5.5 468
5.5 469
5.5 470
5.5 471
!!node 684!!
5.5 472
5.5 473
5.5 474
5.5 475
5.5 476
5.5 477
5.5 478
5.5 479
!!node 685!!
5.5 480
5.5 481
5.5 482
5.5 483
5.5 484
5.5 485
5.5 486
5.5 487
!!node 686!!
5.5 488
5.5 489
5.5 490
5.5 491
5.5 492
5.5 493
5.5 494
5.5 495
!!node 687!!
5.5 496
5.5 497
5.5 498
5.5 499
5.5 500
5.5 501
5.5 502
5.5 503
!!node 688!!
5.5 504
5.5 505
5.5 506
5.5 507
5.5 508
5.5 509
5.5 510
5.5 511
!!node 689!!
5.5 512
5.5 513
5.5 514
5.5 515
5.5 516
5.5 517
5.5 518
5.5 519
!!node 690!!
5.5 520
5.5 521
5.5 522
5.5 523
5.5 524
5.5 525
5.5 526
5.5 527
!!node 691!!
5.5 528
5.5 529
5.5 530
5.5 531
5.5 532
5.5 533
5.5 534
5.5 535
!!node 692!!
5.5 536
5.5 537
5.5 538
5.5 539
5.5 540
5.5 541
5.5 542
5.5 543
!!node 693!!
5.5 544
5.5 545
5.5 546
5.5 547
5.5 548
5.5 549
5.5 550
5.5 551
!!node 694!!
5.5 552
5.5 553
5.5 554
5.5 555
5.5 556
5.5 557
5.5 558
5.5 559
!!node 695!!
5.5 560
5.5 561
5.5 562
5.5 563
5.5 564
5.5 565
5.5 566
5.5 567
!!node 696!!
5.5 568
5.5 569
5.5 570
5.5 571
5.5 572
5.5 573
5.5 574
5.5 575
!!node 697!!
5.5 576
5.5 577
5.5 578
5.5 579
5.5 580
5.5 581
5.5 582
5.5 583
!!node 698!!
5.5 584
5.5 585
5.5 586
5.5 587
5.5 588
5.5 589
5.5 590
5.5 591
!!node 699!!
5.5 592
5.5 593
5.5 594
5.5 595
5.5 596
5.5 597
5.5 598
5.5 599
!!node 700!!
5.5 600
5.5 601
5.5 602
5.5 603
5.5 604
5.5 605
5.5 606
5.5 607
!!node 701!!
5.5 608
5.5 609
5.5 610
5.5 611
5.5 612
5.5 613
5.5 614
5.5 615
!!node 702!!
5.5 616
5.5 617
5.5 618
5.5 619
5.5 620
5.5 621
5.5 622
5.5 623
!!node 703!!
5.5 624
5.5 625
5.5 626
5.5 627
5.5 628
5.5 629
5.5 630
5.5 631
!!node 704!!
5.5 632
5.5 633
5.5 634
5.5 635
5.5 636
5.5 637
5.5 638
5.5 639
!!node 705!!
5.5 640
5.5 641
5.5 642
5.5 643
5.5 644
5.5 645
5.5 646
5.5 647
!!node 706!!
5.5 648
5.5 649
5.5 650
5.5 651
5.5 652
5.5 653
5.5 654
5.5 655
!!node 707!!
5.5 656
5.5 657
5.5 658
5.5 659
5.5 660
5.5 661
5.5 662
5.5 663
!!node 708!!
5.5 664
5.5 665
5.5 666
5.5 667
5.5 668
5.5 669
5.5 670
5.5 671
!!node 709!!
5.5 672
5.5 673
5.5 674
5.5 675
5.5 676
5.5 677
5.5 678
5.5 679
!!node 710!!
5.5 680
5.5 681
5.5 682
5.5 683
5.5 684
5.5 685
5.5 686
5.5 687
!!node 711!!
5.5 688
5.5 689
5.5 690
5.5 691
5.5 692
5.5 693
5.5 694
5.5 695
!!node 712!!
5.5 696
5.5 697
5.5 698
5.5 699
5.5 700
5.5 701
5.5 702
5.5 703
!!node 713!!
5.5 704
5.5 705
5.5 706
5.5 707
5.5 708
5.5 709
5.5 710
5.5 711
!!node 714!!
5.5 712
5.5 713
5.5 714
5.5 715
5.5 716
5.5 717
5.5 718
5.5 719
!!node 715!!
5.5 720
5.5 721
5.5 722
5.5 723
5.5 724
5.5 725
5.5 726
5.5 727
!!node 716!!
5.5 728
5.5 729
5.5 730
5.5 731
5.5 732
5.5 733
5.5 734
5.5 735
!!node 717!!
5.5 736
5.5 737
5.5 738
5.5 739
5.5 740
5.5 741
5.5 742
5.5 743
!!node 718!!
5.5 744
5.5 745
5.5 746
5.5 747
5.5 748
5.5 749
5.5 750
5.5 751
!!node 719!!
5.5 752
5.5 753
5.5 754
5.5 755
5.5 756
5.5 757
5.5 758
5.5 759
!!node 720!!
5.5 760
5.5 761
5.5 762
5.5 763
5.5 764
5.5 765
5.5 766
5.5 767
!!node 721!!
5.5 768
5.5 769
5.5 770
5.5 771
5.5 772
5.5 773
5.5 774
5.5 775
!!node 722!!
5.5 776
5.5 777
5.5 778
5.5 779
5.5 780
5.5 781
5.5 782
5.5 783
!!node 723!!
5.5 784
5.5 785
5.5 786
5.5 787
5.5 788
5.5 789
5.5 790
5.5 791
!!node 724!!
5.5 792
5.5 793
5.5 794
5.5 795
5.5 796
5.5 797
5.5 798
5.5 799
!!node 725!!
5.5 800
5.5 801
5.5 802
5.5 803
5.5 804
5.5 805
5.5 806
5.5 807
!!node 726!!
5.5 808
5.5 809
5.5 810
5.5 811
5.5 812
5.5 813
5.5 814
5.5 815
!!node 727!!
5.5 816
5.5 817
5.5 818
5.5 819
5.5 820
5.5 821
5.5 822
5.5 823
!!node 728!!
5.5 824
5.5 825
5.5 826
5.5 827
5.5 828
5.5 829
5.5 830
5.5 831
!!node 729!!
5.5 832
5.5 833
5.5 834
5.5 835
5.5 836
5.5 837
5.5 838
5.5 839
!!node 730!!
5.5 840
5.5 841
5.5 842
5.5 843
5.5 844
5.5 845
5.5 846
5.5 847
!!node 731!!
5.5 848
5.5 849
5.5 850
5.5 851
5.5 852
5.5 853
5.5 854
5.5 855
!!node 732!!
5.5 856
5.5 857
5.5 858
5.5 859
5.5 860
5.5 861
5.5 862
5.5 863
!!node 733!!
5.5 864
5.5 865
5.5 866
5.5 867
5.5 868
5.5 869
5.5 870
5.5 871
!!node 734!!
5.5 872
5.5 873
5.5 874
5.5 875
5.5 876
5.5 877
5.5 878
5.5 879
!!node 735!!
5.5 880
5.5 881
5.5 882
5.5 883
5.5 884
5.5 885
5.5 886
5.5 887
!!node 736!!
5.5 888
5.5 889
5.5 890
5.5 891
5.5 892
5.5 893
5.5 894
5.5 895
!!node 737!!
5.5 896
5.5 897
5.5 898
5.5 899
5.5 900
5.5 901
5.5 902
5.5 903
!!node 738!!
5.5 904
5.5 905
5.5 906
5.5 907
5.5 908
5.5 909
5.5 910
5.5 911
!!node 739!!
5.5 912
5.5 913
5.5 914
5.5 915
5.5 916
5.5 917
5.5 918
5.5 919
!!node 740!!
5.5 920
5.5 921
5.5 922
5.5 923
5.5 924
5.5 925
5.5 926
5.5 927
!!node 741!!
5.5 928
5.5 929
5.5 930
5.5 931
5.5 932
5.5 933
5.5 934
5.5 935
!!node 742!!
5.5 936
5.5 937
5.5 938
5.5 939
5.5 940
5.5 941
5.5 942
5.5 943
!!node 743!!
5.5 944
5.5 945
5.5 946
5.5 947
5.5 948
5.5 949
5.5 950
5.5 951
!!node 744!!
5.5 952
5.5 953
5.5 954
5.5 955
5.5 956
5.5 957
5.5 958
5.5 959
!!node 745!!
5.5 960
5.5 961
5.5 962
5.5 963
5.5 964
5.5 965
5.5 966
5.5 967
!!node 746!!
5.5 968
5.5 969
5.5 970
5.5 971
5.5 972
5.5 973
5.5 974
5.5 975
!!node 747!!
5.5 976
5.5 977
5.5 978
5.5 979
5.5 980
5.5 981
5.5 982
5.5 983
!!node 748!!
5.5 984
5.5 985
5.5 986
5.5 987
5.5 988
5.5 989
5.5 990
5.5 991
!!node 749!!
5.5 992
5.5 993
5.5 994
5.5 995
5.5 996
5.5 997
5.5 998
5.5 999
!!node 750!!
6 0
6 1
6 2
6 3
6 4
6 5
6 6
6 7
!!node 751!!
6 8
6 9
6 10
6 11
6 12
6 13
6 14
6 15
!!node 752!!
6 16
6 17
6 18
6 19
6 20
6 21
6 22
6 23
!!node 753!!
6 24
6 25
6 26
6 27
6 28
6 29
6 30
6 31
!!node 754!!
6 32
6 33
6 34
6 35
6 36
6 37
6 38
6 39
!!node 755!!
6 40
6 41
6 42
6 43
6 44
6 45
6 46
6 47
!!node 756!!
6 48
6 49
6 50
6 51
6 52
6 53
6 54
6 55
!!node 757!!
6 56
6 57
6 58
6 59
6 60
6 61
6 62
6 63
!!node 758!!
6 64
6 65
6 66
6 67
6 68
6 69
6 70
6 71
!!node 759!!
6 72
6 73
6 74
6 75
6 76
6 77
6 78
6 79
!!node 760!!
6 80
6 81
6 82
6 83
6 84
6 85
6 86
6 87
!!node 761!!
6 88
6 89
6 90
6 91
6 92
6 93
6 94
6 95
!!node 762!!
6 96
6 97
6 98
6 99
6 100
6 101
6 102
6 103
!!node 763!!
6 104
6 105
6 106
6 107
6 108
6 109
6 110
6 111
!!node 764!!
6 112
6 113
6 114
6 115
6 116
6 117
6 118
6 119
!!node 765!!
6 120
6 121
6 122
6 123
6 124
6 125
6 126
6 127
!!node 766!!
6 128
6 129
6 130
6 131
6 132
6 133
6 134
6 135
!!node 767!!
6 136
6 137
6 138
6 139
6 140
6 141
6 142
6 143
!!node 768!!
6 144
6 145
6 146
6 147
6 148
6 149
6 150
6 151
!!node 769!!
6 152
6 153
6 154
6 155
6 156
6 157
6 158
6 159
!!node 770!!
6 160
6 161
6 162
6 163
6 164
6 165
6 166
6 167
!!node 771!!
6 168
6 169
6 170
6 171
6 172
6 173
6 174
6 175
!!node 772!!
6 176
6 177
6 178
6 179
6 180
6 181
6 182
6 183
!!node 773!!
6 184
6 185
6 186
6 187
6 188
6 189
6 190
6 191
!!node 774!!
6 192
6 193
6 194
6 195
6 196
6 197
6 198
6 199
!!node 775!!
6 200
6 201
6 202
6 203
6 204
6 205
6 206
6 207
!!node 776!!
6 208
6 209
6 210
6 211
6 212
6 213
6 214
6 215
!!node 777!!
6 216
6 217
6 218
6 219
6 220
6 221
6 222
6 223
!!node 778!!
6 224
6 225
6 226
6 227
6 228
6 229
6 230
6 231
!!node 779!!
6 232
6 233
6 234
6 235
6 236
6 237
6 238
6 239
!!node 780!!
6 240
6 241
6 242
6 243
6 244
6 245
6 246
6 247
!!node 781!!
6 248
6 249
6 250
6 251
6 252
6 253
6 254
6 255
!!node 782!!
6 256
6 257
6 258
6 259
6 260
6 261
6 262
6 263
!!node 783!!
6 264
6 265
6 266
6 267
6 268
6 269
6 270
6 271
!!node 784!!
6 272
6 273
6 274
6 275
6 276
6 277
6 278
6 279
!!node 785!!
6 280
6 281
6 282
6 283
6 284
6 285
6 286
6 287
!!node 786!!
6 288
6 289
6 290
6 291
6 292
6 293
6 294
6 295
!!node 787!!
6 296
6 297
6 298
6 299
6 300
6 301
6 302
6 303
!!node 788!!
6 304
6 305
6 306
6 307
6 308
6 309
6 310
6 311
!!node 789!!
6 312
6 313
6 314
6 315
6 316
6 317
6 318
6 319
!!node 790!!
6 320
6 321
6 322
6 323
6 324
6 325
6 326
6 327
!!node 791!!
6 328
6 329
6 330
6 331
6 332
6 333
6 334
6 335
!!node 792!!
6 336
6 337
6 338
6 339
6 340
6 341
6 342
6 343
!!node 793!!
6 344
6 345
6 346
6 347
6 348
6 349
6 350
6 351
!!node 794!!
6 352
6 353
6 354
6 355
6 356
6 357
6 358
6 359
!!node 795!!
6 360
6 361
6 362
6 363
6 364
6 365
6 366
6 367
!!node 796!!
6 368
6 369
6 370
6 371
6 372
6 373
6 374
6 375
!!node 797!!
6 376
6 377
6 378
6 379
6 380
6 381
6 382
6 383
!!node 798!!
6 384
6 385
6 386
6 387
6 388
6 389
6 390
6 391
!!node 799!!
6 392
6 393
6 394
6 395
6 396
6 397
6 398
6 399
!!node 800!!
6 400
6 401
6 402
6 403
6 404
6 405
6 406
6 407
!!node 801!!
6 408
6 409
6 410
6 411
6 412
6 413
6 414
6 415
!!node 802!!
6 416
6 417
6 418
6 419
6 420
6 421
6 422
6 423
!!node 803!!
6 424
6 425
6 426
6 427
6 428
6 429
6 430
6 431
!!node 804!!
6 432
6 433
6 434
6 435
6 436
6 437
6 438
6 439
!!node 805!!
6 440
6 441
6 442
6 443
6 444
6 445
6 446
6 447
!!node 806!!
6 448
6 449
6 450
6 451
6 452
6 453
6 454
6 455
!!node 807!!
6 456
6 457
6 458
6 459
6 460
6 461
6 462
6 463
!!node 808!!
6 464
6 465
6 466
6 467
6 468
6 469
6 470
6 471
!!node 809!!
6 472
6 473
6 474
6 475
6 476
6 477
6 478
6 479
!!node 810!!
6 480
6 481
6 482
6 483
6 484
6 485
6 486
6 487
!!node 811!!
6 488
6 489
6 490
6 491
6 492
6 493
6 494
6 495
!!node 812!!
6 496
6 497
6 498
6 499
6 500
6 501
6 502
6 503
!!node 813!!
6 504
6 505
6 506
6 507
6 508
6 509
6 510
6 511
!!node 814!!
6 512
6 513
6 514
6 515
6 516
6 517
6 518
6 519
!!node 815!!
6 520
6 521
6 522
6 523
6 524
6 525
6 526
6 527
!!node 816!!
6 528
6 529
6 530
6 531
6 532
6 533
6 534
6 535
!!node 817!!
6 536
6 537
6 538
6 539
6 540
6 541
6 542
6 543
!!node 818!!
6 544
6 545
6 546
6 547
6 548
6 549
6 550
6 551
!!node 819!!
6 552
6 553
6 554
6 555
6 556
6 557
6 558
6 559
!!node 820!!
6 560
6 561
6 562
6 563
6 564
6 565
6 566
6 567
!!node 821!!
6 568
6 569
6 570
6 571
6 572
6 573
6 574
6 575
!!node 822!!
6 576
6 577
6 578
6 579
6 580
6 581
6 582
6 583
!!node 823!!
6 584
6 585
6 586
6 587
6 588
6 589
6 590
6 591
!!node 824!!
6 592
6 593
6 594
6 595
6 596
6 597
6 598
6 599
!!node 825!!
6 600
6 601
6 602
6 603
6 604
6 605
6 606
6 607
!!node 826!!
6 608
6 609
6 610
6 611
6 612
6 613
6 614
6 615
!!node 827!!
6 616
6 617
6 618
6 619
6 620
6 621
6 622
6 623
!!node 828!!
6 624
6 625
6 626
6 627
6 628
6 629
6 630
6 631
!!node 829!!
6 632
6 633
6 634
6 635
6 636
6 637
6 638
6 639
!!node 830!!
6 640
6 641
6 642
6 643
6 644
6 645
6 646
6 647
!!node 831!!
6 648
6 649
6 650
6 651
6 652
6 653
6 654
6 655
!!node 832!!
6 656
6 657
6 658
6 659
6 660
6 661
6 662
6 663
!!node 833!!
6 664
6 665
6 666
6 667
6 668
6 669
6 670
6 671
!!node 834!!
6 672
6 673
6 674
6 675
6 676
6 677
6 678
6 679
!!node 835!!
6 680
6 681
6 682
6 683
6 684
6 685
6 686
6 687
!!node 836!!
6 688
6 689
6 690
6 691
6 692
6 693
6 694
6 695
!!node 837!!
6 696
6 697
6 698
6 699
6 700
6 701
6 702
6 703
!!node 838!!
6 704
6 705
6 706
6 707
6 708
6 709
6 710
6 711
!!node 839!!
6 712
6 713
6 714
6 715
6 716
6 717
6 718
6 719
!!node 840!!
6 720
6 721
6 722
6 723
6 724
6 725
6 726
6 727
!!node 841!!
6 728
6 729
6 730
6 731
6 732
6 733
6 734
6 735
!!node 842!!
6 736
6 737
6 738
6 739
6 740
6 741
6 742
6 743
!!node 843!!
6 744
6 745
6 746
6 747
6 748
6 749
6 750
6 751
!!node 844!!
6 752
6 753
6 754
6 755
6 756
6 757
6 758
6 759
!!node 845!!
6 760
6 761
6 762
6 763
6 764
6 765
6 766
6 767
!!node 846!!
6 768
6 769
6 770
6 771
6 772
6 773
6 774
6 775
!!node 847!!
6 776
6 777
6 778
6 779
6 780
6 781
6 782
6 783
!!node 848!!
6 784
6 785
6 786
6 787
6 788
6 789
6 790
6 791
!!node 849!!
6 792
6 793
6 794
6 795
6 796
6 797
6 798
6 799
!!node 850!!
6 800
6 801
6 802
6 803
6 804
6 805
6 806
6 807
!!node 851!!
6 808
6 809
6 810
6 811
6 812
6 813
6 814
6 815
!!node 852!!
6 816
6 817
6 818
6 819
6 820
6 821
6 822
6 823
!!node 853!!
6 824
6 825
6 826
6 827
6 828
6 829
6 830
6 831
!!node 854!!
6 832
6 833
6 834
6 835
6 836
6 837
6 838
6 839
!!node 855!!
6 840
6 841
6 842
6 843
6 844
6 845
6 846
6 847
!!node 856!!
6 848
6 849
6 850
6 851
6 852
6 853
6 854
6 855
!!node 857!!
6 856
6 857
6 858
6 859
6 860
6 861
6 862
6 863
!!node 858!!
6 864
6 865
6 866
6 867
6 868
6 869
6 870
6 871
!!node 859!!
6 872
6 873
6 874
6 875
6 876
6 877
6 878
6 879
!!node 860!!
6 880
6 881
6 882
6 883
6 884
6 885
6 886
6 887
!!node 861!!
6 888
6 889
6 890
6 891
6 892
6 893
6 894
6 895
!!node 862!!
6 896
6 897
6 898
6 899
6 900
6 901
6 902
6 903
!!node 863!!
6 904
6 905
6 906
6 907
6 908
6 909
6 910
6 911
!!node 864!!
6 912
6 913
6 914
6 915
6 916
6 917
6 918
6 919
!!node 865!!
6 920
6 921
6 922
6 923
6 924
6 925
6 926
6 927
!!node 866!!
6 928
6 929
6 930
6 931
6 932
6 933
6 934
6 935
!!node 867!!
6 936
6 937
6 938
6 939
6 940
6 941
6 942
6 943
!!node 868!!
6 944
6 945
6 946
6 947
6 948
6 949
6 950
6 951
!!node 869!!
6 952
6 953
6 954
6 955
6 956
6 957
6 958
6 959
!!node 870!!
6 960
6 961
6 962
6 963
6 964
6 965
6 966
6 967
!!node 871!!
6 968
6 969
6 970
6 971
6 972
6 973
6 974
6 975
!!node 872!!
6 976
6 977
6 978
6 979
6 980
6 981
6 982
6 983
!!node 873!!
6 984
6 985
6 986
6 987
6 988
6 989
6 990
6 991
!!node 874!!
6 992
6 993
6 994
6 995
6 996
6 997
6 998
6 999
!!node 875!!
6.5 0
6.5 1
6.5 2
6.5 3
6.5 4
6.5 5
6.5 6
6.5 7
!!node 876!!
6.5 8
6.5 9
6.5 10
6.5 11
6.5 12
6.5 13
6.5 14
6.5 15
!!node 877!!
6.5 16
6.5 17
6.5 18
6.5 19
6.5 20
6.5 21
6.5 22
6.5 23
!!node 878!!
6.5 24
6.5 25
6.5 26
6.5 27
6.5 28
6.5 29
6.5 30
6.5 31
!!node 879!!
6.5 32
6.5 33
6.5 34
6.5 35
6.5 36
6.5 37
6.5 38
6.5 39
!!node 880!!
6.5 40
6.5 41
6.5 42
6.5 43
6.5 44
6.5 45
6.5 46
6.5 47
!!node 881!!
6.5 48
6.5 49
6.5 50
6.5 51
6.5 52
6.5 53
6.5 54
6.5 55
!!node 882!!
6.5 56
6.5 57
6.5 58
6.5 59
6.5 60
6.5 61
6.5 62
6.5 63
!!node 883!!
6.5 64
6.5 65
6.5 66
6.5 67
6.5 68
6.5 69
6.5 70
6.5 71
!!node 884!!
6.5 72
6.5 73
6.5 74
6.5 75
6.5 76
6.5 77
6.5 78
6.5 79
!!node 885!!
6.5 80
6.5 81
6.5 82
6.5 83
6.5 84
6.5 85
6.5 86
6.5 87
!!node 886!!
6.5 88
6.5 89
6.5 90
6.5 91
6.5 92
6.5 93
6.5 94
6.5 95
!!node 887!!
6.5 96
6.5 97
6.5 98
6.5 99
6.5 100
6.5 101
6.5 102
6.5 103
!!node 888!!
6.5 104
6.5 105
6.5 106
6.5 107
6.5 108
6.5 109
6.5 110
6.5 111
!!node 889!!
6.5 112
6.5 113
6.5 114
6.5 115
6.5 116
6.5 117
6.5 118
6.5 119
!!node 890!!
6.5 120
6.5 121
6.5 122
6.5 123
6.5 124
6.5 125
6.5 126
6.5 127
!!node 891!!
6.5 128
6.5 129
6.5 130
6.5 131
6.5 132
6.5 133
6.5 134
6.5 135
!!node 892!!
6.5 136
6.5 137
6.5 138
6.5 139
6.5 140
6.5 141
6.5 142
6.5 143
!!node 893!!
6.5 144
6.5 145
6.5 146
6.5 147
6.5 148
6.5 149
6.5 150
6.5 151
!!node 894!!
6.5 152
6.5 153
6.5 154
6.5 155
6.5 156
6.5 157
6.5 158
6.5 159
!!node 895!!
6.5 160
6.5 161
6.5 162
6.5 163
6.5 164
6.5 165
6.5 166
6.5 167
!!node 896!!
6.5 168
6.5 169
6.5 170
6.5 171
6.5 172
6.5 173
6.5 174
6.5 175
!!node 897!!
6.5 176
6.5 177
6.5 178
6.5 179
6.5 180
6.5 181
6.5 182
6.5 183
!!node 898!!
6.5 184
6.5 185
6.5 186
6.5 187
6.5 188
6.5 189
6.5 190
6.5 191
!!node 899!!
6.5 192
6.5 193
6.5 194
6.5 195
6.5 196
6.5 197
6.5 198
6.5 199
!!node 900!!
6.5 200
6.5 201
6.5 202
6.5 203
6.5 204
6.5 205
6.5 206
6.5 207
!!node 901!!
6.5 208
6.5 209
6.5 210
6.5 211
6.5 212
6.5 213
6.5 214
6.5 215
!!node 902!!
6.5 216
6.5 217
6.5 218
6.5 219
6.5 220
6.5 221
6.5 222
6.5 223
!!node 903!!
6.5 224
6.5 225
6.5 226
6.5 227
6.5 228
6.5 229
6.5 230
6.5 231
!!node 904!!
6.5 232
6.5 233
6.5 234
6.5 235
6.5 236
6.5 237
6.5 238
6.5 239
!!node 905!!
6.5 240
6.5 241
6.5 242
6.5 243
6.5 244
6.5 245
6.5 246
6.5 247
!!node 906!!
6.5 248
6.5 249
6.5 250
6.5 251
6.5 252
6.5 253
6.5 254
6.5 255
!!node 907!!
6.5 256
6.5 257
6.5 258
6.5 259
6.5 260
6.5 261
6.5 262
6.5 263
!!node 908!!
6.5 264
6.5 265
6.5 266
6.5 267
6.5 268
6.5 269
6.5 270
6.5 271
!!node 909!!
6.5 272
6.5 273
6.5 274
6.5 275
6.5 276
6.5 277
6.5 278
6.5 279
!!node 910!!
6.5 280
6.5 281
6.5 282
6.5 283
6.5 284
6.5 285
6.5 286
6.5 287
!!node 911!!
6.5 288
6.5 289
6.5 290
6.5 291
6.5 292
6.5 293
6.5 294
6.5 295
!!node 912!!
6.5 296
6.5 297
6.5 298
6.5 299
6.5 300
6.5 301
6.5 302
6.5 303
!!node 913!!
6.5 304
6.5 305
6.5 306
6.5 307
6.5 308
6.5 309
6.5 310
6.5 311
!!node 914!!
6.5 312
6.5 313
6.5 314
6.5 315
6.5 316
6.5 317
6.5 318
6.5 319
!!node 915!!
6.5 320
6.5 321
6.5 322
6.5 323
6.5 324
6.5 325
6.5 326
6.5 327
!!node 916!!
6.5 328
6.5 329
6.5 330
6.5 331
6.5 332
6.5 333
6.5 334
6.5 335
!!node 917!!
6.5 336
6.5 337
6.5 338
6.5 339
6.5 340
6.5 341
6.5 342
6.5 343
!!node 918!!
6.5 344
6.5 345
6.5 346
6.5 347
6.5 348
6.5 349
6.5 350
6.5 351
!!node 919!!
6.5 352
6.5 353
6.5 354
6.5 355
6.5 356
6.5 357
6.5 358
6.5 359
!!node 920!!
6.5 360
6.5 361
6.5 362
6.5 363
6.5 364
6.5 365
6.5 366
6.5 367
!!node 921!!
6.5 368
6.5 369
6.5 370
6.5 371
6.5 372
6.5 373
6.5 374
6.5 375
!!node 922!!
6.5 376
6.5 377
6.5 378
6.5 379
6.5 380
6.5 381
6.5 382
6.5 383
!!node 923!!
6.5 384
6.5 385
6.5 386
6.5 387
6.5 388
6.5 389
6.5 390
6.5 391
!!node 924!!
6.5 392
6.5 393
6.5 394
6.5 395
6.5 396
6.5 397
6.5 398
6.5 399
!!node 925!!
6.5 400
6.5 401
6.5 402
6.5 403
6.5 404
6.5 405
6.5 406
6.5 407
!!node 926!!
6.5 408
6.5 409
6.5 410
6.5 411
6.5 412
6.5 413
6.5 414
6.5 415
!!node 927!!
6.5 416
6.5 417
6.5 418
6.5 419
6.5 420
6.5 421
6.5 422
6.5 423
!!node 928!!
6.5 424
6.5 425
6.5 426
6.5 427
6.5 428
6.5 429
6.5 430
6.5 431
!!node 929!!
6.5 432
6.5 433
6.5 434
6.5 435
6.5 436
6.5 437
6.5 438
6.5 439
!!node 930!!
6.5 440
6.5 441
6.5 442
6.5 443
6.5 444
6.5 445
6.5 446
6.5 447
!!node 931!!
6.5 448
6.5 449
6.5 450
6.5 451
6.5 452
6.5 453
6.5 454
6.5 455
!!node 932!!
6.5 456
6.5 457
6.5 458
6.5 459
6.5 460
6.5 461
6.5 462
6.5 463
!!node 933!!
6.5 464
6.5 465
6.5 466
6.5 467
6.5 468
6.5 469
6.5 470
6.5 471
!!node 934!!
6.5 472
6.5 473
6.5 474
6.5 475
6.5 476
6.5 477
6.5 478
6.5 479
!!node 935!!
6.5 480
6.5 481
6.5 482
6.5 483
6.5 484
6.5 485
6.5 486
6.5 487
!!node 936!!
6.5 488
6.5 489
6.5 490
6.5 491
6.5 492
6.5 493
6.5 494
6.5 495
!!node 937!!
6.5 496
6.5 497
6.5 498
6.5 499
6.5 500
6.5 501
6.5 502
6.5 503
!!node 938!!
6.5 504
6.5 505
6.5 506
6.5 507
6.5 508
6.5 509
6.5 510
6.5 511
!!node 939!!
6.5 512
6.5 513
6.5 514
6.5 515
6.5 516
6.5 517
6.5 518
6.5 519
!!node 940!!
6.5 520
6.5 521
6.5 522
6.5 523
6.5 524
6.5 525
6.5 526
6.5 527
!!node 941!!
6.5 528
6.5 529
6.5 530
6.5 531
6.5 532
6.5 533
6.5 534
6.5 535
!!node 942!!
6.5 536
6.5 537
6.5 538
6.5 539
6.5 540
6.5 541
6.5 542
6.5 543
!!node 943!!
6.5 544
6.5 545
6.5 546
6.5 547
6.5 548
6.5 549
6.5 550
6.5 551
!!node 944!!
6.5 552
6.5 553
6.5 554
6.5 555
6.5 556
6.5 557
6.5 558
6.5 559
!!node 945!!
6.5 560
6.5 561
6.5 562
6.5 563
6.5 564
6.5 565
6.5 566
6.5 567
!!node 946!!
6.5 568
6.5 569
6.5 570
6.5 571
6.5 572
6.5 573
6.5 574
6.5 575
!!node 947!!
6.5 576
6.5 577
6.5 578
6.5 579
6.5 580
6.5 581
6.5 582
6.5 583
!!node 948!!
6.5 584
6.5 585
6.5 586
6.5 587
6.5 588
6.5 589
6.5 590
6.5 591
!!node 949!!
6.5 592
6.5 593
6.5 594
6.5 595
6.5 596
6.5 597
6.5 598
6.5 599
!!node 950!!
6.5 600
6.5 601
6.5 602
6.5 603
6.5 604
6.5 605
6.5 606
6.5 607
!!node 951!!
6.5 608
6.5 609
6.5 610
6.5 611
6.5 612
6.5 613
6.5 614
6.5 615
!!node 952!!
6.5 616
6.5 617
6.5 618
6.5 619
6.5 620
6.5 621
6.5 622
6.5 623
!!node 953!!
6.5 624
6.5 625
6.5 626
6.5 627
6.5 628
6.5 629
6.5 630
6.5 631
!!node 954!!
6.5 632
6.5 633
6.5 634
6.5 635
6.5 636
6.5 637
6.5 638
6.5 639
!!node 955!!
6.5 640
6.5 641
6.5 642
6.5 643
6.5 644
6.5 645
6.5 646
6.5 647
!!node 956!!
6.5 648
6.5 649
6.5 650
6.5 651
6.5 652
6.5 653
6.5 654
6.5 655
!!node 957!!
6.5 656
6.5 657
6.5 658
6.5 659
6.5 660
6.5 661
6.5 662
6.5 663
!!node 958!!
6.5 664
6.5 665
6.5 666
6.5 667
6.5 668
6.5 669
6.5 670
6.5 671
!!node 959!!
6.5 672
6.5 673
6.5 674
6.5 675
6.5 676
6.5 677
6.5 678
6.5 679
!!node 960!!
6.5 680
6.5 681
6.5 682
6.5 683
6.5 684
6.5 685
6.5 686
6.5 687
!!node 961!!
6.5 688
6.5 689
6.5 690
6.5 691
6.5 692
6.5 693
6.5 694
6.5 695
!!node 962!!
6.5 696
6.5 697
6.5 698
6.5 699
6.5 700
6.5 701
6.5 702
6.5 703
!!node 963!!
6.5 704
6.5 705
6.5 706
6.5 707
6.5 708
6.5 709
6.5 710
6.5 711
!!node 964!!
6.5 712
6.5 713
6.5 714
6.5 715
6.5 716
6.5 717
6.5 718
6.5 719
!!node 965!!
6.5 720
6.5 721
6.5 722
6.5 723
6.5 724
6.5 725
6.5 726
6.5 727
!!node 966!!
6.5 728
6.5 729
6.5 730
6.5 731
6.5 732
6.5 733
6.5 734
6.5 735
!!node 967!!
6.5 736
6.5 737
6.5 738
6.5 739
6.5 740
6.5 741
6.5 742
6.5 743
!!node 968!!
6.5 744
6.5 745
6.5 746
6.5 747
6.5 748
6.5 749
6.5 750
6.5 751
!!node 969!!
6.5 752
6.5 753
6.5 754
6.5 755
6.5 756
6.5 757
6.5 758
6.5 759
!!node 970!!
6.5 760
6.5 761
6.5 762
6.5 763
6.5 764
6.5 765
6.5 766
6.5 767
!!node 971!!
6.5 768
6.5 769
6.5 770
6.5 771
6.5 772
6.5 773
6.5 774
6.5 775
!!node 972!!
6.5 776
6.5 777
6.5 778
6.5 779
6.5 780
6.5 781
6.5 782
6.5 783
!!node 973!!
6.5 784
6.5 785
6.5 786
6.5 787
6.5 788
6.5 789
6.5 790
6.5 791
!!node 974!!
6.5 792
6.5 793
6.5 794
6.5 795
6.5 796
6.5 797
6.5 798
6.5 799
!!node 975!!
6.5 800
6.5 801
6.5 802
6.5 803
6.5 804
6.5 805
6.5 806
6.5 807
!!node 976!!
6.5 808
6.5 809
6.5 810
6.5 811
6.5 812
6.5 813
6.5 814
6.5 815
!!node 977!!
6.5 816
6.5 817
6.5 818
6.5 819
6.5 820
6.5 821
6.5 822
6.5 823
!!node 978!!
6.5 824
6.5 825
6.5 826
6.5 827
6.5 828
6.5 829
6.5 830
6.5 831
!!node 979!!
6.5 832
6.5 833
6.5 834
6.5 835
6.5 836
6.5 837
6.5 838
6.5 839
!!node 980!!
6.5 840
6.5 841
6.5 842
6.5 843
6.5 844
6.5 845
6.5 846
6.5 847
!!node 981!!
6.5 848
6.5 849
6.5 850
6.5 851
6.5 852
6.5 853
6.5 854
6.5 855
!!node 982!!
6.5 856
6.5 857
6.5 858
6.5 859
6.5 860
6.5 861
6.5 862
6.5 863
!!node 983!!
6.5 864
6.5 865
6.5 866
6.5 867
6.5 868
6.5 869
6.5 870
6.5 871
!!node 984!!
6.5 872
6.5 873
6.5 874
6.5 875
6.5 876
6.5 877
6.5 878
6.5 879
!!node 985!!
6.5 880
6.5 881
6.5 882
6.5 883
6.5 884
6.5 885
6.5 886
6.5 887
!!node 986!!
6.5 888
6.5 889
6.5 890
6.5 891
6.5 892
6.5 893
6.5 894
6.5 895
!!node 987!!
6.5 896
6.5 897
6.5 898
6.5 899
6.5 900
6.5 901
6.5 902
6.5 903
!!node 988!!
6.5 904
6.5 905
6.5 906
6.5 907
6.5 908
6.5 909
6.5 910
6.5 911
!!node 989!!
6.5 912
6.5 913
6.5 914
6.5 915
6.5 916
6.5 917
6.5 918
6.5 919
!!node 990!!
6.5 920
6.5 921
6.5 922
6.5 923
6.5 924
6.5 925
6.5 926
6.5 927
!!node 991!!
6.5 928
6.5 929
6.5 930
6.5 931
6.5 932
6.5 933
6.5 934
6.5 935
!!node 992!!
6.5 936
6.5 937
6.5 938
6.5 939
6.5 940
6.5 941
6.5 942
6.5 943
!!node 993!!
6.5 944
6.5 945
6.5 946
6.5 947
6.5 948
6.5 949
6.5 950
6.5 951
!!node 994!!
6.5 952
6.5 953
6.5 954
6.5 955
6.5 956
6.5 957
6.5 958
6.5 959
!!node 995!!
6.5 960
6.5 961
6.5 962
6.5 963
6.5 964
6.5 965
6.5 966
6.5 967
!!node 996!!
6.5 968
6.5 969
6.5 970
6.5 971
6.5 972
6.5 973
6.5 974
6.5 975
!!node 997!!
6.5 976
6.5 977
6.5 978
6.5 979
6.5 980
6.5 981
6.5 982
6.5 983
!!node 998!!
6.5 984
6.5 985
6.5 986
6.5 987
6.5 988
6.5 989
6.5 990
6.5 991
!!node 999!!
6.5 992
6.5 993
6.5 994
6.5 995
6.5 996
6.5 997
6.5 998
6.5 999
!!node 1000!!
7 0
7 1
7 2
7 3
7 4
7 5
7 6
7 7
!!node 1001!!
7 8
7 9
7 10
7 11
7 12
7 13
7 14
7 15
!!node 1002!!
7 16
7 17
7 18
7 19
7 20
7 21
7 22
7 23
!!node 1003!!
7 24
7 25
7 26
7 27
7 28
7 29
7 30
7 31
!!node 1004!!
7 32
7 33
7 34
7 35
7 36
7 37
7 38
7 39
!!node 1005!!
7 40
7 41
7 42
7 43
7 44
7 45
7 46
7 47
!!node 1006!!
7 48
7 49
7 50
7 51
7 52
7 53
7 54
7 55
!!node 1007!!
7 56
7 57
7 58
7 59
7 60
7 61
7 62
7 63
!!node 1008!!
7 64
7 65
7 66
7 67
7 68
7 69
7 70
7 71
!!node 1009!!
7 72
7 73
7 74
7 75
7 76
7 77
7 78
7 79
!!node 1010!!
7 80
7 81
7 82
7 83
7 84
7 85
7 86
7 87
!!node 1011!!
7 88
7 89
7 90
7 91
7 92
7 93
7 94
7 95
!!node 1012!!
7 96
7 97
7 98
7 99
7 100
7 101
7 102
7 103
!!node 1013!!
7 104
7 105
7 106
7 107
7 108
7 109
7 110
7 111
!!node 1014!!
7 112
7 113
7 114
7 115
7 116
7 117
7 118
7 119
!!node 1015!!
7 120
7 121
7 122
7 123
7 124
7 125
7 126
7 127
!!node 1016!!
7 128
7 129
7 130
7 131
7 132
7 133
7 134
7 135
!!node 1017!!
7 136
7 137
7 138
7 139
7 140
7 141
7 142
7 143
!!node 1018!!
7 144
7 145
7 146
7 147
7 148
7 149
7 150
7 151
!!node 1019!!
7 152
7 153
7 154
7 155
7 156
7 157
7 158
7 159
!!node 1020!!
7 160
7 161
7 162
7 163
7 164
7 165
7 166
7 167
!!node 1021!!
7 168
7 169
7 170
7 171
7 172
7 173
7 174
7 175
!!node 1022!!
7 176
7 177
7 178
7 179
7 180
7 181
7 182
7 183
!!node 1023!!
7 184
7 185
7 186
7 187
7 188
7 189
7 190
7 191
!!node 1024!!
7 192
7 193
7 194
7 195
7 196
7 197
7 198
7 199
!!node 1025!!
7 200
7 201
7 202
7 203
7 204
7 205
7 206
7 207
!!node 1026!!
7 208
7 209
7 210
7 211
7 212
7 213
7 214
7 215
!!node 1027!!
7 216
7 217
7 218
7 219
7 220
7 221
7 222
7 223
!!node 1028!!
7 224
7 225
7 226
7 227
7 228
7 229
7 230
7 231
!!node 1029!!
7 232
7 233
7 234
7 235
7 236
7 237
7 238
7 239
!!node 1030!!
7 240
7 241
7 242
7 243
7 244
7 245
7 246
7 247
!!node 1031!!
7 248
7 249
7 250
7 251
7 252
7 253
7 254
7 255
!!node 1032!!
7 256
7 257
7 258
7 259
7 260
7 261
7 262
7 263
!!node 1033!!
7 264
7 265
7 266
7 267
7 268
7 269
7 270
7 271
!!node 1034!!
7 272
7 273
7 274
7 275
7 276
7 277
7 278
7 279
!!node 1035!!
7 280
7 281
7 282
7 283
7 284
7 285
7 286
7 287
!!node 1036!!
7 288
7 289
7 290
7 291
7 292
7 293
7 294
7 295
!!node 1037!!
7 296
7 297
7 298
7 299
7 300
7 301
7 302
7 303
!!node 1038!!
7 304
7 305
7 306
7 307
7 308
7 309
7 310
7 311
!!node 1039!!
7 312
7 313
7 314
7 315
7 316
7 317
7 318
7 319
!!node 1040!!
7 320
7 321
7 322
7 323
7 324
7 325
7 326
7 327
!!node 1041!!
7 328
7 329
7 330
7 331
7 332
7 333
7 334
7 335
!!node 1042!!
7 336
7 337
7 338
7 339
7 340
7 341
7 342
7 343
!!node 1043!!
7 344
7 345
7 346
7 347
7 348
7 349
7 350
7 351
!!node 1044!!
7 352
7 353
7 354
7 355
7 356
7 357
7 358
7 359
!!node 1045!!
7 360
7 361
7 362
7 363
7 364
7 365
7 366
7 367
!!node 1046!!
7 368
7 369
7 370
7 371
7 372
7 373
7 374
7 375
!!node 1047!!
7 376
7 377
7 378
7 379
7 380
7 381
7 382
7 383
!!node 1048!!
7 384
7 385
7 386
7 387
7 388
7 389
7 390
7 391
!!node 1049!!
7 392
7 393
7 394
7 395
7 396
7 397
7 398
7 399
!!node 1050!!
7 400
7 401
7 402
7 403
7 404
7 405
7 406
7 407
!!node 1051!!
7 408
7 409
7 410
7 411
7 412
7 413
7 414
7 415
!!node 1052!!
7 416
7 417
7 418
7 419
7 420
7 421
7 422
7 423
!!node 1053!!
7 424
7 425
7 426
7 427
7 428
7 429
7 430
7 431
!!node 1054!!
7 432
7 433
7 434
7 435
7 436
7 437
7 438
7 439
!!node 1055!!
7 440
7 441
7 442
7 443
7 444
7 445
7 446
7 447
!!node 1056!!
7 448
7 449
7 450
7 451
7 452
7 453
7 454
7 455
!!node 1057!!
7 456
7 457
7 458
7 459
7 460
7 461
7 462
7 463
!!node 1058!!
7 464
7 465
7 466
7 467
7 468
7 469
7 470
7 471
!!node 1059!!
7 472
7 473
7 474
7 475
7 476
7 477
7 478
7 479
!!node 1060!!
7 480
7 481
7 482
7 483
7 484
7 485
7 486
7 487
!!node 1061!!
7 488
7 489
7 490
7 491
7 492
7 493
7 494
7 495
!!node 1062!!
7 496
7 497
7 498
7 499
7 500
7 501
7 502
7 503
!!node 1063!!
7 504
7 505
7 506
7 507
7 508
7 509
7 510
7 511
!!node 1064!!
7 512
7 513
7 514
7 515
7 516
7 517
7 518
7 519
!!node 1065!!
7 520
7 521
7 522
7 523
7 524
7 525
7 526
7 527
!!node 1066!!
7 528
7 529
7 530
7 531
7 532
7 533
7 534
7 535
!!node 1067!!
7 536
7 537
7 538
7 539
7 540
7 541
7 542
7 543
!!node 1068!!
7 544
7 545
7 546
7 547
7 548
7 549
7 550
7 551
!!node 1069!!
7 552
7 553
7 554
7 555
7 556
7 557
7 558
7 559
!!node 1070!!
7 560
7 561
7 562
7 563
7 564
7 565
7 566
7 567
!!node 1071!!
7 568
7 569
7 570
7 571
7 572
7 573
7 574
7 575
!!node 1072!!
7 576
7 577
7 578
7 579
7 580
7 581
7 582
7 583
!!node 1073!!
7 584
7 585
7 586
7 587
7 588
7 589
7 590
7 591
!!node 1074!!
7 592
7 593
7 594
7 595
7 596
7 597
7 598
7 599
!!node 1075!!
7 600
7 601
7 602
7 603
7 604
7 605
7 606
7 607
!!node 1076!!
7 608
7 609
7 610
7 611
7 612
7 613
7 614
7 615
!!node 1077!!
7 616
7 617
7 618
7 619
7 620
7 621
7 622
7 623
!!node 1078!!
7 624
7 625
7 626
7 627
7 628
7 629
7 630
7 631
!!node 1079!!
7 632
7 633
7 634
7 635
7 636
7 637
7 638
7 639
!!node 1080!!
7 640
7 641
7 642
7 643
7 644
7 645
7 646
7 647
!!node 1081!!
7 648
7 649
7 650
7 651
7 652
7 653
7 654
7 655
!!node 1082!!
7 656
7 657
7 658
7 659
7 660
7 661
7 662
7 663
!!node 1083!!
7 664
7 665
7 666
7 667
7 668
7 669
7 670
7 671
!!node 1084!!
7 672
7 673
7 674
7 675
7 676
7 677
7 678
7 679
!!node 1085!!
7 680
7 681
7 682
7 683
7 684
7 685
7 686
7 687
!!node 1086!!
7 688
7 689
7 690
7 691
7 692
7 693
7 694
7 695
!!node 1087!!
7 696
7 697
7 698
7 699
7 700
7 701
7 702
7 703
!!node 1088!!
7 704
7 705
7 706
7 707
7 708
7 709
7 710
7 711
!!node 1089!!
7 712
7 713
7 714
7 715
7 716
7 717
7 718
7 719
!!node 1090!!
7 720
7 721
7 722
7 723
7 724
7 725
7 726
7 727
!!node 1091!!
7 728
7 729
7 730
7 731
7 732
7 733
7 734
7 735
!!node 1092!!
7 736
7 737
7 738
7 739
7 740
7 741
7 742
7 743
!!node 1093!!
7 744
7 745
7 746
7 747
7 748
7 749
7 750
7 751
!!node 1094!!
7 752
7 753
7 754
7 755
7 756
7 757
7 758
7 759
!!node 1095!!
7 760
7 761
7 762
7 763
7 764
7 765
7 766
7 767
!!node 1096!!
7 768
7 769
7 770
7 771
7 772
7 773
7 774
7 775
!!node 1097!!
7 776
7 777
7 778
7 779
7 780
7 781
7 782
7 783
!!node 1098!!
7 784
7 785
7 786
7 787
7 788
7 789
7 790
7 791
!!node 1099!!
7 792
7 793
7 794
7 795
7 796
7 797
7 798
7 799
!!node 1100!!
7 800
7 801
7 802
7 803
7 804
7 805
7 806
7 807
!!node 1101!!
7 808
7 809
7 810
7 811
7 812
7 813
7 814
7 815
!!node 1102!!
7 816
7 817
7 818
7 819
7 820
7 821
7 822
7 823
!!node 1103!!
7 824
7 825
7 826
7 827
7 828
7 829
7 830
7 831
!!node 1104!!
7 832
7 833
7 834
7 835
7 836
7 837
7 838
7 839
!!node 1105!!
7 840
7 841
7 842
7 843
7 844
7 845
7 846
7 847
!!node 1106!!
7 848
7 849
7 850
7 851
7 852
7 853
7 854
7 855
!!node 1107!!
7 856
7 857
7 858
7 859
7 860
7 861
7 862
7 863
!!node 1108!!
7 864
7 865
7 866
7 867
7 868
7 869
7 870
7 871
!!node 1109!!
7 872
7 873
7 874
7 875
7 876
7 877
7 878
7 879
!!node 1110!!
7 880
7 881
7 882
7 883
7 884
7 885
7 886
7 887
!!node 1111!!
7 888
7 889
7 890
7 891
7 892
7 893
7 894
7 895
!!node 1112!!
7 896
7 897
7 898
7 899
7 900
7 901
7 902
7 903
!!node 1113!!
7 904
7 905
7 906
7 907
7 908
7 909
7 910
7 911
!!node 1114!!
7 912
7 913
7 914
7 915
7 916
7 917
7 918
7 919
!!node 1115!!
7 920
7 921
7 922
7 923
7 924
7 925
7 926
7 927
!!node 1116!!
7 928
7 929
7 930
7 931
7 932
7 933
7 934
7 935
!!node 1117!!
7 936
7 937
7 938
7 939
7 940
7 941
7 942
7 943
!!node 1118!!
7 944
7 945
7 946
7 947
7 948
7 949
7 950
7 951
!!node 1119!!
7 952
7 953
7 954
7 955
7 956
7 957
7 958
7 959
!!node 1120!!
7 960
7 961
7 962
7 963
7 964
7 965
7 966
7 967
!!node 1121!!
7 968
7 969
7 970
7 971
7 972
7 973
7 974
7 975
!!node 1122!!
7 976
7 977
7 978
7 979
7 980
7 981
7 982
7 983
!!node 1123!!
7 984
7 985
7 986
7 987
7 988
7 989
7 990
7 991
!!node 1124!!
7 992
7 993
7 994
7 995
7 996
7 997
7 998
7 999
!!node 1125!!
7.5 0
7.5 1
7.5 2
7.5 3
7.5 4
7.5 5
7.5 6
7.5 7
!!node 1126!!
7.5 8
7.5 9
7.5 10
7.5 11
7.5 12
7.5 13
7.5 14
7.5 15
!!node 1127!!
7.5 16
7.5 17
7.5 18
7.5 19
7.5 20
7.5 21
7.5 22
7.5 23
!!node 1128!!
7.5 24
7.5 25
7.5 26
7.5 27
7.5 28
7.5 29
7.5 30
7.5 31
!!node 1129!!
7.5 32
7.5 33
7.5 34
7.5 35
7.5 36
7.5 37
7.5 38
7.5 39
!!node 1130!!
7.5 40
7.5 41
7.5 42
7.5 43
7.5 44
7.5 45
7.5 46
7.5 47
!!node 1131!!
7.5 48
7.5 49
7.5 50
7.5 51
7.5 52
7.5 53
7.5 54
7.5 55
!!node 1132!!
7.5 56
7.5 57
7.5 58
7.5 59
7.5 60
7.5 61
7.5 62
7.5 63
!!node 1133!!
7.5 64
7.5 65
7.5 66
7.5 67
7.5 68
7.5 69
7.5 70
7.5 71
!!node 1134!!
7.5 72
7.5 73
7.5 74
7.5 75
7.5 76
7.5 77
7.5 78
7.5 79
!!node 1135!!
7.5 80
7.5 81
7.5 82
7.5 83
7.5 84
7.5 85
7.5 86
7.5 87
!!node 1136!!
7.5 88
7.5 89
7.5 90
7.5 91
7.5 92
7.5 93
7.5 94
7.5 95
!!node 1137!!
7.5 96
7.5 97
7.5 98
7.5 99
7.5 100
7.5 101
7.5 102
7.5 103
!!node 1138!!
7.5 104
7.5 105
7.5 106
7.5 107
7.5 108
7.5 109
7.5 110
7.5 111
!!node 1139!!
7.5 112
7.5 113
7.5 114
7.5 115
7.5 116
7.5 117
7.5 118
7.5 119
!!node 1140!!
7.5 120
7.5 121
7.5 122
7.5 123
7.5 124
7.5 125
7.5 126
7.5 127
!!node 1141!!
7.5 128
7.5 129
7.5 130
7.5 131
7.5 132
7.5 133
7.5 134
7.5 135
!!node 1142!!
7.5 136
7.5 137
7.5 138
7.5 139
7.5 140
7.5 141
7.5 142
7.5 143
!!node 1143!!
7.5 144
7.5 145
7.5 146
7.5 147
7.5 148
7.5 149
7.5 150
7.5 151
!!node 1144!!
7.5 152
7.5 153
7.5 154
7.5 155
7.5 156
7.5 157
7.5 158
7.5 159
!!node 1145!!
7.5 160
7.5 161
7.5 162
7.5 163
7.5 164
7.5 165
7.5 166
7.5 167
!!node 1146!!
7.5 168
7.5 169
7.5 170
7.5 171
7.5 172
7.5 173
7.5 174
7.5 175
!!node 1147!!
7.5 176
7.5 177
7.5 178
7.5 179
7.5 180
7.5 181
7.5 182
7.5 183
!!node 1148!!
7.5 184
7.5 185
7.5 186
7.5 187
7.5 188
7.5 189
7.5 190
7.5 191
!!node 1149!!
7.5 192
7.5 193
7.5 194
7.5 195
7.5 196
7.5 197
7.5 198
7.5 199
!!node 1150!!
7.5 200
7.5 201
7.5 202
7.5 203
7.5 204
7.5 205
7.5 206
7.5 207
!!node 1151!!
7.5 208
7.5 209
7.5 210
7.5 211
7.5 212
7.5 213
7.5 214
7.5 215
!!node 1152!!
7.5 216
7.5 217
7.5 218
7.5 219
7.5 220
7.5 221
7.5 222
7.5 223
!!node 1153!!
7.5 224
7.5 225
7.5 226
7.5 227
7.5 228
7.5 229
7.5 230
7.5 231
!!node 1154!!
7.5 232
7.5 233
7.5 234
7.5 235
7.5 236
7.5 237
7.5 238
7.5 239
!!node 1155!!
7.5 240
7.5 241
7.5 242
7.5 243
7.5 244
7.5 245
7.5 246
7.5 247
!!node 1156!!
7.5 248
7.5 249
7.5 250
7.5 251
7.5 252
7.5 253
7.5 254
7.5 255
!!node 1157!!
7.5 256
7.5 257
7.5 258
7.5 259
7.5 260
7.5 261
7.5 262
7.5 263
!!node 1158!!
7.5 264
7.5 265
7.5 266
7.5 267
7.5 268
7.5 269
7.5 270
7.5 271
!!node 1159!!
7.5 272
7.5 273
7.5 274
7.5 275
7.5 276
7.5 277
7.5 278
7.5 279
!!node 1160!!
7.5 280
7.5 281
7.5 282
7.5 283
7.5 284
7.5 285
7.5 286
7.5 287
!!node 1161!!
7.5 288
7.5 289
7.5 290
7.5 291
7.5 292
7.5 293
7.5 294
7.5 295
!!node 1162!!
7.5 296
7.5 297
7.5 298
7.5 299
7.5 300
7.5 301
7.5 302
7.5 303
!!node 1163!!
7.5 304
7.5 305
7.5 306
7.5 307
7.5 308
7.5 309
7.5 310
7.5 311
!!node 1164!!
7.5 312
7.5 313
7.5 314
7.5 315
7.5 316
7.5 317
7.5 318
7.5 319
!!node 1165!!
7.5 320
7.5 321
7.5 322
7.5 323
7.5 324
7.5 325
7.5 326
7.5 327
!!node 1166!!
7.5 328
7.5 329
7.5 330
7.5 331
7.5 332
7.5 333
7.5 334
7.5 335
!!node 1167!!
7.5 336
7.5 337
7.5 338
7.5 339
7.5 340
7.5 341
7.5 342
7.5 343
!!node 1168!!
7.5 344
7.5 345
7.5 346
7.5 347
7.5 348
7.5 349
7.5 350
7.5 351
!!node 1169!!
7.5 352
7.5 353
7.5 354
7.5 355
7.5 356
7.5 357
7.5 358
7.5 359
!!node 1170!!
7.5 360
7.5 361
7.5 362
7.5 363
7.5 364
7.5 365
7.5 366
7.5 367
!!node 1171!!
7.5 368
7.5 369
7.5 370
7.5 371
7.5 372
7.5 373
7.5 374
7.5 375
!!node 1172!!
7.5 376
7.5 377
7.5 378
7.5 379
7.5 380
7.5 381
7.5 382
7.5 383
!!node 1173!!
7.5 384
7.5 385
7.5 386
7.5 387
7.5 388
7.5 389
7.5 390
7.5 391
!!node 1174!!
7.5 392
7.5 393
7.5 394
7.5 395
7.5 396
7.5 397
7.5 398
7.5 399
!!node 1175!!
7.5 400
7.5 401
7.5 402
7.5 403
7.5 404
7.5 405
7.5 406
7.5 407
!!node 1176!!
7.5 408
7.5 409
7.5 410
7.5 411
7.5 412
7.5 413
7.5 414
7.5 415
!!node 1177!!
7.5 416
7.5 417
7.5 418
7.5 419
7.5 420
7.5 421
7.5 422
7.5 423
!!node 1178!!
7.5 424
7.5 425
7.5 426
7.5 427
7.5 428
7.5 429
7.5 430
7.5 431
!!node 1179!!
7.5 432
7.5 433
7.5 434
7.5 435
7.5 436
7.5 437
7.5 438
7.5 439
!!node 1180!!
7.5 440
7.5 441
7.5 442
7.5 443
7.5 444
7.5 445
7.5 446
7.5 447
!!node 1181!!
7.5 448
7.5 449
7.5 450
7.5 451
7.5 452
7.5 453
7.5 454
7.5 455
!!node 1182!!
7.5 456
7.5 457
7.5 458
7.5 459
7.5 460
7.5 461
7.5 462
7.5 463
!!node 1183!!
7.5 464
7.5 465
7.5 466
7.5 467
7.5 468
7.5 469
7.5 470
7.5 471
!!node 1184!!
7.5 472
7.5 473
7.5 474
7.5 475
7.5 476
7.5 477
7.5 478
7.5 479
!!node 1185!!
7.5 480
7.5 481
7.5 482
7.5 483
7.5 484
7.5 485
7.5 486
7.5 487
!!node 1186!!
7.5 488
7.5 489
7.5 490
7.5 491
7.5 492
7.5 493
7.5 494
7.5 495
!!node 1187!!
7.5 496
7.5 497
7.5 498
7.5 499
7.5 500
7.5 501
7.5 502
7.5 503
!!node 1188!!
7.5 504
7.5 505
7.5 506
7.5 507
7.5 508
7.5 509
7.5 510
7.5 511
!!node 1189!!
7.5 512
7.5 513
7.5 514
7.5 515
7.5 516
7.5 517
7.5 518
7.5 519
!!node 1190!!
7.5 520
7.5 521
7.5 522
7.5 523
7.5 524
7.5 525
7.5 526
7.5 527
!!node 1191!!
7.5 528
7.5 529
7.5 530
7.5 531
7.5 532
7.5 533
7.5 534
7.5 535
!!node 1192!!
7.5 536
7.5 537
7.5 538
7.5 539
7.5 540
7.5 541
7.5 542
7.5 543
!!node 1193!!
7.5 544
7.5 545
7.5 546
7.5 547
7.5 548
7.5 549
7.5 550
7.5 551
!!node 1194!!
7.5 552
7.5 553
7.5 554
7.5 555
7.5 556
7.5 557
7.5 558
7.5 559
!!node 1195!!
7.5 560
7.5 561
7.5 562
7.5 563
7.5 564
7.5 565
7.5 566
7.5 567
!!node 1196!!
7.5 568
7.5 569
7.5 570
7.5 571
7.5 572
7.5 573
7.5 574
7.5 575
!!node 1197!!
7.5 576
7.5 577
7.5 578
7.5 579
7.5 580
7.5 581
7.5 582
7.5 583
!!node 1198!!
7.5 584
7.5 585
7.5 586
7.5 587
7.5 588
7.5 589
7.5 590
7.5 591
!!node 1199!!
7.5 592
7.5 593
7.5 594
7.5 595
7.5 596
7.5 597
7.5 598
7.5 599
!!node 1200!!
7.5 600
7.5 601
7.5 602
7.5 603
7.5 604
7.5 605
7.5 606
7.5 607
!!node 1201!!
7.5 608
7.5 609
7.5 610
7.5 611
7.5 612
7.5 613
7.5 614
7.5 615
!!node 1202!!
7.5 616
7.5 617
7.5 618
7.5 619
7.5 620
7.5 621
7.5 622
7.5 623
!!node 1203!!
7.5 624
7.5 625
7.5 626
7.5 627
7.5 628
7.5 629
7.5 630
7.5 631
!!node 1204!!
7.5 632
7.5 633
7.5 634
7.5 635
7.5 636
7.5 637
7.5 638
7.5 639
!!node 1205!!
7.5 640
7.5 641
7.5 642
7.5 643
7.5 644
7.5 645
7.5 646
7.5 647
!!node 1206!!
7.5 648
7.5 649
7.5 650
7.5 651
7.5 652
7.5 653
7.5 654
7.5 655
!!node 1207!!
7.5 656
7.5 657
7.5 658
7.5 659
7.5 660
7.5 661
7.5 662
7.5 663
!!node 1208!!
7.5 664
7.5 665
7.5 666
7.5 667
7.5 668
7.5 669
7.5 670
7.5 671
!!node 1209!!
7.5 672
7.5 673
7.5 674
7.5 675
7.5 676
7.5 677
7.5 678
7.5 679
!!node 1210!!
7.5 680
7.5 681
7.5 682
7.5 683
7.5 684
7.5 685
7.5 686
7.5 687
!!node 1211!!
7.5 688
7.5 689
7.5 690
7.5 691
7.5 692
7.5 693
7.5 694
7.5 695
!!node 1212!!
7.5 696
7.5 697
7.5 698
7.5 699
7.5 700
7.5 701
7.5 702
7.5 703
!!node 1213!!
7.5 704
7.5 705
7.5 706
7.5 707
7.5 708
7.5 709
7.5 710
7.5 711
!!node 1214!!
7.5 712
7.5 713
7.5 714
7.5 715
7.5 716
7.5 717
7.5 718
7.5 719
!!node 1215!!
7.5 720
7.5 721
7.5 722
7.5 723
7.5 724
7.5 725
7.5 726
7.5 727
!!node 1216!!
7.5 728
7.5 729
7.5 730
7.5 731
7.5 732
7.5 733
7.5 734
7.5 735
!!node 1217!!
7.5 736
7.5 737
7.5 738
7.5 739
7.5 740
7.5 741
7.5 742
7.5 743
!!node 1218!!
7.5 744
7.5 745
7.5 746
7.5 747
7.5 748
7.5 749
7.5 750
7.5 751
!!node 1219!!
7.5 752
7.5 753
7.5 754
7.5 755
7.5 756
7.5 757
7.5 758
7.5 759
!!node 1220!!
7.5 760
7.5 761
7.5 762
7.5 763
7.5 764
7.5 765
7.5 766
7.5 767
!!node 1221!!
7.5 768
7.5 769
7.5 770
7.5 771
7.5 772
7.5 773
7.5 774
7.5 775
!!node 1222!!
7.5 776
7.5 777
7.5 778
7.5 779
7.5 780
7.5 781
7.5 782
7.5 783
!!node 1223!!
7.5 784
7.5 785
7.5 786
7.5 787
7.5 788
7.5 789
7.5 790
7.5 791
!!node 1224!!
7.5 792
7.5 793
7.5 794
7.5 795
7.5 796
7.5 797
7.5 798
7.5 799
!!node 1225!!
7.5 800
7.5 801
7.5 802
7.5 803
7.5 804
7.5 805
7.5 806
7.5 807
!!node 1226!!
7.5 808
7.5 809
7.5 810
7.5 811
7.5 812
7.5 813
7.5 814
7.5 815
!!node 1227!!
7.5 816
7.5 817
7.5 818
7.5 819
7.5 820
7.5 821
7.5 822
7.5 823
!!node 1228!!
7.5 824
7.5 825
7.5 826
7.5 827
7.5 828
7.5 829
7.5 830
7.5 831
!!node 1229!!
7.5 832
7.5 833
7.5 834
7.5 835
7.5 836
7.5 837
7.5 838
7.5 839
!!node 1230!!
7.5 840
7.5 841
7.5 842
7.5 843
7.5 844
7.5 845
7.5 846
7.5 847
!!node 1231!!
7.5 848
7.5 849
7.5 850
7.5 851
7.5 852
7.5 853
7.5 854
7.5 855
!!node 1232!!
7.5 856
7.5 857
7.5 858
7.5 859
7.5 860
7.5 861
7.5 862
7.5 863
!!node 1233!!
7.5 864
7.5 865
7.5 866
7.5 867
7.5 868
7.5 869
7.5 870
7.5 871
!!node 1234!!
7.5 872
7.5 873
7.5 874
7.5 875
7.5 876
7.5 877
7.5 878
7.5 879
!!node 1235!!
7.5 880
7.5 881
7.5 882
7.5 883
7.5 884
7.5 885
7.5 886
7.5 887
!!node 1236!!
7.5 888
7.5 889
7.5 890
7.5 891
7.5 892
7.5 893
7.5 894
7.5 895
!!node 1237!!
7.5 896
7.5 897
7.5 898
7.5 899
7.5 900
7.5 901
7.5 902
7.5 903
!!node 1238!!
7.5 904
7.5 905
7.5 906
7.5 907
7.5 908
7.5 909
7.5 910
7.5 911
!!node 1239!!
7.5 912
7.5 913
7.5 914
7.5 915
7.5 916
7.5 917
7.5 918
7.5 919
!!node 1240!!
7.5 920
7.5 921
7.5 922
7.5 923
7.5 924
7.5 925
7.5 926
7.5 927
!!node 1241!!
7.5 928
7.5 929
7.5 930
7.5 931
7.5 932
7.5 933
7.5 934
7.5 935
!!node 1242!!
7.5 936
7.5 937
7.5 938
7.5 939
7.5 940
7.5 941
7.5 942
7.5 943
!!node 1243!!
7.5 944
7.5 945
7.5 946
7.5 947
7.5 948
7.5 949
7.5 950
7.5 951
!!node 1244!!
7.5 952
7.5 953
7.5 954
7.5 955
7.5 956
7.5 957
7.5 958
7.5 959
!!node 1245!!
7.5 960
7.5 961
7.5 962
7.5 963
7.5 964
7.5 965
7.5 966
7.5 967
!!node 1246!!
7.5 968
7.5 969
7.5 970
7.5 971
7.5 972
7.5 973
7.5 974
7.5 975
!!node 1247!!
7.5 976
7.5 977
7.5 978
7.5 979
7.5 980
7.5 981
7.5 982
7.5 983
!!node 1248!!
7.5 984
7.5 985
7.5 986
7.5 987
7.5 988
7.5 989
7.5 990
7.5 991
!!node 1249!!
7.5 992
7.5 993
7.5 994
7.5 995
7.5 996
7.5 997
7.5 998
7.5 999
!!node 1250!!
8 0
8 1
8 2
8 3
8 4
8 5
8 6
8 7
!!node 1251!!
8 8
8 9
8 10
8 11
8 12
8 13
8 14
8 15
!!node 1252!!
8 16
8 17
8 18
8 19
8 20
8 21
8 22
8 23
!!node 1253!!
8 24
8 25
8 26
8 27
8 28
8 29
8 30
8 31
!!node 1254!!
8 32
8 33
8 34
8 35
8 36
8 37
8 38
8 39
!!node 1255!!
8 40
8 41
8 42
8 43
8 44
8 45
8 46
8 47
!!node 1256!!
8 48
8 49
8 50
8 51
8 52
8 53
8 54
8 55
!!node 1257!!
8 56
8 57
8 58
8 59
8 60
8 61
8 62
8 63
!!node 1258!!
8 64
8 65
8 66
8 67
8 68
8 69
8 70
8 71
!!node 1259!!
8 72
8 73
8 74
8 75
8 76
8 77
8 78
8 79
!!node 1260!!
8 80
8 81
8 82
8 83
8 84
8 85
8 86
8 87
!!node 1261!!
8 88
8 89
8 90
8 91
8 92
8 93
8 94
8 95
!!node 1262!!
8 96
8 97
8 98
8 99
8 100
8 101
8 102
8 103
!!node 1263!!
8 104
8 105
8 106
8 107
8 108
8 109
8 110
8 111
!!node 1264!!
8 112
8 113
8 114
8 115
8 116
8 117
8 118
8 119
!!node 1265!!
8 120
8 121
8 122
8 123
8 124
8 125
8 126
8 127
!!node 1266!!
8 128
8 129
8 130
8 131
8 132
8 133
8 134
8 135
!!node 1267!!
8 136
8 137
8 138
8 139
8 140
8 141
8 142
8 143
!!node 1268!!
8 144
8 145
8 146
8 147
8 148
8 149
8 150
8 151
!!node 1269!!
8 152
8 153
8 154
8 155
8 156
8 157
8 158
8 159
!!node 1270!!
8 160
8 161
8 162
8 163
8 164
8 165
8 166
8 167
!!node 1271!!
8 168
8 169
8 170
8 171
8 172
8 173
8 174
8 175
!!node 1272!!
8 176
8 177
8 178
8 179
8 180
8 181
8 182
8 183
!!node 1273!!
8 184
8 185
8 186
8 187
8 188
8 189
8 190
8 191
!!node 1274!!
8 192
8 193
8 194
8 195
8 196
8 197
8 198
8 199
!!node 1275!!
8 200
8 201
8 202
8 203
8 204
8 205
8 206
8 207
!!node 1276!!
8 208
8 209
8 210
8 211
8 212
8 213
8 214
8 215
!!node 1277!!
8 216
8 217
8 218
8 219
8 220
8 221
8 222
8 223
!!node 1278!!
8 224
8 225
8 226
8 227
8 228
8 229
8 230
8 231
!!node 1279!!
8 232
8 233
8 234
8 235
8 236
8 237
8 238
8 239
!!node 1280!!
8 240
8 241
8 242
8 243
8 244
8 245
8 246
8 247
!!node 1281!!
8 248
8 249
8 250
8 251
8 252
8 253
8 254
8 255
!!node 1282!!
8 256
8 257
8 258
8 259
8 260
8 261
8 262
8 263
!!node 1283!!
8 264
8 265
8 266
8 267
8 268
8 269
8 270
8 271
!!node 1284!!
8 272
8 273
8 274
8 275
8 276
8 277
8 278
8 279
!!node 1285!!
8 280
8 281
8 282
8 283
8 284
8 285
8 286
8 287
!!node 1286!!
8 288
8 289
8 290
8 291
8 292
8 293
8 294
8 295
!!node 1287!!
8 296
8 297
8 298
8 299
8 300
8 301
8 302
8 303
!!node 1288!!
8 304
8 305
8 306
8 307
8 308
8 309
8 310
8 311
!!node 1289!!
8 312
8 313
8 314
8 315
8 316
8 317
8 318
8 319
!!node 1290!!
8 320
8 321
8 322
8 323
8 324
8 325
8 326
8 327
!!node 1291!!
8 328
8 329
8 330
8 331
8 332
8 333
8 334
8 335
!!node 1292!!
8 336
8 337
8 338
8 339
8 340
8 341
8 342
8 343
!!node 1293!!
8 344
8 345
8 346
8 347
8 348
8 349
8 350
8 351
!!node 1294!!
8 352
8 353
8 354
8 355
8 356
8 357
8 358
8 359
!!node 1295!!
8 360
8 361
8 362
8 363
8 364
8 365
8 366
8 367
!!node 1296!!
8 368
8 369
8 370
8 371
8 372
8 373
8 374
8 375
!!node 1297!!
8 376
8 377
8 378
8 379
8 380
8 381
8 382
8 383
!!node 1298!!
8 384
8 385
8 386
8 387
8 388
8 389
8 390
8 391
!!node 1299!!
8 392
8 393
8 394
8 395
8 396
8 397
8 398
8 399
!!node 1300!!
8 400
8 401
8 402
8 403
8 404
8 405
8 406
8 407
!!node 1301!!
8 408
8 409
8 410
8 411
8 412
8 413
8 414
8 415
!!node 1302!!
8 416
8 417
8 418
8 419
8 420
8 421
8 422
8 423
!!node 1303!!
8 424
8 425
8 426
8 427
8 428
8 429
8 430
8 431
!!node 1304!!
8 432
8 433
8 434
8 435
8 436
8 437
8 438
8 439
!!node 1305!!
8 440
8 441
8 442
8 443
8 444
8 445
8 446
8 447
!!node 1306!!
8 448
8 449
8 450
8 451
8 452
8 453
8 454
8 455
!!node 1307!!
8 456
8 457
8 458
8 459
8 460
8 461
8 462
8 463
!!node 1308!!
8 464
8 465
8 466
8 467
8 468
8 469
8 470
8 471
!!node 1309!!
8 472
8 473
8 474
8 475
8 476
8 477
8 478
8 479
!!node 1310!!
8 480
8 481
8 482
8 483
8 484
8 485
8 486
8 487
!!node 1311!!
8 488
8 489
8 490
8 491
8 492
8 493
8 494
8 495
!!node 1312!!
8 496
8 497
8 498
8 499
8 500
8 501
8 502
8 503
!!node 1313!!
8 504
8 505
8 506
8 507
8 508
8 509
8 510
8 511
!!node 1314!!
8 512
8 513
8 514
8 515
8 516
8 517
8 518
8 519
!!node 1315!!
8 520
8 521
8 522
8 523
8 524
8 525
8 526
8 527
!!node 1316!!
8 528
8 529
8 530
8 531
8 532
8 533
8 534
8 535
!!node 1317!!
8 536
8 537
8 538
8 539
8 540
8 541
8 542
8 543
!!node 1318!!
8 544
8 545
8 546
8 547
8 548
8 549
8 550
8 551
!!node 1319!!
8 552
8 553
8 554
8 555
8 556
8 557
8 558
8 559
!!node 1320!!
8 560
8 561
8 562
8 563
8 564
8 565
8 566
8 567
!!node 1321!!
8 568
8 569
8 570
8 571
8 572
8 573
8 574
8 575
!!node 1322!!
8 576
8 577
8 578
8 579
8 580
8 581
8 582
8 583
!!node 1323!!
8 584
8 585
8 586
8 587
8 588
8 589
8 590
8 591
!!node 1324!!
8 592
8 593
8 594
8 595
8 596
8 597
8 598
8 599
!!node 1325!!
8 600
8 601
8 602
8 603
8 604
8 605
8 606
8 607
!!node 1326!!
8 608
8 609
8 610
8 611
8 612
8 613
8 614
8 615
!!node 1327!!
8 616
8 617
8 618
8 619
8 620
8 621
8 622
8 623
!!node 1328!!
8 624
8 625
8 626
8 627
8 628
8 629
8 630
8 631
!!node 1329!!
8 632
8 633
8 634
8 635
8 636
8 637
8 638
8 639
!!node 1330!!
8 640
8 641
8 642
8 643
8 644
8 645
8 646
8 647
!!node 1331!!
8 648
8 649
8 650
8 651
8 652
8 653
8 654
8 655
!!node 1332!!
8 656
8 657
8 658
8 659
8 660
8 661
8 662
8 663
!!node 1333!!
8 664
8 665
8 666
8 667
8 668
8 669
8 670
8 671
!!node 1334!!
8 672
8 673
8 674
8 675
8 676
8 677
8 678
8 679
!!node 1335!!
8 680
8 681
8 682
8 683
8 684
8 685
8 686
8 687
!!node 1336!!
8 688
8 689
8 690
8 691
8 692
8 693
8 694
8 695
!!node 1337!!
8 696
8 697
8 698
8 699
8 700
8 701
8 702
8 703
!!node 1338!!
8 704
8 705
8 706
8 707
8 708
8 709
8 710
8 711
!!node 1339!!
8 712
8 713
8 714
8 715
8 716
8 717
8 718
8 719
!!node 1340!!
8 720
8 721
8 722
8 723
8 724
8 725
8 726
8 727
!!node 1341!!
8 728
8 729
8 730
8 731
8 732
8 733
8 734
8 735
!!node 1342!!
8 736
8 737
8 738
8 739
8 740
8 741
8 742
8 743
!!node 1343!!
8 744
8 745
8 746
8 747
8 748
8 749
8 750
8 751
!!node 1344!!
8 752
8 753
8 754
8 755
8 756
8 757
8 758
8 759
!!node 1345!!
8 760
8 761
8 762
8 763
8 764
8 765
8 766
8 767
!!node 1346!!
8 768
8 769
8 770
8 771
8 772
8 773
8 774
8 775
!!node 1347!!
8 776
8 777
8 778
8 779
8 780
8 781
8 782
8 783
!!node 1348!!
8 784
8 785
8 786
8 787
8 788
8 789
8 790
8 791
!!node 1349!!
8 792
8 793
8 794
8 795
8 796
8 797
8 798
8 799
!!node 1350!!
8 800
8 801
8 802
8 803
8 804
8 805
8 806
8 807
!!node 1351!!
8 808
8 809
8 810
8 811
8 812
8 813
8 814
8 815
!!node 1352!!
8 816
8 817
8 818
8 819
8 820
8 821
8 822
8 823
!!node 1353!!
8 824
8 825
8 826
8 827
8 828
8 829
8 830
8 831
!!node 1354!!
8 832
8 833
8 834
8 835
8 836
8 837
8 838
8 839
!!node 1355!!
8 840
8 841
8 842
8 843
8 844
8 845
8 846
8 847
!!node 1356!!
8 848
8 849
8 850
8 851
8 852
8 853
8 854
8 855
!!node 1357!!
8 856
8 857
8 858
8 859
8 860
8 861
8 862
8 863
!!node 1358!!
8 864
8 865
8 866
8 867
8 868
8 869
8 870
8 871
!!node 1359!!
8 872
8 873
8 874
8 875
8 876
8 877
8 878
8 879
!!node 1360!!
8 880
8 881
8 882
8 883
8 884
8 885
8 886
8 887
!!node 1361!!
8 888
8 889
8 890
8 891
8 892
8 893
8 894
8 895
!!node 1362!!
8 896
8 897
8 898
8 899
8 900
8 901
8 902
8 903
!!node 1363!!
8 904
8 905
8 906
8 907
8 908
8 909
8 910
8 911
!!node 1364!!
8 912
8 913
8 914
8 915
8 916
8 917
8 918
8 919
!!node 1365!!
8 920
8 921
8 922
8 923
8 924
8 925
8 926
8 927
!!node 1366!!
8 928
8 929
8 930
8 931
8 932
8 933
8 934
8 935
!!node 1367!!
8 936
8 937
8 938
8 939
8 940
8 941
8 942
8 943
!!node 1368!!
8 944
8 945
8 946
8 947
8 948
8 949
8 950
8 951
!!node 1369!!
8 952
8 953
8 954
8 955
8 956
8 957
8 958
8 959
!!node 1370!!
8 960
8 961
8 962
8 963
8 964
8 965
8 966
8 967
!!node 1371!!
8 968
8 969
8 970
8 971
8 972
8 973
8 974
8 975
!!node 1372!!
8 976
8 977
8 978
8 979
8 980
8 981
8 982
8 983
!!node 1373!!
8 984
8 985
8 986
8 987
8 988
8 989
8 990
8 991
!!node 1374!!
8 992
8 993
8 994
8 995
8 996
8 997
8 998
8 999
