!!node 0!!
11 2 0.95 0
11 2 0.95 1
11 2 0.95 2
11 2 0.95 3
11 2 0.95 4
11 2 0.95 5
11 2 0.95 6
11 2 0.95 7
11 2 0.95 8
11 2 0.95 9
12 2 0.95 0
12 2 0.95 1
!!node 1!!
12 2 0.95 2
12 2 0.95 3
12 2 0.95 4
12 2 0.95 5
12 2 0.95 6
12 2 0.95 7
12 2 0.95 8
12 2 0.95 9
13 2 0.95 0
13 2 0.95 1
13 2 0.95 2
13 2 0.95 3
!!node 2!!
13 2 0.95 4
13 2 0.95 5
13 2 0.95 6
13 2 0.95 7
13 2 0.95 8
13 2 0.95 9
14 2 0.95 0
14 2 0.95 1
14 2 0.95 2
14 2 0.95 3
14 2 0.95 4
14 2 0.95 5
!!node 3!!
14 2 0.95 6
14 2 0.95 7
14 2 0.95 8
14 2 0.95 9
15 2 0.95 0
15 2 0.95 1
15 2 0.95 2
15 2 0.95 3
15 2 0.95 4
15 2 0.95 5
15 2 0.95 6
15 2 0.95 7
!!node 4!!
15 2 0.95 8
15 2 0.95 9
16 2 0.95 0
16 2 0.95 1
16 2 0.95 2
16 2 0.95 3
16 2 0.95 4
16 2 0.95 5
16 2 0.95 6
16 2 0.95 7
16 2 0.95 8
16 2 0.95 9
!!node 5!!
17 2 0.95 0
17 2 0.95 1
17 2 0.95 2
17 2 0.95 3
17 2 0.95 4
17 2 0.95 5
17 2 0.95 6
17 2 0.95 7
17 2 0.95 8
17 2 0.95 9
18 2 0.95 0
18 2 0.95 1
!!node 6!!
18 2 0.95 2
18 2 0.95 3
18 2 0.95 4
18 2 0.95 5
18 2 0.95 6
18 2 0.95 7
18 2 0.95 8
18 2 0.95 9
19 2 0.95 0
19 2 0.95 1
19 2 0.95 2
19 2 0.95 3
!!node 7!!
19 2 0.95 4
19 2 0.95 5
19 2 0.95 6
19 2 0.95 7
19 2 0.95 8
19 2 0.95 9
20 2 0.95 0
20 2 0.95 1
20 2 0.95 2
20 2 0.95 3
20 2 0.95 4
20 2 0.95 5
!!node 8!!
20 2 0.95 6
20 2 0.95 7
20 2 0.95 8
20 2 0.95 9
