!!node 0!!
3 0
3 1
3 2
3 3
3 4
3 5
3 6
3 7
!!node 1!!
3 8
3 9
3 10
3 11
3 12
3 13
3 14
3 15
!!node 2!!
3 16
3 17
3 18
3 19
3 20
3 21
3 22
3 23
!!node 3!!
3 24
3 25
3 26
3 27
3 28
3 29
3 30
3 31
!!node 4!!
3 32
3 33
3 34
3 35
3 36
3 37
3 38
3 39
!!node 5!!
3 40
3 41
3 42
3 43
3 44
3 45
3 46
3 47
!!node 6!!
3 48
3 49
3 50
3 51
3 52
3 53
3 54
3 55
!!node 7!!
3 56
3 57
3 58
3 59
3 60
3 61
3 62
3 63
!!node 8!!
3 64
3 65
3 66
3 67
3 68
3 69
3 70
3 71
!!node 9!!
3 72
3 73
3 74
3 75
3 76
3 77
3 78
3 79
!!node 10!!
3 80
3 81
3 82
3 83
3 84
3 85
3 86
3 87
!!node 11!!
3 88
3 89
3 90
3 91
3 92
3 93
3 94
3 95
!!node 12!!
3 96
3 97
3 98
3 99
3 100
3 101
3 102
3 103
!!node 13!!
3 104
3 105
3 106
3 107
3 108
3 109
3 110
3 111
!!node 14!!
3 112
3 113
3 114
3 115
3 116
3 117
3 118
3 119
!!node 15!!
3 120
3 121
3 122
3 123
3 124
3 125
3 126
3 127
!!node 16!!
3 128
3 129
3 130
3 131
3 132
3 133
3 134
3 135
!!node 17!!
3 136
3 137
3 138
3 139
3 140
3 141
3 142
3 143
!!node 18!!
3 144
3 145
3 146
3 147
3 148
3 149
3 150
3 151
!!node 19!!
3 152
3 153
3 154
3 155
3 156
3 157
3 158
3 159
!!node 20!!
3 160
3 161
3 162
3 163
3 164
3 165
3 166
3 167
!!node 21!!
3 168
3 169
3 170
3 171
3 172
3 173
3 174
3 175
!!node 22!!
3 176
3 177
3 178
3 179
3 180
3 181
3 182
3 183
!!node 23!!
3 184
3 185
3 186
3 187
3 188
3 189
3 190
3 191
!!node 24!!
3 192
3 193
3 194
3 195
3 196
3 197
3 198
3 199
!!node 25!!
3 200
3 201
3 202
3 203
3 204
3 205
3 206
3 207
!!node 26!!
3 208
3 209
3 210
3 211
3 212
3 213
3 214
3 215
!!node 27!!
3 216
3 217
3 218
3 219
3 220
3 221
3 222
3 223
!!node 28!!
3 224
3 225
3 226
3 227
3 228
3 229
3 230
3 231
!!node 29!!
3 232
3 233
3 234
3 235
3 236
3 237
3 238
3 239
!!node 30!!
3 240
3 241
3 242
3 243
3 244
3 245
3 246
3 247
!!node 31!!
3 248
3 249
3 250
3 251
3 252
3 253
3 254
3 255
!!node 32!!
3 256
3 257
3 258
3 259
3 260
3 261
3 262
3 263
!!node 33!!
3 264
3 265
3 266
3 267
3 268
3 269
3 270
3 271
!!node 34!!
3 272
3 273
3 274
3 275
3 276
3 277
3 278
3 279
!!node 35!!
3 280
3 281
3 282
3 283
3 284
3 285
3 286
3 287
!!node 36!!
3 288
3 289
3 290
3 291
3 292
3 293
3 294
3 295
!!node 37!!
3 296
3 297
3 298
3 299
3 300
3 301
3 302
3 303
!!node 38!!
3 304
3 305
3 306
3 307
3 308
3 309
3 310
3 311
!!node 39!!
3 312
3 313
3 314
3 315
3 316
3 317
3 318
3 319
!!node 40!!
3 320
3 321
3 322
3 323
3 324
3 325
3 326
3 327
!!node 41!!
3 328
3 329
3 330
3 331
3 332
3 333
3 334
3 335
!!node 42!!
3 336
3 337
3 338
3 339
3 340
3 341
3 342
3 343
!!node 43!!
3 344
3 345
3 346
3 347
3 348
3 349
3 350
3 351
!!node 44!!
3 352
3 353
3 354
3 355
3 356
3 357
3 358
3 359
!!node 45!!
3 360
3 361
3 362
3 363
3 364
3 365
3 366
3 367
!!node 46!!
3 368
3 369
3 370
3 371
3 372
3 373
3 374
3 375
!!node 47!!
3 376
3 377
3 378
3 379
3 380
3 381
3 382
3 383
!!node 48!!
3 384
3 385
3 386
3 387
3 388
3 389
3 390
3 391
!!node 49!!
3 392
3 393
3 394
3 395
3 396
3 397
3 398
3 399
!!node 50!!
3 400
3 401
3 402
3 403
3 404
3 405
3 406
3 407
!!node 51!!
3 408
3 409
3 410
3 411
3 412
3 413
3 414
3 415
!!node 52!!
3 416
3 417
3 418
3 419
3 420
3 421
3 422
3 423
!!node 53!!
3 424
3 425
3 426
3 427
3 428
3 429
3 430
3 431
!!node 54!!
3 432
3 433
3 434
3 435
3 436
3 437
3 438
3 439
!!node 55!!
3 440
3 441
3 442
3 443
3 444
3 445
3 446
3 447
!!node 56!!
3 448
3 449
3 450
3 451
3 452
3 453
3 454
3 455
!!node 57!!
3 456
3 457
3 458
3 459
3 460
3 461
3 462
3 463
!!node 58!!
3 464
3 465
3 466
3 467
3 468
3 469
3 470
3 471
!!node 59!!
3 472
3 473
3 474
3 475
3 476
3 477
3 478
3 479
!!node 60!!
3 480
3 481
3 482
3 483
3 484
3 485
3 486
3 487
!!node 61!!
3 488
3 489
3 490
3 491
3 492
3 493
3 494
3 495
!!node 62!!
3 496
3 497
3 498
3 499
3 500
3 501
3 502
3 503
!!node 63!!
3 504
3 505
3 506
3 507
3 508
3 509
3 510
3 511
!!node 64!!
3 512
3 513
3 514
3 515
3 516
3 517
3 518
3 519
!!node 65!!
3 520
3 521
3 522
3 523
3 524
3 525
3 526
3 527
!!node 66!!
3 528
3 529
3 530
3 531
3 532
3 533
3 534
3 535
!!node 67!!
3 536
3 537
3 538
3 539
3 540
3 541
3 542
3 543
!!node 68!!
3 544
3 545
3 546
3 547
3 548
3 549
3 550
3 551
!!node 69!!
3 552
3 553
3 554
3 555
3 556
3 557
3 558
3 559
!!node 70!!
3 560
3 561
3 562
3 563
3 564
3 565
3 566
3 567
!!node 71!!
3 568
3 569
3 570
3 571
3 572
3 573
3 574
3 575
!!node 72!!
3 576
3 577
3 578
3 579
3 580
3 581
3 582
3 583
!!node 73!!
3 584
3 585
3 586
3 587
3 588
3 589
3 590
3 591
!!node 74!!
3 592
3 593
3 594
3 595
3 596
3 597
3 598
3 599
!!node 75!!
3 600
3 601
3 602
3 603
3 604
3 605
3 606
3 607
!!node 76!!
3 608
3 609
3 610
3 611
3 612
3 613
3 614
3 615
!!node 77!!
3 616
3 617
3 618
3 619
3 620
3 621
3 622
3 623
!!node 78!!
3 624
3 625
3 626
3 627
3 628
3 629
3 630
3 631
!!node 79!!
3 632
3 633
3 634
3 635
3 636
3 637
3 638
3 639
!!node 80!!
3 640
3 641
3 642
3 643
3 644
3 645
3 646
3 647
!!node 81!!
3 648
3 649
3 650
3 651
3 652
3 653
3 654
3 655
!!node 82!!
3 656
3 657
3 658
3 659
3 660
3 661
3 662
3 663
!!node 83!!
3 664
3 665
3 666
3 667
3 668
3 669
3 670
3 671
!!node 84!!
3 672
3 673
3 674
3 675
3 676
3 677
3 678
3 679
!!node 85!!
3 680
3 681
3 682
3 683
3 684
3 685
3 686
3 687
!!node 86!!
3 688
3 689
3 690
3 691
3 692
3 693
3 694
3 695
!!node 87!!
3 696
3 697
3 698
3 699
3 700
3 701
3 702
3 703
!!node 88!!
3 704
3 705
3 706
3 707
3 708
3 709
3 710
3 711
!!node 89!!
3 712
3 713
3 714
3 715
3 716
3 717
3 718
3 719
!!node 90!!
3 720
3 721
3 722
3 723
3 724
3 725
3 726
3 727
!!node 91!!
3 728
3 729
3 730
3 731
3 732
3 733
3 734
3 735
!!node 92!!
3 736
3 737
3 738
3 739
3 740
3 741
3 742
3 743
!!node 93!!
3 744
3 745
3 746
3 747
3 748
3 749
3 750
3 751
!!node 94!!
3 752
3 753
3 754
3 755
3 756
3 757
3 758
3 759
!!node 95!!
3 760
3 761
3 762
3 763
3 764
3 765
3 766
3 767
!!node 96!!
3 768
3 769
3 770
3 771
3 772
3 773
3 774
3 775
!!node 97!!
3 776
3 777
3 778
3 779
3 780
3 781
3 782
3 783
!!node 98!!
3 784
3 785
3 786
3 787
3 788
3 789
3 790
3 791
!!node 99!!
3 792
3 793
3 794
3 795
3 796
3 797
3 798
3 799
!!node 100!!
3 800
3 801
3 802
3 803
3 804
3 805
3 806
3 807
!!node 101!!
3 808
3 809
3 810
3 811
3 812
3 813
3 814
3 815
!!node 102!!
3 816
3 817
3 818
3 819
3 820
3 821
3 822
3 823
!!node 103!!
3 824
3 825
3 826
3 827
3 828
3 829
3 830
3 831
!!node 104!!
3 832
3 833
3 834
3 835
3 836
3 837
3 838
3 839
!!node 105!!
3 840
3 841
3 842
3 843
3 844
3 845
3 846
3 847
!!node 106!!
3 848
3 849
3 850
3 851
3 852
3 853
3 854
3 855
!!node 107!!
3 856
3 857
3 858
3 859
3 860
3 861
3 862
3 863
!!node 108!!
3 864
3 865
3 866
3 867
3 868
3 869
3 870
3 871
!!node 109!!
3 872
3 873
3 874
3 875
3 876
3 877
3 878
3 879
!!node 110!!
3 880
3 881
3 882
3 883
3 884
3 885
3 886
3 887
!!node 111!!
3 888
3 889
3 890
3 891
3 892
3 893
3 894
3 895
!!node 112!!
3 896
3 897
3 898
3 899
3 900
3 901
3 902
3 903
!!node 113!!
3 904
3 905
3 906
3 907
3 908
3 909
3 910
3 911
!!node 114!!
3 912
3 913
3 914
3 915
3 916
3 917
3 918
3 919
!!node 115!!
3 920
3 921
3 922
3 923
3 924
3 925
3 926
3 927
!!node 116!!
3 928
3 929
3 930
3 931
3 932
3 933
3 934
3 935
!!node 117!!
3 936
3 937
3 938
3 939
3 940
3 941
3 942
3 943
!!node 118!!
3 944
3 945
3 946
3 947
3 948
3 949
3 950
3 951
!!node 119!!
3 952
3 953
3 954
3 955
3 956
3 957
3 958
3 959
!!node 120!!
3 960
3 961
3 962
3 963
3 964
3 965
3 966
3 967
!!node 121!!
3 968
3 969
3 970
3 971
3 972
3 973
3 974
3 975
!!node 122!!
3 976
3 977
3 978
3 979
3 980
3 981
3 982
3 983
!!node 123!!
3 984
3 985
3 986
3 987
3 988
3 989
3 990
3 991
!!node 124!!
3 992
3 993
3 994
3 995
3 996
3 997
3 998
3 999
!!node 125!!
4 0
4 1
4 2
4 3
4 4
4 5
4 6
4 7
!!node 126!!
4 8
4 9
4 10
4 11
4 12
4 13
4 14
4 15
!!node 127!!
4 16
4 17
4 18
4 19
4 20
4 21
4 22
4 23
!!node 128!!
4 24
4 25
4 26
4 27
4 28
4 29
4 30
4 31
!!node 129!!
4 32
4 33
4 34
4 35
4 36
4 37
4 38
4 39
!!node 130!!
4 40
4 41
4 42
4 43
4 44
4 45
4 46
4 47
!!node 131!!
4 48
4 49
4 50
4 51
4 52
4 53
4 54
4 55
!!node 132!!
4 56
4 57
4 58
4 59
4 60
4 61
4 62
4 63
!!node 133!!
4 64
4 65
4 66
4 67
4 68
4 69
4 70
4 71
!!node 134!!
4 72
4 73
4 74
4 75
4 76
4 77
4 78
4 79
!!node 135!!
4 80
4 81
4 82
4 83
4 84
4 85
4 86
4 87
!!node 136!!
4 88
4 89
4 90
4 91
4 92
4 93
4 94
4 95
!!node 137!!
4 96
4 97
4 98
4 99
4 100
4 101
4 102
4 103
!!node 138!!
4 104
4 105
4 106
4 107
4 108
4 109
4 110
4 111
!!node 139!!
4 112
4 113
4 114
4 115
4 116
4 117
4 118
4 119
!!node 140!!
4 120
4 121
4 122
4 123
4 124
4 125
4 126
4 127
!!node 141!!
4 128
4 129
4 130
4 131
4 132
4 133
4 134
4 135
!!node 142!!
4 136
4 137
4 138
4 139
4 140
4 141
4 142
4 143
!!node 143!!
4 144
4 145
4 146
4 147
4 148
4 149
4 150
4 151
!!node 144!!
4 152
4 153
4 154
4 155
4 156
4 157
4 158
4 159
!!node 145!!
4 160
4 161
4 162
4 163
4 164
4 165
4 166
4 167
!!node 146!!
4 168
4 169
4 170
4 171
4 172
4 173
4 174
4 175
!!node 147!!
4 176
4 177
4 178
4 179
4 180
4 181
4 182
4 183
!!node 148!!
4 184
4 185
4 186
4 187
4 188
4 189
4 190
4 191
!!node 149!!
4 192
4 193
4 194
4 195
4 196
4 197
4 198
4 199
!!node 150!!
4 200
4 201
4 202
4 203
4 204
4 205
4 206
4 207
!!node 151!!
4 208
4 209
4 210
4 211
4 212
4 213
4 214
4 215
!!node 152!!
4 216
4 217
4 218
4 219
4 220
4 221
4 222
4 223
!!node 153!!
4 224
4 225
4 226
4 227
4 228
4 229
4 230
4 231
!!node 154!!
4 232
4 233
4 234
4 235
4 236
4 237
4 238
4 239
!!node 155!!
4 240
4 241
4 242
4 243
4 244
4 245
4 246
4 247
!!node 156!!
4 248
4 249
4 250
4 251
4 252
4 253
4 254
4 255
!!node 157!!
4 256
4 257
4 258
4 259
4 260
4 261
4 262
4 263
!!node 158!!
4 264
4 265
4 266
4 267
4 268
4 269
4 270
4 271
!!node 159!!
4 272
4 273
4 274
4 275
4 276
4 277
4 278
4 279
!!node 160!!
4 280
4 281
4 282
4 283
4 284
4 285
4 286
4 287
!!node 161!!
4 288
4 289
4 290
4 291
4 292
4 293
4 294
4 295
!!node 162!!
4 296
4 297
4 298
4 299
4 300
4 301
4 302
4 303
!!node 163!!
4 304
4 305
4 306
4 307
4 308
4 309
4 310
4 311
!!node 164!!
4 312
4 313
4 314
4 315
4 316
4 317
4 318
4 319
!!node 165!!
4 320
4 321
4 322
4 323
4 324
4 325
4 326
4 327
!!node 166!!
4 328
4 329
4 330
4 331
4 332
4 333
4 334
4 335
!!node 167!!
4 336
4 337
4 338
4 339
4 340
4 341
4 342
4 343
!!node 168!!
4 344
4 345
4 346
4 347
4 348
4 349
4 350
4 351
!!node 169!!
4 352
4 353
4 354
4 355
4 356
4 357
4 358
4 359
!!node 170!!
4 360
4 361
4 362
4 363
4 364
4 365
4 366
4 367
!!node 171!!
4 368
4 369
4 370
4 371
4 372
4 373
4 374
4 375
!!node 172!!
4 376
4 377
4 378
4 379
4 380
4 381
4 382
4 383
!!node 173!!
4 384
4 385
4 386
4 387
4 388
4 389
4 390
4 391
!!node 174!!
4 392
4 393
4 394
4 395
4 396
4 397
4 398
4 399
!!node 175!!
4 400
4 401
4 402
4 403
4 404
4 405
4 406
4 407
!!node 176!!
4 408
4 409
4 410
4 411
4 412
4 413
4 414
4 415
!!node 177!!
4 416
4 417
4 418
4 419
4 420
4 421
4 422
4 423
!!node 178!!
4 424
4 425
4 426
4 427
4 428
4 429
4 430
4 431
!!node 179!!
4 432
4 433
4 434
4 435
4 436
4 437
4 438
4 439
!!node 180!!
4 440
4 441
4 442
4 443
4 444
4 445
4 446
4 447
!!node 181!!
4 448
4 449
4 450
4 451
4 452
4 453
4 454
4 455
!!node 182!!
4 456
4 457
4 458
4 459
4 460
4 461
4 462
4 463
!!node 183!!
4 464
4 465
4 466
4 467
4 468
4 469
4 470
4 471
!!node 184!!
4 472
4 473
4 474
4 475
4 476
4 477
4 478
4 479
!!node 185!!
4 480
4 481
4 482
4 483
4 484
4 485
4 486
4 487
!!node 186!!
4 488
4 489
4 490
4 491
4 492
4 493
4 494
4 495
!!node 187!!
4 496
4 497
4 498
4 499
4 500
4 501
4 502
4 503
!!node 188!!
4 504
4 505
4 506
4 507
4 508
4 509
4 510
4 511
!!node 189!!
4 512
4 513
4 514
4 515
4 516
4 517
4 518
4 519
!!node 190!!
4 520
4 521
4 522
4 523
4 524
4 525
4 526
4 527
!!node 191!!
4 528
4 529
4 530
4 531
4 532
4 533
4 534
4 535
!!node 192!!
4 536
4 537
4 538
4 539
4 540
4 541
4 542
4 543
!!node 193!!
4 544
4 545
4 546
4 547
4 548
4 549
4 550
4 551
!!node 194!!
4 552
4 553
4 554
4 555
4 556
4 557
4 558
4 559
!!node 195!!
4 560
4 561
4 562
4 563
4 564
4 565
4 566
4 567
!!node 196!!
4 568
4 569
4 570
4 571
4 572
4 573
4 574
4 575
!!node 197!!
4 576
4 577
4 578
4 579
4 580
4 581
4 582
4 583
!!node 198!!
4 584
4 585
4 586
4 587
4 588
4 589
4 590
4 591
!!node 199!!
4 592
4 593
4 594
4 595
4 596
4 597
4 598
4 599
!!node 200!!
4 600
4 601
4 602
4 603
4 604
4 605
4 606
4 607
!!node 201!!
4 608
4 609
4 610
4 611
4 612
4 613
4 614
4 615
!!node 202!!
4 616
4 617
4 618
4 619
4 620
4 621
4 622
4 623
!!node 203!!
4 624
4 625
4 626
4 627
4 628
4 629
4 630
4 631
!!node 204!!
4 632
4 633
4 634
4 635
4 636
4 637
4 638
4 639
!!node 205!!
4 640
4 641
4 642
4 643
4 644
4 645
4 646
4 647
!!node 206!!
4 648
4 649
4 650
4 651
4 652
4 653
4 654
4 655
!!node 207!!
4 656
4 657
4 658
4 659
4 660
4 661
4 662
4 663
!!node 208!!
4 664
4 665
4 666
4 667
4 668
4 669
4 670
4 671
!!node 209!!
4 672
4 673
4 674
4 675
4 676
4 677
4 678
4 679
!!node 210!!
4 680
4 681
4 682
4 683
4 684
4 685
4 686
4 687
!!node 211!!
4 688
4 689
4 690
4 691
4 692
4 693
4 694
4 695
!!node 212!!
4 696
4 697
4 698
4 699
4 700
4 701
4 702
4 703
!!node 213!!
4 704
4 705
4 706
4 707
4 708
4 709
4 710
4 711
!!node 214!!
4 712
4 713
4 714
4 715
4 716
4 717
4 718
4 719
!!node 215!!
4 720
4 721
4 722
4 723
4 724
4 725
4 726
4 727
!!node 216!!
4 728
4 729
4 730
4 731
4 732
4 733
4 734
4 735
!!node 217!!
4 736
4 737
4 738
4 739
4 740
4 741
4 742
4 743
!!node 218!!
4 744
4 745
4 746
4 747
4 748
4 749
4 750
4 751
!!node 219!!
4 752
4 753
4 754
4 755
4 756
4 757
4 758
4 759
!!node 220!!
4 760
4 761
4 762
4 763
4 764
4 765
4 766
4 767
!!node 221!!
4 768
4 769
4 770
4 771
4 772
4 773
4 774
4 775
!!node 222!!
4 776
4 777
4 778
4 779
4 780
4 781
4 782
4 783
!!node 223!!
4 784
4 785
4 786
4 787
4 788
4 789
4 790
4 791
!!node 224!!
4 792
4 793
4 794
4 795
4 796
4 797
4 798
4 799
!!node 225!!
4 800
4 801
4 802
4 803
4 804
4 805
4 806
4 807
!!node 226!!
4 808
4 809
4 810
4 811
4 812
4 813
4 814
4 815
!!node 227!!
4 816
4 817
4 818
4 819
4 820
4 821
4 822
4 823
!!node 228!!
4 824
4 825
4 826
4 827
4 828
4 829
4 830
4 831
!!node 229!!
4 832
4 833
4 834
4 835
4 836
4 837
4 838
4 839
!!node 230!!
4 840
4 841
4 842
4 843
4 844
4 845
4 846
4 847
!!node 231!!
4 848
4 849
4 850
4 851
4 852
4 853
4 854
4 855
!!node 232!!
4 856
4 857
4 858
4 859
4 860
4 861
4 862
4 863
!!node 233!!
4 864
4 865
4 866
4 867
4 868
4 869
4 870
4 871
!!node 234!!
4 872
4 873
4 874
4 875
4 876
4 877
4 878
4 879
!!node 235!!
4 880
4 881
4 882
4 883
4 884
4 885
4 886
4 887
!!node 236!!
4 888
4 889
4 890
4 891
4 892
4 893
4 894
4 895
!!node 237!!
4 896
4 897
4 898
4 899
4 900
4 901
4 902
4 903
!!node 238!!
4 904
4 905
4 906
4 907
4 908
4 909
4 910
4 911
!!node 239!!
4 912
4 913
4 914
4 915
4 916
4 917
4 918
4 919
!!node 240!!
4 920
4 921
4 922
4 923
4 924
4 925
4 926
4 927
!!node 241!!
4 928
4 929
4 930
4 931
4 932
4 933
4 934
4 935
!!node 242!!
4 936
4 937
4 938
4 939
4 940
4 941
4 942
4 943
!!node 243!!
4 944
4 945
4 946
4 947
4 948
4 949
4 950
4 951
!!node 244!!
4 952
4 953
4 954
4 955
4 956
4 957
4 958
4 959
!!node 245!!
4 960
4 961
4 962
4 963
4 964
4 965
4 966
4 967
!!node 246!!
4 968
4 969
4 970
4 971
4 972
4 973
4 974
4 975
!!node 247!!
4 976
4 977
4 978
4 979
4 980
4 981
4 982
4 983
!!node 248!!
4 984
4 985
4 986
4 987
4 988
4 989
4 990
4 991
!!node 249!!
4 992
4 993
4 994
4 995
4 996
4 997
4 998
4 999
!!node 250!!
5 0
5 1
5 2
5 3
5 4
5 5
5 6
5 7
!!node 251!!
5 8
5 9
5 10
5 11
5 12
5 13
5 14
5 15
!!node 252!!
5 16
5 17
5 18
5 19
5 20
5 21
5 22
5 23
!!node 253!!
5 24
5 25
5 26
5 27
5 28
5 29
5 30
5 31
!!node 254!!
5 32
5 33
5 34
5 35
5 36
5 37
5 38
5 39
!!node 255!!
5 40
5 41
5 42
5 43
5 44
5 45
5 46
5 47
!!node 256!!
5 48
5 49
5 50
5 51
5 52
5 53
5 54
5 55
!!node 257!!
5 56
5 57
5 58
5 59
5 60
5 61
5 62
5 63
!!node 258!!
5 64
5 65
5 66
5 67
5 68
5 69
5 70
5 71
!!node 259!!
5 72
5 73
5 74
5 75
5 76
5 77
5 78
5 79
!!node 260!!
5 80
5 81
5 82
5 83
5 84
5 85
5 86
5 87
!!node 261!!
5 88
5 89
5 90
5 91
5 92
5 93
5 94
5 95
!!node 262!!
5 96
5 97
5 98
5 99
5 100
5 101
5 102
5 103
!!node 263!!
5 104
5 105
5 106
5 107
5 108
5 109
5 110
5 111
!!node 264!!
5 112
5 113
5 114
5 115
5 116
5 117
5 118
5 119
!!node 265!!
5 120
5 121
5 122
5 123
5 124
5 125
5 126
5 127
!!node 266!!
5 128
5 129
5 130
5 131
5 132
5 133
5 134
5 135
!!node 267!!
5 136
5 137
5 138
5 139
5 140
5 141
5 142
5 143
!!node 268!!
5 144
5 145
5 146
5 147
5 148
5 149
5 150
5 151
!!node 269!!
5 152
5 153
5 154
5 155
5 156
5 157
5 158
5 159
!!node 270!!
5 160
5 161
5 162
5 163
5 164
5 165
5 166
5 167
!!node 271!!
5 168
5 169
5 170
5 171
5 172
5 173
5 174
5 175
!!node 272!!
5 176
5 177
5 178
5 179
5 180
5 181
5 182
5 183
!!node 273!!
5 184
5 185
5 186
5 187
5 188
5 189
5 190
5 191
!!node 274!!
5 192
5 193
5 194
5 195
5 196
5 197
5 198
5 199
!!node 275!!
5 200
5 201
5 202
5 203
5 204
5 205
5 206
5 207
!!node 276!!
5 208
5 209
5 210
5 211
5 212
5 213
5 214
5 215
!!node 277!!
5 216
5 217
5 218
5 219
5 220
5 221
5 222
5 223
!!node 278!!
5 224
5 225
5 226
5 227
5 228
5 229
5 230
5 231
!!node 279!!
5 232
5 233
5 234
5 235
5 236
5 237
5 238
5 239
!!node 280!!
5 240
5 241
5 242
5 243
5 244
5 245
5 246
5 247
!!node 281!!
5 248
5 249
5 250
5 251
5 252
5 253
5 254
5 255
!!node 282!!
5 256
5 257
5 258
5 259
5 260
5 261
5 262
5 263
!!node 283!!
5 264
5 265
5 266
5 267
5 268
5 269
5 270
5 271
!!node 284!!
5 272
5 273
5 274
5 275
5 276
5 277
5 278
5 279
!!node 285!!
5 280
5 281
5 282
5 283
5 284
5 285
5 286
5 287
!!node 286!!
5 288
5 289
5 290
5 291
5 292
5 293
5 294
5 295
!!node 287!!
5 296
5 297
5 298
5 299
5 300
5 301
5 302
5 303
!!node 288!!
5 304
5 305
5 306
5 307
5 308
5 309
5 310
5 311
!!node 289!!
5 312
5 313
5 314
5 315
5 316
5 317
5 318
5 319
!!node 290!!
5 320
5 321
5 322
5 323
5 324
5 325
5 326
5 327
!!node 291!!
5 328
5 329
5 330
5 331
5 332
5 333
5 334
5 335
!!node 292!!
5 336
5 337
5 338
5 339
5 340
5 341
5 342
5 343
!!node 293!!
5 344
5 345
5 346
5 347
5 348
5 349
5 350
5 351
!!node 294!!
5 352
5 353
5 354
5 355
5 356
5 357
5 358
5 359
!!node 295!!
5 360
5 361
5 362
5 363
5 364
5 365
5 366
5 367
!!node 296!!
5 368
5 369
5 370
5 371
5 372
5 373
5 374
5 375
!!node 297!!
5 376
5 377
5 378
5 379
5 380
5 381
5 382
5 383
!!node 298!!
5 384
5 385
5 386
5 387
5 388
5 389
5 390
5 391
!!node 299!!
5 392
5 393
5 394
5 395
5 396
5 397
5 398
5 399
!!node 300!!
5 400
5 401
5 402
5 403
5 404
5 405
5 406
5 407
!!node 301!!
5 408
5 409
5 410
5 411
5 412
5 413
5 414
5 415
!!node 302!!
5 416
5 417
5 418
5 419
5 420
5 421
5 422
5 423
!!node 303!!
5 424
5 425
5 426
5 427
5 428
5 429
5 430
5 431
!!node 304!!
5 432
5 433
5 434
5 435
5 436
5 437
5 438
5 439
!!node 305!!
5 440
5 441
5 442
5 443
5 444
5 445
5 446
5 447
!!node 306!!
5 448
5 449
5 450
5 451
5 452
5 453
5 454
5 455
!!node 307!!
5 456
5 457
5 458
5 459
5 460
5 461
5 462
5 463
!!node 308!!
5 464
5 465
5 466
5 467
5 468
5 469
5 470
5 471
!!node 309!!
5 472
5 473
5 474
5 475
5 476
5 477
5 478
5 479
!!node 310!!
5 480
5 481
5 482
5 483
5 484
5 485
5 486
5 487
!!node 311!!
5 488
5 489
5 490
5 491
5 492
5 493
5 494
5 495
!!node 312!!
5 496
5 497
5 498
5 499
5 500
5 501
5 502
5 503
!!node 313!!
5 504
5 505
5 506
5 507
5 508
5 509
5 510
5 511
!!node 314!!
5 512
5 513
5 514
5 515
5 516
5 517
5 518
5 519
!!node 315!!
5 520
5 521
5 522
5 523
5 524
5 525
5 526
5 527
!!node 316!!
5 528
5 529
5 530
5 531
5 532
5 533
5 534
5 535
!!node 317!!
5 536
5 537
5 538
5 539
5 540
5 541
5 542
5 543
!!node 318!!
5 544
5 545
5 546
5 547
5 548
5 549
5 550
5 551
!!node 319!!
5 552
5 553
5 554
5 555
5 556
5 557
5 558
5 559
!!node 320!!
5 560
5 561
5 562
5 563
5 564
5 565
5 566
5 567
!!node 321!!
5 568
5 569
5 570
5 571
5 572
5 573
5 574
5 575
!!node 322!!
5 576
5 577
5 578
5 579
5 580
5 581
5 582
5 583
!!node 323!!
5 584
5 585
5 586
5 587
5 588
5 589
5 590
5 591
!!node 324!!
5 592
5 593
5 594
5 595
5 596
5 597
5 598
5 599
!!node 325!!
5 600
5 601
5 602
5 603
5 604
5 605
5 606
5 607
!!node 326!!
5 608
5 609
5 610
5 611
5 612
5 613
5 614
5 615
!!node 327!!
5 616
5 617
5 618
5 619
5 620
5 621
5 622
5 623
!!node 328!!
5 624
5 625
5 626
5 627
5 628
5 629
5 630
5 631
!!node 329!!
5 632
5 633
5 634
5 635
5 636
5 637
5 638
5 639
!!node 330!!
5 640
5 641
5 642
5 643
5 644
5 645
5 646
5 647
!!node 331!!
5 648
5 649
5 650
5 651
5 652
5 653
5 654
5 655
!!node 332!!
5 656
5 657
5 658
5 659
5 660
5 661
5 662
5 663
!!node 333!!
5 664
5 665
5 666
5 667
5 668
5 669
5 670
5 671
!!node 334!!
5 672
5 673
5 674
5 675
5 676
5 677
5 678
5 679
!!node 335!!
5 680
5 681
5 682
5 683
5 684
5 685
5 686
5 687
!!node 336!!
5 688
5 689
5 690
5 691
5 692
5 693
5 694
5 695
!!node 337!!
5 696
5 697
5 698
5 699
5 700
5 701
5 702
5 703
!!node 338!!
5 704
5 705
5 706
5 707
5 708
5 709
5 710
5 711
!!node 339!!
5 712
5 713
5 714
5 715
5 716
5 717
5 718
5 719
!!node 340!!
5 720
5 721
5 722
5 723
5 724
5 725
5 726
5 727
!!node 341!!
5 728
5 729
5 730
5 731
5 732
5 733
5 734
5 735
!!node 342!!
5 736
5 737
5 738
5 739
5 740
5 741
5 742
5 743
!!node 343!!
5 744
5 745
5 746
5 747
5 748
5 749
5 750
5 751
!!node 344!!
5 752
5 753
5 754
5 755
5 756
5 757
5 758
5 759
!!node 345!!
5 760
5 761
5 762
5 763
5 764
5 765
5 766
5 767
!!node 346!!
5 768
5 769
5 770
5 771
5 772
5 773
5 774
5 775
!!node 347!!
5 776
5 777
5 778
5 779
5 780
5 781
5 782
5 783
!!node 348!!
5 784
5 785
5 786
5 787
5 788
5 789
5 790
5 791
!!node 349!!
5 792
5 793
5 794
5 795
5 796
5 797
5 798
5 799
!!node 350!!
5 800
5 801
5 802
5 803
5 804
5 805
5 806
5 807
!!node 351!!
5 808
5 809
5 810
5 811
5 812
5 813
5 814
5 815
!!node 352!!
5 816
5 817
5 818
5 819
5 820
5 821
5 822
5 823
!!node 353!!
5 824
5 825
5 826
5 827
5 828
5 829
5 830
5 831
!!node 354!!
5 832
5 833
5 834
5 835
5 836
5 837
5 838
5 839
!!node 355!!
5 840
5 841
5 842
5 843
5 844
5 845
5 846
5 847
!!node 356!!
5 848
5 849
5 850
5 851
5 852
5 853
5 854
5 855
!!node 357!!
5 856
5 857
5 858
5 859
5 860
5 861
5 862
5 863
!!node 358!!
5 864
5 865
5 866
5 867
5 868
5 869
5 870
5 871
!!node 359!!
5 872
5 873
5 874
5 875
5 876
5 877
5 878
5 879
!!node 360!!
5 880
5 881
5 882
5 883
5 884
5 885
5 886
5 887
!!node 361!!
5 888
5 889
5 890
5 891
5 892
5 893
5 894
5 895
!!node 362!!
5 896
5 897
5 898
5 899
5 900
5 901
5 902
5 903
!!node 363!!
5 904
5 905
5 906
5 907
5 908
5 909
5 910
5 911
!!node 364!!
5 912
5 913
5 914
5 915
5 916
5 917
5 918
5 919
!!node 365!!
5 920
5 921
5 922
5 923
5 924
5 925
5 926
5 927
!!node 366!!
5 928
5 929
5 930
5 931
5 932
5 933
5 934
5 935
!!node 367!!
5 936
5 937
5 938
5 939
5 940
5 941
5 942
5 943
!!node 368!!
5 944
5 945
5 946
5 947
5 948
5 949
5 950
5 951
!!node 369!!
5 952
5 953
5 954
5 955
5 956
5 957
5 958
5 959
!!node 370!!
5 960
5 961
5 962
5 963
5 964
5 965
5 966
5 967
!!node 371!!
5 968
5 969
5 970
5 971
5 972
5 973
5 974
5 975
!!node 372!!
5 976
5 977
5 978
5 979
5 980
5 981
5 982
5 983
!!node 373!!
5 984
5 985
5 986
5 987
5 988
5 989
5 990
5 991
!!node 374!!
5 992
5 993
5 994
5 995
5 996
5 997
5 998
5 999
!!node 375!!
6 0
6 1
6 2
6 3
6 4
6 5
6 6
6 7
!!node 376!!
6 8
6 9
6 10
6 11
6 12
6 13
6 14
6 15
!!node 377!!
6 16
6 17
6 18
6 19
6 20
6 21
6 22
6 23
!!node 378!!
6 24
6 25
6 26
6 27
6 28
6 29
6 30
6 31
!!node 379!!
6 32
6 33
6 34
6 35
6 36
6 37
6 38
6 39
!!node 380!!
6 40
6 41
6 42
6 43
6 44
6 45
6 46
6 47
!!node 381!!
6 48
6 49
6 50
6 51
6 52
6 53
6 54
6 55
!!node 382!!
6 56
6 57
6 58
6 59
6 60
6 61
6 62
6 63
!!node 383!!
6 64
6 65
6 66
6 67
6 68
6 69
6 70
6 71
!!node 384!!
6 72
6 73
6 74
6 75
6 76
6 77
6 78
6 79
!!node 385!!
6 80
6 81
6 82
6 83
6 84
6 85
6 86
6 87
!!node 386!!
6 88
6 89
6 90
6 91
6 92
6 93
6 94
6 95
!!node 387!!
6 96
6 97
6 98
6 99
6 100
6 101
6 102
6 103
!!node 388!!
6 104
6 105
6 106
6 107
6 108
6 109
6 110
6 111
!!node 389!!
6 112
6 113
6 114
6 115
6 116
6 117
6 118
6 119
!!node 390!!
6 120
6 121
6 122
6 123
6 124
6 125
6 126
6 127
!!node 391!!
6 128
6 129
6 130
6 131
6 132
6 133
6 134
6 135
!!node 392!!
6 136
6 137
6 138
6 139
6 140
6 141
6 142
6 143
!!node 393!!
6 144
6 145
6 146
6 147
6 148
6 149
6 150
6 151
!!node 394!!
6 152
6 153
6 154
6 155
6 156
6 157
6 158
6 159
!!node 395!!
6 160
6 161
6 162
6 163
6 164
6 165
6 166
6 167
!!node 396!!
6 168
6 169
6 170
6 171
6 172
6 173
6 174
6 175
!!node 397!!
6 176
6 177
6 178
6 179
6 180
6 181
6 182
6 183
!!node 398!!
6 184
6 185
6 186
6 187
6 188
6 189
6 190
6 191
!!node 399!!
6 192
6 193
6 194
6 195
6 196
6 197
6 198
6 199
!!node 400!!
6 200
6 201
6 202
6 203
6 204
6 205
6 206
6 207
!!node 401!!
6 208
6 209
6 210
6 211
6 212
6 213
6 214
6 215
!!node 402!!
6 216
6 217
6 218
6 219
6 220
6 221
6 222
6 223
!!node 403!!
6 224
6 225
6 226
6 227
6 228
6 229
6 230
6 231
!!node 404!!
6 232
6 233
6 234
6 235
6 236
6 237
6 238
6 239
!!node 405!!
6 240
6 241
6 242
6 243
6 244
6 245
6 246
6 247
!!node 406!!
6 248
6 249
6 250
6 251
6 252
6 253
6 254
6 255
!!node 407!!
6 256
6 257
6 258
6 259
6 260
6 261
6 262
6 263
!!node 408!!
6 264
6 265
6 266
6 267
6 268
6 269
6 270
6 271
!!node 409!!
6 272
6 273
6 274
6 275
6 276
6 277
6 278
6 279
!!node 410!!
6 280
6 281
6 282
6 283
6 284
6 285
6 286
6 287
!!node 411!!
6 288
6 289
6 290
6 291
6 292
6 293
6 294
6 295
!!node 412!!
6 296
6 297
6 298
6 299
6 300
6 301
6 302
6 303
!!node 413!!
6 304
6 305
6 306
6 307
6 308
6 309
6 310
6 311
!!node 414!!
6 312
6 313
6 314
6 315
6 316
6 317
6 318
6 319
!!node 415!!
6 320
6 321
6 322
6 323
6 324
6 325
6 326
6 327
!!node 416!!
6 328
6 329
6 330
6 331
6 332
6 333
6 334
6 335
!!node 417!!
6 336
6 337
6 338
6 339
6 340
6 341
6 342
6 343
!!node 418!!
6 344
6 345
6 346
6 347
6 348
6 349
6 350
6 351
!!node 419!!
6 352
6 353
6 354
6 355
6 356
6 357
6 358
6 359
!!node 420!!
6 360
6 361
6 362
6 363
6 364
6 365
6 366
6 367
!!node 421!!
6 368
6 369
6 370
6 371
6 372
6 373
6 374
6 375
!!node 422!!
6 376
6 377
6 378
6 379
6 380
6 381
6 382
6 383
!!node 423!!
6 384
6 385
6 386
6 387
6 388
6 389
6 390
6 391
!!node 424!!
6 392
6 393
6 394
6 395
6 396
6 397
6 398
6 399
!!node 425!!
6 400
6 401
6 402
6 403
6 404
6 405
6 406
6 407
!!node 426!!
6 408
6 409
6 410
6 411
6 412
6 413
6 414
6 415
!!node 427!!
6 416
6 417
6 418
6 419
6 420
6 421
6 422
6 423
!!node 428!!
6 424
6 425
6 426
6 427
6 428
6 429
6 430
6 431
!!node 429!!
6 432
6 433
6 434
6 435
6 436
6 437
6 438
6 439
!!node 430!!
6 440
6 441
6 442
6 443
6 444
6 445
6 446
6 447
!!node 431!!
6 448
6 449
6 450
6 451
6 452
6 453
6 454
6 455
!!node 432!!
6 456
6 457
6 458
6 459
6 460
6 461
6 462
6 463
!!node 433!!
6 464
6 465
6 466
6 467
6 468
6 469
6 470
6 471
!!node 434!!
6 472
6 473
6 474
6 475
6 476
6 477
6 478
6 479
!!node 435!!
6 480
6 481
6 482
6 483
6 484
6 485
6 486
6 487
!!node 436!!
6 488
6 489
6 490
6 491
6 492
6 493
6 494
6 495
!!node 437!!
6 496
6 497
6 498
6 499
6 500
6 501
6 502
6 503
!!node 438!!
6 504
6 505
6 506
6 507
6 508
6 509
6 510
6 511
!!node 439!!
6 512
6 513
6 514
6 515
6 516
6 517
6 518
6 519
!!node 440!!
6 520
6 521
6 522
6 523
6 524
6 525
6 526
6 527
!!node 441!!
6 528
6 529
6 530
6 531
6 532
6 533
6 534
6 535
!!node 442!!
6 536
6 537
6 538
6 539
6 540
6 541
6 542
6 543
!!node 443!!
6 544
6 545
6 546
6 547
6 548
6 549
6 550
6 551
!!node 444!!
6 552
6 553
6 554
6 555
6 556
6 557
6 558
6 559
!!node 445!!
6 560
6 561
6 562
6 563
6 564
6 565
6 566
6 567
!!node 446!!
6 568
6 569
6 570
6 571
6 572
6 573
6 574
6 575
!!node 447!!
6 576
6 577
6 578
6 579
6 580
6 581
6 582
6 583
!!node 448!!
6 584
6 585
6 586
6 587
6 588
6 589
6 590
6 591
!!node 449!!
6 592
6 593
6 594
6 595
6 596
6 597
6 598
6 599
!!node 450!!
6 600
6 601
6 602
6 603
6 604
6 605
6 606
6 607
!!node 451!!
6 608
6 609
6 610
6 611
6 612
6 613
6 614
6 615
!!node 452!!
6 616
6 617
6 618
6 619
6 620
6 621
6 622
6 623
!!node 453!!
6 624
6 625
6 626
6 627
6 628
6 629
6 630
6 631
!!node 454!!
6 632
6 633
6 634
6 635
6 636
6 637
6 638
6 639
!!node 455!!
6 640
6 641
6 642
6 643
6 644
6 645
6 646
6 647
!!node 456!!
6 648
6 649
6 650
6 651
6 652
6 653
6 654
6 655
!!node 457!!
6 656
6 657
6 658
6 659
6 660
6 661
6 662
6 663
!!node 458!!
6 664
6 665
6 666
6 667
6 668
6 669
6 670
6 671
!!node 459!!
6 672
6 673
6 674
6 675
6 676
6 677
6 678
6 679
!!node 460!!
6 680
6 681
6 682
6 683
6 684
6 685
6 686
6 687
!!node 461!!
6 688
6 689
6 690
6 691
6 692
6 693
6 694
6 695
!!node 462!!
6 696
6 697
6 698
6 699
6 700
6 701
6 702
6 703
!!node 463!!
6 704
6 705
6 706
6 707
6 708
6 709
6 710
6 711
!!node 464!!
6 712
6 713
6 714
6 715
6 716
6 717
6 718
6 719
!!node 465!!
6 720
6 721
6 722
6 723
6 724
6 725
6 726
6 727
!!node 466!!
6 728
6 729
6 730
6 731
6 732
6 733
6 734
6 735
!!node 467!!
6 736
6 737
6 738
6 739
6 740
6 741
6 742
6 743
!!node 468!!
6 744
6 745
6 746
6 747
6 748
6 749
6 750
6 751
!!node 469!!
6 752
6 753
6 754
6 755
6 756
6 757
6 758
6 759
!!node 470!!
6 760
6 761
6 762
6 763
6 764
6 765
6 766
6 767
!!node 471!!
6 768
6 769
6 770
6 771
6 772
6 773
6 774
6 775
!!node 472!!
6 776
6 777
6 778
6 779
6 780
6 781
6 782
6 783
!!node 473!!
6 784
6 785
6 786
6 787
6 788
6 789
6 790
6 791
!!node 474!!
6 792
6 793
6 794
6 795
6 796
6 797
6 798
6 799
!!node 475!!
6 800
6 801
6 802
6 803
6 804
6 805
6 806
6 807
!!node 476!!
6 808
6 809
6 810
6 811
6 812
6 813
6 814
6 815
!!node 477!!
6 816
6 817
6 818
6 819
6 820
6 821
6 822
6 823
!!node 478!!
6 824
6 825
6 826
6 827
6 828
6 829
6 830
6 831
!!node 479!!
6 832
6 833
6 834
6 835
6 836
6 837
6 838
6 839
!!node 480!!
6 840
6 841
6 842
6 843
6 844
6 845
6 846
6 847
!!node 481!!
6 848
6 849
6 850
6 851
6 852
6 853
6 854
6 855
!!node 482!!
6 856
6 857
6 858
6 859
6 860
6 861
6 862
6 863
!!node 483!!
6 864
6 865
6 866
6 867
6 868
6 869
6 870
6 871
!!node 484!!
6 872
6 873
6 874
6 875
6 876
6 877
6 878
6 879
!!node 485!!
6 880
6 881
6 882
6 883
6 884
6 885
6 886
6 887
!!node 486!!
6 888
6 889
6 890
6 891
6 892
6 893
6 894
6 895
!!node 487!!
6 896
6 897
6 898
6 899
6 900
6 901
6 902
6 903
!!node 488!!
6 904
6 905
6 906
6 907
6 908
6 909
6 910
6 911
!!node 489!!
6 912
6 913
6 914
6 915
6 916
6 917
6 918
6 919
!!node 490!!
6 920
6 921
6 922
6 923
6 924
6 925
6 926
6 927
!!node 491!!
6 928
6 929
6 930
6 931
6 932
6 933
6 934
6 935
!!node 492!!
6 936
6 937
6 938
6 939
6 940
6 941
6 942
6 943
!!node 493!!
6 944
6 945
6 946
6 947
6 948
6 949
6 950
6 951
!!node 494!!
6 952
6 953
6 954
6 955
6 956
6 957
6 958
6 959
!!node 495!!
6 960
6 961
6 962
6 963
6 964
6 965
6 966
6 967
!!node 496!!
6 968
6 969
6 970
6 971
6 972
6 973
6 974
6 975
!!node 497!!
6 976
6 977
6 978
6 979
6 980
6 981
6 982
6 983
!!node 498!!
6 984
6 985
6 986
6 987
6 988
6 989
6 990
6 991
!!node 499!!
6 992
6 993
6 994
6 995
6 996
6 997
6 998
6 999
!!node 500!!
7 0
7 1
7 2
7 3
7 4
7 5
7 6
7 7
!!node 501!!
7 8
7 9
7 10
7 11
7 12
7 13
7 14
7 15
!!node 502!!
7 16
7 17
7 18
7 19
7 20
7 21
7 22
7 23
!!node 503!!
7 24
7 25
7 26
7 27
7 28
7 29
7 30
7 31
!!node 504!!
7 32
7 33
7 34
7 35
7 36
7 37
7 38
7 39
!!node 505!!
7 40
7 41
7 42
7 43
7 44
7 45
7 46
7 47
!!node 506!!
7 48
7 49
7 50
7 51
7 52
7 53
7 54
7 55
!!node 507!!
7 56
7 57
7 58
7 59
7 60
7 61
7 62
7 63
!!node 508!!
7 64
7 65
7 66
7 67
7 68
7 69
7 70
7 71
!!node 509!!
7 72
7 73
7 74
7 75
7 76
7 77
7 78
7 79
!!node 510!!
7 80
7 81
7 82
7 83
7 84
7 85
7 86
7 87
!!node 511!!
7 88
7 89
7 90
7 91
7 92
7 93
7 94
7 95
!!node 512!!
7 96
7 97
7 98
7 99
7 100
7 101
7 102
7 103
!!node 513!!
7 104
7 105
7 106
7 107
7 108
7 109
7 110
7 111
!!node 514!!
7 112
7 113
7 114
7 115
7 116
7 117
7 118
7 119
!!node 515!!
7 120
7 121
7 122
7 123
7 124
7 125
7 126
7 127
!!node 516!!
7 128
7 129
7 130
7 131
7 132
7 133
7 134
7 135
!!node 517!!
7 136
7 137
7 138
7 139
7 140
7 141
7 142
7 143
!!node 518!!
7 144
7 145
7 146
7 147
7 148
7 149
7 150
7 151
!!node 519!!
7 152
7 153
7 154
7 155
7 156
7 157
7 158
7 159
!!node 520!!
7 160
7 161
7 162
7 163
7 164
7 165
7 166
7 167
!!node 521!!
7 168
7 169
7 170
7 171
7 172
7 173
7 174
7 175
!!node 522!!
7 176
7 177
7 178
7 179
7 180
7 181
7 182
7 183
!!node 523!!
7 184
7 185
7 186
7 187
7 188
7 189
7 190
7 191
!!node 524!!
7 192
7 193
7 194
7 195
7 196
7 197
7 198
7 199
!!node 525!!
7 200
7 201
7 202
7 203
7 204
7 205
7 206
7 207
!!node 526!!
7 208
7 209
7 210
7 211
7 212
7 213
7 214
7 215
!!node 527!!
7 216
7 217
7 218
7 219
7 220
7 221
7 222
7 223
!!node 528!!
7 224
7 225
7 226
7 227
7 228
7 229
7 230
7 231
!!node 529!!
7 232
7 233
7 234
7 235
7 236
7 237
7 238
7 239
!!node 530!!
7 240
7 241
7 242
7 243
7 244
7 245
7 246
7 247
!!node 531!!
7 248
7 249
7 250
7 251
7 252
7 253
7 254
7 255
!!node 532!!
7 256
7 257
7 258
7 259
7 260
7 261
7 262
7 263
!!node 533!!
7 264
7 265
7 266
7 267
7 268
7 269
7 270
7 271
!!node 534!!
7 272
7 273
7 274
7 275
7 276
7 277
7 278
7 279
!!node 535!!
7 280
7 281
7 282
7 283
7 284
7 285
7 286
7 287
!!node 536!!
7 288
7 289
7 290
7 291
7 292
7 293
7 294
7 295
!!node 537!!
7 296
7 297
7 298
7 299
7 300
7 301
7 302
7 303
!!node 538!!
7 304
7 305
7 306
7 307
7 308
7 309
7 310
7 311
!!node 539!!
7 312
7 313
7 314
7 315
7 316
7 317
7 318
7 319
!!node 540!!
7 320
7 321
7 322
7 323
7 324
7 325
7 326
7 327
!!node 541!!
7 328
7 329
7 330
7 331
7 332
7 333
7 334
7 335
!!node 542!!
7 336
7 337
7 338
7 339
7 340
7 341
7 342
7 343
!!node 543!!
7 344
7 345
7 346
7 347
7 348
7 349
7 350
7 351
!!node 544!!
7 352
7 353
7 354
7 355
7 356
7 357
7 358
7 359
!!node 545!!
7 360
7 361
7 362
7 363
7 364
7 365
7 366
7 367
!!node 546!!
7 368
7 369
7 370
7 371
7 372
7 373
7 374
7 375
!!node 547!!
7 376
7 377
7 378
7 379
7 380
7 381
7 382
7 383
!!node 548!!
7 384
7 385
7 386
7 387
7 388
7 389
7 390
7 391
!!node 549!!
7 392
7 393
7 394
7 395
7 396
7 397
7 398
7 399
!!node 550!!
7 400
7 401
7 402
7 403
7 404
7 405
7 406
7 407
!!node 551!!
7 408
7 409
7 410
7 411
7 412
7 413
7 414
7 415
!!node 552!!
7 416
7 417
7 418
7 419
7 420
7 421
7 422
7 423
!!node 553!!
7 424
7 425
7 426
7 427
7 428
7 429
7 430
7 431
!!node 554!!
7 432
7 433
7 434
7 435
7 436
7 437
7 438
7 439
!!node 555!!
7 440
7 441
7 442
7 443
7 444
7 445
7 446
7 447
!!node 556!!
7 448
7 449
7 450
7 451
7 452
7 453
7 454
7 455
!!node 557!!
7 456
7 457
7 458
7 459
7 460
7 461
7 462
7 463
!!node 558!!
7 464
7 465
7 466
7 467
7 468
7 469
7 470
7 471
!!node 559!!
7 472
7 473
7 474
7 475
7 476
7 477
7 478
7 479
!!node 560!!
7 480
7 481
7 482
7 483
7 484
7 485
7 486
7 487
!!node 561!!
7 488
7 489
7 490
7 491
7 492
7 493
7 494
7 495
!!node 562!!
7 496
7 497
7 498
7 499
7 500
7 501
7 502
7 503
!!node 563!!
7 504
7 505
7 506
7 507
7 508
7 509
7 510
7 511
!!node 564!!
7 512
7 513
7 514
7 515
7 516
7 517
7 518
7 519
!!node 565!!
7 520
7 521
7 522
7 523
7 524
7 525
7 526
7 527
!!node 566!!
7 528
7 529
7 530
7 531
7 532
7 533
7 534
7 535
!!node 567!!
7 536
7 537
7 538
7 539
7 540
7 541
7 542
7 543
!!node 568!!
7 544
7 545
7 546
7 547
7 548
7 549
7 550
7 551
!!node 569!!
7 552
7 553
7 554
7 555
7 556
7 557
7 558
7 559
!!node 570!!
7 560
7 561
7 562
7 563
7 564
7 565
7 566
7 567
!!node 571!!
7 568
7 569
7 570
7 571
7 572
7 573
7 574
7 575
!!node 572!!
7 576
7 577
7 578
7 579
7 580
7 581
7 582
7 583
!!node 573!!
7 584
7 585
7 586
7 587
7 588
7 589
7 590
7 591
!!node 574!!
7 592
7 593
7 594
7 595
7 596
7 597
7 598
7 599
!!node 575!!
7 600
7 601
7 602
7 603
7 604
7 605
7 606
7 607
!!node 576!!
7 608
7 609
7 610
7 611
7 612
7 613
7 614
7 615
!!node 577!!
7 616
7 617
7 618
7 619
7 620
7 621
7 622
7 623
!!node 578!!
7 624
7 625
7 626
7 627
7 628
7 629
7 630
7 631
!!node 579!!
7 632
7 633
7 634
7 635
7 636
7 637
7 638
7 639
!!node 580!!
7 640
7 641
7 642
7 643
7 644
7 645
7 646
7 647
!!node 581!!
7 648
7 649
7 650
7 651
7 652
7 653
7 654
7 655
!!node 582!!
7 656
7 657
7 658
7 659
7 660
7 661
7 662
7 663
!!node 583!!
7 664
7 665
7 666
7 667
7 668
7 669
7 670
7 671
!!node 584!!
7 672
7 673
7 674
7 675
7 676
7 677
7 678
7 679
!!node 585!!
7 680
7 681
7 682
7 683
7 684
7 685
7 686
7 687
!!node 586!!
7 688
7 689
7 690
7 691
7 692
7 693
7 694
7 695
!!node 587!!
7 696
7 697
7 698
7 699
7 700
7 701
7 702
7 703
!!node 588!!
7 704
7 705
7 706
7 707
7 708
7 709
7 710
7 711
!!node 589!!
7 712
7 713
7 714
7 715
7 716
7 717
7 718
7 719
!!node 590!!
7 720
7 721
7 722
7 723
7 724
7 725
7 726
7 727
!!node 591!!
7 728
7 729
7 730
7 731
7 732
7 733
7 734
7 735
!!node 592!!
7 736
7 737
7 738
7 739
7 740
7 741
7 742
7 743
!!node 593!!
7 744
7 745
7 746
7 747
7 748
7 749
7 750
7 751
!!node 594!!
7 752
7 753
7 754
7 755
7 756
7 757
7 758
7 759
!!node 595!!
7 760
7 761
7 762
7 763
7 764
7 765
7 766
7 767
!!node 596!!
7 768
7 769
7 770
7 771
7 772
7 773
7 774
7 775
!!node 597!!
7 776
7 777
7 778
7 779
7 780
7 781
7 782
7 783
!!node 598!!
7 784
7 785
7 786
7 787
7 788
7 789
7 790
7 791
!!node 599!!
7 792
7 793
7 794
7 795
7 796
7 797
7 798
7 799
!!node 600!!
7 800
7 801
7 802
7 803
7 804
7 805
7 806
7 807
!!node 601!!
7 808
7 809
7 810
7 811
7 812
7 813
7 814
7 815
!!node 602!!
7 816
7 817
7 818
7 819
7 820
7 821
7 822
7 823
!!node 603!!
7 824
7 825
7 826
7 827
7 828
7 829
7 830
7 831
!!node 604!!
7 832
7 833
7 834
7 835
7 836
7 837
7 838
7 839
!!node 605!!
7 840
7 841
7 842
7 843
7 844
7 845
7 846
7 847
!!node 606!!
7 848
7 849
7 850
7 851
7 852
7 853
7 854
7 855
!!node 607!!
7 856
7 857
7 858
7 859
7 860
7 861
7 862
7 863
!!node 608!!
7 864
7 865
7 866
7 867
7 868
7 869
7 870
7 871
!!node 609!!
7 872
7 873
7 874
7 875
7 876
7 877
7 878
7 879
!!node 610!!
7 880
7 881
7 882
7 883
7 884
7 885
7 886
7 887
!!node 611!!
7 888
7 889
7 890
7 891
7 892
7 893
7 894
7 895
!!node 612!!
7 896
7 897
7 898
7 899
7 900
7 901
7 902
7 903
!!node 613!!
7 904
7 905
7 906
7 907
7 908
7 909
7 910
7 911
!!node 614!!
7 912
7 913
7 914
7 915
7 916
7 917
7 918
7 919
!!node 615!!
7 920
7 921
7 922
7 923
7 924
7 925
7 926
7 927
!!node 616!!
7 928
7 929
7 930
7 931
7 932
7 933
7 934
7 935
!!node 617!!
7 936
7 937
7 938
7 939
7 940
7 941
7 942
7 943
!!node 618!!
7 944
7 945
7 946
7 947
7 948
7 949
7 950
7 951
!!node 619!!
7 952
7 953
7 954
7 955
7 956
7 957
7 958
7 959
!!node 620!!
7 960
7 961
7 962
7 963
7 964
7 965
7 966
7 967
!!node 621!!
7 968
7 969
7 970
7 971
7 972
7 973
7 974
7 975
!!node 622!!
7 976
7 977
7 978
7 979
7 980
7 981
7 982
7 983
!!node 623!!
7 984
7 985
7 986
7 987
7 988
7 989
7 990
7 991
!!node 624!!
7 992
7 993
7 994
7 995
7 996
7 997
7 998
7 999
!!node 625!!
8 0
8 1
8 2
8 3
8 4
8 5
8 6
8 7
!!node 626!!
8 8
8 9
8 10
8 11
8 12
8 13
8 14
8 15
!!node 627!!
8 16
8 17
8 18
8 19
8 20
8 21
8 22
8 23
!!node 628!!
8 24
8 25
8 26
8 27
8 28
8 29
8 30
8 31
!!node 629!!
8 32
8 33
8 34
8 35
8 36
8 37
8 38
8 39
!!node 630!!
8 40
8 41
8 42
8 43
8 44
8 45
8 46
8 47
!!node 631!!
8 48
8 49
8 50
8 51
8 52
8 53
8 54
8 55
!!node 632!!
8 56
8 57
8 58
8 59
8 60
8 61
8 62
8 63
!!node 633!!
8 64
8 65
8 66
8 67
8 68
8 69
8 70
8 71
!!node 634!!
8 72
8 73
8 74
8 75
8 76
8 77
8 78
8 79
!!node 635!!
8 80
8 81
8 82
8 83
8 84
8 85
8 86
8 87
!!node 636!!
8 88
8 89
8 90
8 91
8 92
8 93
8 94
8 95
!!node 637!!
8 96
8 97
8 98
8 99
8 100
8 101
8 102
8 103
!!node 638!!
8 104
8 105
8 106
8 107
8 108
8 109
8 110
8 111
!!node 639!!
8 112
8 113
8 114
8 115
8 116
8 117
8 118
8 119
!!node 640!!
8 120
8 121
8 122
8 123
8 124
8 125
8 126
8 127
!!node 641!!
8 128
8 129
8 130
8 131
8 132
8 133
8 134
8 135
!!node 642!!
8 136
8 137
8 138
8 139
8 140
8 141
8 142
8 143
!!node 643!!
8 144
8 145
8 146
8 147
8 148
8 149
8 150
8 151
!!node 644!!
8 152
8 153
8 154
8 155
8 156
8 157
8 158
8 159
!!node 645!!
8 160
8 161
8 162
8 163
8 164
8 165
8 166
8 167
!!node 646!!
8 168
8 169
8 170
8 171
8 172
8 173
8 174
8 175
!!node 647!!
8 176
8 177
8 178
8 179
8 180
8 181
8 182
8 183
!!node 648!!
8 184
8 185
8 186
8 187
8 188
8 189
8 190
8 191
!!node 649!!
8 192
8 193
8 194
8 195
8 196
8 197
8 198
8 199
!!node 650!!
8 200
8 201
8 202
8 203
8 204
8 205
8 206
8 207
!!node 651!!
8 208
8 209
8 210
8 211
8 212
8 213
8 214
8 215
!!node 652!!
8 216
8 217
8 218
8 219
8 220
8 221
8 222
8 223
!!node 653!!
8 224
8 225
8 226
8 227
8 228
8 229
8 230
8 231
!!node 654!!
8 232
8 233
8 234
8 235
8 236
8 237
8 238
8 239
!!node 655!!
8 240
8 241
8 242
8 243
8 244
8 245
8 246
8 247
!!node 656!!
8 248
8 249
8 250
8 251
8 252
8 253
8 254
8 255
!!node 657!!
8 256
8 257
8 258
8 259
8 260
8 261
8 262
8 263
!!node 658!!
8 264
8 265
8 266
8 267
8 268
8 269
8 270
8 271
!!node 659!!
8 272
8 273
8 274
8 275
8 276
8 277
8 278
8 279
!!node 660!!
8 280
8 281
8 282
8 283
8 284
8 285
8 286
8 287
!!node 661!!
8 288
8 289
8 290
8 291
8 292
8 293
8 294
8 295
!!node 662!!
8 296
8 297
8 298
8 299
8 300
8 301
8 302
8 303
!!node 663!!
8 304
8 305
8 306
8 307
8 308
8 309
8 310
8 311
!!node 664!!
8 312
8 313
8 314
8 315
8 316
8 317
8 318
8 319
!!node 665!!
8 320
8 321
8 322
8 323
8 324
8 325
8 326
8 327
!!node 666!!
8 328
8 329
8 330
8 331
8 332
8 333
8 334
8 335
!!node 667!!
8 336
8 337
8 338
8 339
8 340
8 341
8 342
8 343
!!node 668!!
8 344
8 345
8 346
8 347
8 348
8 349
8 350
8 351
!!node 669!!
8 352
8 353
8 354
8 355
8 356
8 357
8 358
8 359
!!node 670!!
8 360
8 361
8 362
8 363
8 364
8 365
8 366
8 367
!!node 671!!
8 368
8 369
8 370
8 371
8 372
8 373
8 374
8 375
!!node 672!!
8 376
8 377
8 378
8 379
8 380
8 381
8 382
8 383
!!node 673!!
8 384
8 385
8 386
8 387
8 388
8 389
8 390
8 391
!!node 674!!
8 392
8 393
8 394
8 395
8 396
8 397
8 398
8 399
!!node 675!!
8 400
8 401
8 402
8 403
8 404
8 405
8 406
8 407
!!node 676!!
8 408
8 409
8 410
8 411
8 412
8 413
8 414
8 415
!!node 677!!
8 416
8 417
8 418
8 419
8 420
8 421
8 422
8 423
!!node 678!!
8 424
8 425
8 426
8 427
8 428
8 429
8 430
8 431
!!node 679!!
8 432
8 433
8 434
8 435
8 436
8 437
8 438
8 439
!!node 680!!
8 440
8 441
8 442
8 443
8 444
8 445
8 446
8 447
!!node 681!!
8 448
8 449
8 450
8 451
8 452
8 453
8 454
8 455
!!node 682!!
8 456
8 457
8 458
8 459
8 460
8 461
8 462
8 463
!!node 683!!
8 464
8 465
8 466
8 467
8 468
8 469
8 470
8 471
!!node 684!!
8 472
8 473
8 474
8 475
8 476
8 477
8 478
8 479
!!node 685!!
8 480
8 481
8 482
8 483
8 484
8 485
8 486
8 487
!!node 686!!
8 488
8 489
8 490
8 491
8 492
8 493
8 494
8 495
!!node 687!!
8 496
8 497
8 498
8 499
8 500
8 501
8 502
8 503
!!node 688!!
8 504
8 505
8 506
8 507
8 508
8 509
8 510
8 511
!!node 689!!
8 512
8 513
8 514
8 515
8 516
8 517
8 518
8 519
!!node 690!!
8 520
8 521
8 522
8 523
8 524
8 525
8 526
8 527
!!node 691!!
8 528
8 529
8 530
8 531
8 532
8 533
8 534
8 535
!!node 692!!
8 536
8 537
8 538
8 539
8 540
8 541
8 542
8 543
!!node 693!!
8 544
8 545
8 546
8 547
8 548
8 549
8 550
8 551
!!node 694!!
8 552
8 553
8 554
8 555
8 556
8 557
8 558
8 559
!!node 695!!
8 560
8 561
8 562
8 563
8 564
8 565
8 566
8 567
!!node 696!!
8 568
8 569
8 570
8 571
8 572
8 573
8 574
8 575
!!node 697!!
8 576
8 577
8 578
8 579
8 580
8 581
8 582
8 583
!!node 698!!
8 584
8 585
8 586
8 587
8 588
8 589
8 590
8 591
!!node 699!!
8 592
8 593
8 594
8 595
8 596
8 597
8 598
8 599
!!node 700!!
8 600
8 601
8 602
8 603
8 604
8 605
8 606
8 607
!!node 701!!
8 608
8 609
8 610
8 611
8 612
8 613
8 614
8 615
!!node 702!!
8 616
8 617
8 618
8 619
8 620
8 621
8 622
8 623
!!node 703!!
8 624
8 625
8 626
8 627
8 628
8 629
8 630
8 631
!!node 704!!
8 632
8 633
8 634
8 635
8 636
8 637
8 638
8 639
!!node 705!!
8 640
8 641
8 642
8 643
8 644
8 645
8 646
8 647
!!node 706!!
8 648
8 649
8 650
8 651
8 652
8 653
8 654
8 655
!!node 707!!
8 656
8 657
8 658
8 659
8 660
8 661
8 662
8 663
!!node 708!!
8 664
8 665
8 666
8 667
8 668
8 669
8 670
8 671
!!node 709!!
8 672
8 673
8 674
8 675
8 676
8 677
8 678
8 679
!!node 710!!
8 680
8 681
8 682
8 683
8 684
8 685
8 686
8 687
!!node 711!!
8 688
8 689
8 690
8 691
8 692
8 693
8 694
8 695
!!node 712!!
8 696
8 697
8 698
8 699
8 700
8 701
8 702
8 703
!!node 713!!
8 704
8 705
8 706
8 707
8 708
8 709
8 710
8 711
!!node 714!!
8 712
8 713
8 714
8 715
8 716
8 717
8 718
8 719
!!node 715!!
8 720
8 721
8 722
8 723
8 724
8 725
8 726
8 727
!!node 716!!
8 728
8 729
8 730
8 731
8 732
8 733
8 734
8 735
!!node 717!!
8 736
8 737
8 738
8 739
8 740
8 741
8 742
8 743
!!node 718!!
8 744
8 745
8 746
8 747
8 748
8 749
8 750
8 751
!!node 719!!
8 752
8 753
8 754
8 755
8 756
8 757
8 758
8 759
!!node 720!!
8 760
8 761
8 762
8 763
8 764
8 765
8 766
8 767
!!node 721!!
8 768
8 769
8 770
8 771
8 772
8 773
8 774
8 775
!!node 722!!
8 776
8 777
8 778
8 779
8 780
8 781
8 782
8 783
!!node 723!!
8 784
8 785
8 786
8 787
8 788
8 789
8 790
8 791
!!node 724!!
8 792
8 793
8 794
8 795
8 796
8 797
8 798
8 799
!!node 725!!
8 800
8 801
8 802
8 803
8 804
8 805
8 806
8 807
!!node 726!!
8 808
8 809
8 810
8 811
8 812
8 813
8 814
8 815
!!node 727!!
8 816
8 817
8 818
8 819
8 820
8 821
8 822
8 823
!!node 728!!
8 824
8 825
8 826
8 827
8 828
8 829
8 830
8 831
!!node 729!!
8 832
8 833
8 834
8 835
8 836
8 837
8 838
8 839
!!node 730!!
8 840
8 841
8 842
8 843
8 844
8 845
8 846
8 847
!!node 731!!
8 848
8 849
8 850
8 851
8 852
8 853
8 854
8 855
!!node 732!!
8 856
8 857
8 858
8 859
8 860
8 861
8 862
8 863
!!node 733!!
8 864
8 865
8 866
8 867
8 868
8 869
8 870
8 871
!!node 734!!
8 872
8 873
8 874
8 875
8 876
8 877
8 878
8 879
!!node 735!!
8 880
8 881
8 882
8 883
8 884
8 885
8 886
8 887
!!node 736!!
8 888
8 889
8 890
8 891
8 892
8 893
8 894
8 895
!!node 737!!
8 896
8 897
8 898
8 899
8 900
8 901
8 902
8 903
!!node 738!!
8 904
8 905
8 906
8 907
8 908
8 909
8 910
8 911
!!node 739!!
8 912
8 913
8 914
8 915
8 916
8 917
8 918
8 919
!!node 740!!
8 920
8 921
8 922
8 923
8 924
8 925
8 926
8 927
!!node 741!!
8 928
8 929
8 930
8 931
8 932
8 933
8 934
8 935
!!node 742!!
8 936
8 937
8 938
8 939
8 940
8 941
8 942
8 943
!!node 743!!
8 944
8 945
8 946
8 947
8 948
8 949
8 950
8 951
!!node 744!!
8 952
8 953
8 954
8 955
8 956
8 957
8 958
8 959
!!node 745!!
8 960
8 961
8 962
8 963
8 964
8 965
8 966
8 967
!!node 746!!
8 968
8 969
8 970
8 971
8 972
8 973
8 974
8 975
!!node 747!!
8 976
8 977
8 978
8 979
8 980
8 981
8 982
8 983
!!node 748!!
8 984
8 985
8 986
8 987
8 988
8 989
8 990
8 991
!!node 749!!
8 992
8 993
8 994
8 995
8 996
8 997
8 998
8 999
!!node 750!!
9 0
9 1
9 2
9 3
9 4
9 5
9 6
9 7
!!node 751!!
9 8
9 9
9 10
9 11
9 12
9 13
9 14
9 15
!!node 752!!
9 16
9 17
9 18
9 19
9 20
9 21
9 22
9 23
!!node 753!!
9 24
9 25
9 26
9 27
9 28
9 29
9 30
9 31
!!node 754!!
9 32
9 33
9 34
9 35
9 36
9 37
9 38
9 39
!!node 755!!
9 40
9 41
9 42
9 43
9 44
9 45
9 46
9 47
!!node 756!!
9 48
9 49
9 50
9 51
9 52
9 53
9 54
9 55
!!node 757!!
9 56
9 57
9 58
9 59
9 60
9 61
9 62
9 63
!!node 758!!
9 64
9 65
9 66
9 67
9 68
9 69
9 70
9 71
!!node 759!!
9 72
9 73
9 74
9 75
9 76
9 77
9 78
9 79
!!node 760!!
9 80
9 81
9 82
9 83
9 84
9 85
9 86
9 87
!!node 761!!
9 88
9 89
9 90
9 91
9 92
9 93
9 94
9 95
!!node 762!!
9 96
9 97
9 98
9 99
9 100
9 101
9 102
9 103
!!node 763!!
9 104
9 105
9 106
9 107
9 108
9 109
9 110
9 111
!!node 764!!
9 112
9 113
9 114
9 115
9 116
9 117
9 118
9 119
!!node 765!!
9 120
9 121
9 122
9 123
9 124
9 125
9 126
9 127
!!node 766!!
9 128
9 129
9 130
9 131
9 132
9 133
9 134
9 135
!!node 767!!
9 136
9 137
9 138
9 139
9 140
9 141
9 142
9 143
!!node 768!!
9 144
9 145
9 146
9 147
9 148
9 149
9 150
9 151
!!node 769!!
9 152
9 153
9 154
9 155
9 156
9 157
9 158
9 159
!!node 770!!
9 160
9 161
9 162
9 163
9 164
9 165
9 166
9 167
!!node 771!!
9 168
9 169
9 170
9 171
9 172
9 173
9 174
9 175
!!node 772!!
9 176
9 177
9 178
9 179
9 180
9 181
9 182
9 183
!!node 773!!
9 184
9 185
9 186
9 187
9 188
9 189
9 190
9 191
!!node 774!!
9 192
9 193
9 194
9 195
9 196
9 197
9 198
9 199
!!node 775!!
9 200
9 201
9 202
9 203
9 204
9 205
9 206
9 207
!!node 776!!
9 208
9 209
9 210
9 211
9 212
9 213
9 214
9 215
!!node 777!!
9 216
9 217
9 218
9 219
9 220
9 221
9 222
9 223
!!node 778!!
9 224
9 225
9 226
9 227
9 228
9 229
9 230
9 231
!!node 779!!
9 232
9 233
9 234
9 235
9 236
9 237
9 238
9 239
!!node 780!!
9 240
9 241
9 242
9 243
9 244
9 245
9 246
9 247
!!node 781!!
9 248
9 249
9 250
9 251
9 252
9 253
9 254
9 255
!!node 782!!
9 256
9 257
9 258
9 259
9 260
9 261
9 262
9 263
!!node 783!!
9 264
9 265
9 266
9 267
9 268
9 269
9 270
9 271
!!node 784!!
9 272
9 273
9 274
9 275
9 276
9 277
9 278
9 279
!!node 785!!
9 280
9 281
9 282
9 283
9 284
9 285
9 286
9 287
!!node 786!!
9 288
9 289
9 290
9 291
9 292
9 293
9 294
9 295
!!node 787!!
9 296
9 297
9 298
9 299
9 300
9 301
9 302
9 303
!!node 788!!
9 304
9 305
9 306
9 307
9 308
9 309
9 310
9 311
!!node 789!!
9 312
9 313
9 314
9 315
9 316
9 317
9 318
9 319
!!node 790!!
9 320
9 321
9 322
9 323
9 324
9 325
9 326
9 327
!!node 791!!
9 328
9 329
9 330
9 331
9 332
9 333
9 334
9 335
!!node 792!!
9 336
9 337
9 338
9 339
9 340
9 341
9 342
9 343
!!node 793!!
9 344
9 345
9 346
9 347
9 348
9 349
9 350
9 351
!!node 794!!
9 352
9 353
9 354
9 355
9 356
9 357
9 358
9 359
!!node 795!!
9 360
9 361
9 362
9 363
9 364
9 365
9 366
9 367
!!node 796!!
9 368
9 369
9 370
9 371
9 372
9 373
9 374
9 375
!!node 797!!
9 376
9 377
9 378
9 379
9 380
9 381
9 382
9 383
!!node 798!!
9 384
9 385
9 386
9 387
9 388
9 389
9 390
9 391
!!node 799!!
9 392
9 393
9 394
9 395
9 396
9 397
9 398
9 399
!!node 800!!
9 400
9 401
9 402
9 403
9 404
9 405
9 406
9 407
!!node 801!!
9 408
9 409
9 410
9 411
9 412
9 413
9 414
9 415
!!node 802!!
9 416
9 417
9 418
9 419
9 420
9 421
9 422
9 423
!!node 803!!
9 424
9 425
9 426
9 427
9 428
9 429
9 430
9 431
!!node 804!!
9 432
9 433
9 434
9 435
9 436
9 437
9 438
9 439
!!node 805!!
9 440
9 441
9 442
9 443
9 444
9 445
9 446
9 447
!!node 806!!
9 448
9 449
9 450
9 451
9 452
9 453
9 454
9 455
!!node 807!!
9 456
9 457
9 458
9 459
9 460
9 461
9 462
9 463
!!node 808!!
9 464
9 465
9 466
9 467
9 468
9 469
9 470
9 471
!!node 809!!
9 472
9 473
9 474
9 475
9 476
9 477
9 478
9 479
!!node 810!!
9 480
9 481
9 482
9 483
9 484
9 485
9 486
9 487
!!node 811!!
9 488
9 489
9 490
9 491
9 492
9 493
9 494
9 495
!!node 812!!
9 496
9 497
9 498
9 499
9 500
9 501
9 502
9 503
!!node 813!!
9 504
9 505
9 506
9 507
9 508
9 509
9 510
9 511
!!node 814!!
9 512
9 513
9 514
9 515
9 516
9 517
9 518
9 519
!!node 815!!
9 520
9 521
9 522
9 523
9 524
9 525
9 526
9 527
!!node 816!!
9 528
9 529
9 530
9 531
9 532
9 533
9 534
9 535
!!node 817!!
9 536
9 537
9 538
9 539
9 540
9 541
9 542
9 543
!!node 818!!
9 544
9 545
9 546
9 547
9 548
9 549
9 550
9 551
!!node 819!!
9 552
9 553
9 554
9 555
9 556
9 557
9 558
9 559
!!node 820!!
9 560
9 561
9 562
9 563
9 564
9 565
9 566
9 567
!!node 821!!
9 568
9 569
9 570
9 571
9 572
9 573
9 574
9 575
!!node 822!!
9 576
9 577
9 578
9 579
9 580
9 581
9 582
9 583
!!node 823!!
9 584
9 585
9 586
9 587
9 588
9 589
9 590
9 591
!!node 824!!
9 592
9 593
9 594
9 595
9 596
9 597
9 598
9 599
!!node 825!!
9 600
9 601
9 602
9 603
9 604
9 605
9 606
9 607
!!node 826!!
9 608
9 609
9 610
9 611
9 612
9 613
9 614
9 615
!!node 827!!
9 616
9 617
9 618
9 619
9 620
9 621
9 622
9 623
!!node 828!!
9 624
9 625
9 626
9 627
9 628
9 629
9 630
9 631
!!node 829!!
9 632
9 633
9 634
9 635
9 636
9 637
9 638
9 639
!!node 830!!
9 640
9 641
9 642
9 643
9 644
9 645
9 646
9 647
!!node 831!!
9 648
9 649
9 650
9 651
9 652
9 653
9 654
9 655
!!node 832!!
9 656
9 657
9 658
9 659
9 660
9 661
9 662
9 663
!!node 833!!
9 664
9 665
9 666
9 667
9 668
9 669
9 670
9 671
!!node 834!!
9 672
9 673
9 674
9 675
9 676
9 677
9 678
9 679
!!node 835!!
9 680
9 681
9 682
9 683
9 684
9 685
9 686
9 687
!!node 836!!
9 688
9 689
9 690
9 691
9 692
9 693
9 694
9 695
!!node 837!!
9 696
9 697
9 698
9 699
9 700
9 701
9 702
9 703
!!node 838!!
9 704
9 705
9 706
9 707
9 708
9 709
9 710
9 711
!!node 839!!
9 712
9 713
9 714
9 715
9 716
9 717
9 718
9 719
!!node 840!!
9 720
9 721
9 722
9 723
9 724
9 725
9 726
9 727
!!node 841!!
9 728
9 729
9 730
9 731
9 732
9 733
9 734
9 735
!!node 842!!
9 736
9 737
9 738
9 739
9 740
9 741
9 742
9 743
!!node 843!!
9 744
9 745
9 746
9 747
9 748
9 749
9 750
9 751
!!node 844!!
9 752
9 753
9 754
9 755
9 756
9 757
9 758
9 759
!!node 845!!
9 760
9 761
9 762
9 763
9 764
9 765
9 766
9 767
!!node 846!!
9 768
9 769
9 770
9 771
9 772
9 773
9 774
9 775
!!node 847!!
9 776
9 777
9 778
9 779
9 780
9 781
9 782
9 783
!!node 848!!
9 784
9 785
9 786
9 787
9 788
9 789
9 790
9 791
!!node 849!!
9 792
9 793
9 794
9 795
9 796
9 797
9 798
9 799
!!node 850!!
9 800
9 801
9 802
9 803
9 804
9 805
9 806
9 807
!!node 851!!
9 808
9 809
9 810
9 811
9 812
9 813
9 814
9 815
!!node 852!!
9 816
9 817
9 818
9 819
9 820
9 821
9 822
9 823
!!node 853!!
9 824
9 825
9 826
9 827
9 828
9 829
9 830
9 831
!!node 854!!
9 832
9 833
9 834
9 835
9 836
9 837
9 838
9 839
!!node 855!!
9 840
9 841
9 842
9 843
9 844
9 845
9 846
9 847
!!node 856!!
9 848
9 849
9 850
9 851
9 852
9 853
9 854
9 855
!!node 857!!
9 856
9 857
9 858
9 859
9 860
9 861
9 862
9 863
!!node 858!!
9 864
9 865
9 866
9 867
9 868
9 869
9 870
9 871
!!node 859!!
9 872
9 873
9 874
9 875
9 876
9 877
9 878
9 879
!!node 860!!
9 880
9 881
9 882
9 883
9 884
9 885
9 886
9 887
!!node 861!!
9 888
9 889
9 890
9 891
9 892
9 893
9 894
9 895
!!node 862!!
9 896
9 897
9 898
9 899
9 900
9 901
9 902
9 903
!!node 863!!
9 904
9 905
9 906
9 907
9 908
9 909
9 910
9 911
!!node 864!!
9 912
9 913
9 914
9 915
9 916
9 917
9 918
9 919
!!node 865!!
9 920
9 921
9 922
9 923
9 924
9 925
9 926
9 927
!!node 866!!
9 928
9 929
9 930
9 931
9 932
9 933
9 934
9 935
!!node 867!!
9 936
9 937
9 938
9 939
9 940
9 941
9 942
9 943
!!node 868!!
9 944
9 945
9 946
9 947
9 948
9 949
9 950
9 951
!!node 869!!
9 952
9 953
9 954
9 955
9 956
9 957
9 958
9 959
!!node 870!!
9 960
9 961
9 962
9 963
9 964
9 965
9 966
9 967
!!node 871!!
9 968
9 969
9 970
9 971
9 972
9 973
9 974
9 975
!!node 872!!
9 976
9 977
9 978
9 979
9 980
9 981
9 982
9 983
!!node 873!!
9 984
9 985
9 986
9 987
9 988
9 989
9 990
9 991
!!node 874!!
9 992
9 993
9 994
9 995
9 996
9 997
9 998
9 999
!!node 875!!
10 0
10 1
10 2
10 3
10 4
10 5
10 6
10 7
!!node 876!!
10 8
10 9
10 10
10 11
10 12
10 13
10 14
10 15
!!node 877!!
10 16
10 17
10 18
10 19
10 20
10 21
10 22
10 23
!!node 878!!
10 24
10 25
10 26
10 27
10 28
10 29
10 30
10 31
!!node 879!!
10 32
10 33
10 34
10 35
10 36
10 37
10 38
10 39
!!node 880!!
10 40
10 41
10 42
10 43
10 44
10 45
10 46
10 47
!!node 881!!
10 48
10 49
10 50
10 51
10 52
10 53
10 54
10 55
!!node 882!!
10 56
10 57
10 58
10 59
10 60
10 61
10 62
10 63
!!node 883!!
10 64
10 65
10 66
10 67
10 68
10 69
10 70
10 71
!!node 884!!
10 72
10 73
10 74
10 75
10 76
10 77
10 78
10 79
!!node 885!!
10 80
10 81
10 82
10 83
10 84
10 85
10 86
10 87
!!node 886!!
10 88
10 89
10 90
10 91
10 92
10 93
10 94
10 95
!!node 887!!
10 96
10 97
10 98
10 99
10 100
10 101
10 102
10 103
!!node 888!!
10 104
10 105
10 106
10 107
10 108
10 109
10 110
10 111
!!node 889!!
10 112
10 113
10 114
10 115
10 116
10 117
10 118
10 119
!!node 890!!
10 120
10 121
10 122
10 123
10 124
10 125
10 126
10 127
!!node 891!!
10 128
10 129
10 130
10 131
10 132
10 133
10 134
10 135
!!node 892!!
10 136
10 137
10 138
10 139
10 140
10 141
10 142
10 143
!!node 893!!
10 144
10 145
10 146
10 147
10 148
10 149
10 150
10 151
!!node 894!!
10 152
10 153
10 154
10 155
10 156
10 157
10 158
10 159
!!node 895!!
10 160
10 161
10 162
10 163
10 164
10 165
10 166
10 167
!!node 896!!
10 168
10 169
10 170
10 171
10 172
10 173
10 174
10 175
!!node 897!!
10 176
10 177
10 178
10 179
10 180
10 181
10 182
10 183
!!node 898!!
10 184
10 185
10 186
10 187
10 188
10 189
10 190
10 191
!!node 899!!
10 192
10 193
10 194
10 195
10 196
10 197
10 198
10 199
!!node 900!!
10 200
10 201
10 202
10 203
10 204
10 205
10 206
10 207
!!node 901!!
10 208
10 209
10 210
10 211
10 212
10 213
10 214
10 215
!!node 902!!
10 216
10 217
10 218
10 219
10 220
10 221
10 222
10 223
!!node 903!!
10 224
10 225
10 226
10 227
10 228
10 229
10 230
10 231
!!node 904!!
10 232
10 233
10 234
10 235
10 236
10 237
10 238
10 239
!!node 905!!
10 240
10 241
10 242
10 243
10 244
10 245
10 246
10 247
!!node 906!!
10 248
10 249
10 250
10 251
10 252
10 253
10 254
10 255
!!node 907!!
10 256
10 257
10 258
10 259
10 260
10 261
10 262
10 263
!!node 908!!
10 264
10 265
10 266
10 267
10 268
10 269
10 270
10 271
!!node 909!!
10 272
10 273
10 274
10 275
10 276
10 277
10 278
10 279
!!node 910!!
10 280
10 281
10 282
10 283
10 284
10 285
10 286
10 287
!!node 911!!
10 288
10 289
10 290
10 291
10 292
10 293
10 294
10 295
!!node 912!!
10 296
10 297
10 298
10 299
10 300
10 301
10 302
10 303
!!node 913!!
10 304
10 305
10 306
10 307
10 308
10 309
10 310
10 311
!!node 914!!
10 312
10 313
10 314
10 315
10 316
10 317
10 318
10 319
!!node 915!!
10 320
10 321
10 322
10 323
10 324
10 325
10 326
10 327
!!node 916!!
10 328
10 329
10 330
10 331
10 332
10 333
10 334
10 335
!!node 917!!
10 336
10 337
10 338
10 339
10 340
10 341
10 342
10 343
!!node 918!!
10 344
10 345
10 346
10 347
10 348
10 349
10 350
10 351
!!node 919!!
10 352
10 353
10 354
10 355
10 356
10 357
10 358
10 359
!!node 920!!
10 360
10 361
10 362
10 363
10 364
10 365
10 366
10 367
!!node 921!!
10 368
10 369
10 370
10 371
10 372
10 373
10 374
10 375
!!node 922!!
10 376
10 377
10 378
10 379
10 380
10 381
10 382
10 383
!!node 923!!
10 384
10 385
10 386
10 387
10 388
10 389
10 390
10 391
!!node 924!!
10 392
10 393
10 394
10 395
10 396
10 397
10 398
10 399
!!node 925!!
10 400
10 401
10 402
10 403
10 404
10 405
10 406
10 407
!!node 926!!
10 408
10 409
10 410
10 411
10 412
10 413
10 414
10 415
!!node 927!!
10 416
10 417
10 418
10 419
10 420
10 421
10 422
10 423
!!node 928!!
10 424
10 425
10 426
10 427
10 428
10 429
10 430
10 431
!!node 929!!
10 432
10 433
10 434
10 435
10 436
10 437
10 438
10 439
!!node 930!!
10 440
10 441
10 442
10 443
10 444
10 445
10 446
10 447
!!node 931!!
10 448
10 449
10 450
10 451
10 452
10 453
10 454
10 455
!!node 932!!
10 456
10 457
10 458
10 459
10 460
10 461
10 462
10 463
!!node 933!!
10 464
10 465
10 466
10 467
10 468
10 469
10 470
10 471
!!node 934!!
10 472
10 473
10 474
10 475
10 476
10 477
10 478
10 479
!!node 935!!
10 480
10 481
10 482
10 483
10 484
10 485
10 486
10 487
!!node 936!!
10 488
10 489
10 490
10 491
10 492
10 493
10 494
10 495
!!node 937!!
10 496
10 497
10 498
10 499
10 500
10 501
10 502
10 503
!!node 938!!
10 504
10 505
10 506
10 507
10 508
10 509
10 510
10 511
!!node 939!!
10 512
10 513
10 514
10 515
10 516
10 517
10 518
10 519
!!node 940!!
10 520
10 521
10 522
10 523
10 524
10 525
10 526
10 527
!!node 941!!
10 528
10 529
10 530
10 531
10 532
10 533
10 534
10 535
!!node 942!!
10 536
10 537
10 538
10 539
10 540
10 541
10 542
10 543
!!node 943!!
10 544
10 545
10 546
10 547
10 548
10 549
10 550
10 551
!!node 944!!
10 552
10 553
10 554
10 555
10 556
10 557
10 558
10 559
!!node 945!!
10 560
10 561
10 562
10 563
10 564
10 565
10 566
10 567
!!node 946!!
10 568
10 569
10 570
10 571
10 572
10 573
10 574
10 575
!!node 947!!
10 576
10 577
10 578
10 579
10 580
10 581
10 582
10 583
!!node 948!!
10 584
10 585
10 586
10 587
10 588
10 589
10 590
10 591
!!node 949!!
10 592
10 593
10 594
10 595
10 596
10 597
10 598
10 599
!!node 950!!
10 600
10 601
10 602
10 603
10 604
10 605
10 606
10 607
!!node 951!!
10 608
10 609
10 610
10 611
10 612
10 613
10 614
10 615
!!node 952!!
10 616
10 617
10 618
10 619
10 620
10 621
10 622
10 623
!!node 953!!
10 624
10 625
10 626
10 627
10 628
10 629
10 630
10 631
!!node 954!!
10 632
10 633
10 634
10 635
10 636
10 637
10 638
10 639
!!node 955!!
10 640
10 641
10 642
10 643
10 644
10 645
10 646
10 647
!!node 956!!
10 648
10 649
10 650
10 651
10 652
10 653
10 654
10 655
!!node 957!!
10 656
10 657
10 658
10 659
10 660
10 661
10 662
10 663
!!node 958!!
10 664
10 665
10 666
10 667
10 668
10 669
10 670
10 671
!!node 959!!
10 672
10 673
10 674
10 675
10 676
10 677
10 678
10 679
!!node 960!!
10 680
10 681
10 682
10 683
10 684
10 685
10 686
10 687
!!node 961!!
10 688
10 689
10 690
10 691
10 692
10 693
10 694
10 695
!!node 962!!
10 696
10 697
10 698
10 699
10 700
10 701
10 702
10 703
!!node 963!!
10 704
10 705
10 706
10 707
10 708
10 709
10 710
10 711
!!node 964!!
10 712
10 713
10 714
10 715
10 716
10 717
10 718
10 719
!!node 965!!
10 720
10 721
10 722
10 723
10 724
10 725
10 726
10 727
!!node 966!!
10 728
10 729
10 730
10 731
10 732
10 733
10 734
10 735
!!node 967!!
10 736
10 737
10 738
10 739
10 740
10 741
10 742
10 743
!!node 968!!
10 744
10 745
10 746
10 747
10 748
10 749
10 750
10 751
!!node 969!!
10 752
10 753
10 754
10 755
10 756
10 757
10 758
10 759
!!node 970!!
10 760
10 761
10 762
10 763
10 764
10 765
10 766
10 767
!!node 971!!
10 768
10 769
10 770
10 771
10 772
10 773
10 774
10 775
!!node 972!!
10 776
10 777
10 778
10 779
10 780
10 781
10 782
10 783
!!node 973!!
10 784
10 785
10 786
10 787
10 788
10 789
10 790
10 791
!!node 974!!
10 792
10 793
10 794
10 795
10 796
10 797
10 798
10 799
!!node 975!!
10 800
10 801
10 802
10 803
10 804
10 805
10 806
10 807
!!node 976!!
10 808
10 809
10 810
10 811
10 812
10 813
10 814
10 815
!!node 977!!
10 816
10 817
10 818
10 819
10 820
10 821
10 822
10 823
!!node 978!!
10 824
10 825
10 826
10 827
10 828
10 829
10 830
10 831
!!node 979!!
10 832
10 833
10 834
10 835
10 836
10 837
10 838
10 839
!!node 980!!
10 840
10 841
10 842
10 843
10 844
10 845
10 846
10 847
!!node 981!!
10 848
10 849
10 850
10 851
10 852
10 853
10 854
10 855
!!node 982!!
10 856
10 857
10 858
10 859
10 860
10 861
10 862
10 863
!!node 983!!
10 864
10 865
10 866
10 867
10 868
10 869
10 870
10 871
!!node 984!!
10 872
10 873
10 874
10 875
10 876
10 877
10 878
10 879
!!node 985!!
10 880
10 881
10 882
10 883
10 884
10 885
10 886
10 887
!!node 986!!
10 888
10 889
10 890
10 891
10 892
10 893
10 894
10 895
!!node 987!!
10 896
10 897
10 898
10 899
10 900
10 901
10 902
10 903
!!node 988!!
10 904
10 905
10 906
10 907
10 908
10 909
10 910
10 911
!!node 989!!
10 912
10 913
10 914
10 915
10 916
10 917
10 918
10 919
!!node 990!!
10 920
10 921
10 922
10 923
10 924
10 925
10 926
10 927
!!node 991!!
10 928
10 929
10 930
10 931
10 932
10 933
10 934
10 935
!!node 992!!
10 936
10 937
10 938
10 939
10 940
10 941
10 942
10 943
!!node 993!!
10 944
10 945
10 946
10 947
10 948
10 949
10 950
10 951
!!node 994!!
10 952
10 953
10 954
10 955
10 956
10 957
10 958
10 959
!!node 995!!
10 960
10 961
10 962
10 963
10 964
10 965
10 966
10 967
!!node 996!!
10 968
10 969
10 970
10 971
10 972
10 973
10 974
10 975
!!node 997!!
10 976
10 977
10 978
10 979
10 980
10 981
10 982
10 983
!!node 998!!
10 984
10 985
10 986
10 987
10 988
10 989
10 990
10 991
!!node 999!!
10 992
10 993
10 994
10 995
10 996
10 997
10 998
10 999
