!!node 0!!
6.5 2 0.5 0
6.5 2 0.5 1
6.5 2 0.5 2
6.5 2 0.5 3
6.5 2 0.5 4
6.5 2 0.5 5
6.5 2 0.5 6
6.5 2 0.5 7
6.5 2 0.5 8
6.5 2 0.5 9
6.5 2 0.5 10
6.5 2 0.5 11
!!node 1!!
6.5 2 0.5 12
6.5 2 0.5 13
6.5 2 0.5 14
6.5 2 0.5 15
6.5 2 0.5 16
6.5 2 0.5 17
6.5 2 0.5 18
6.5 2 0.5 19
6.5 2 0.5 20
6.5 2 0.5 21
6.5 2 0.5 22
6.5 2 0.5 23
!!node 2!!
6.5 2 0.5 24
6.5 2 0.5 25
6.5 2 0.5 26
6.5 2 0.5 27
6.5 2 0.5 28
6.5 2 0.5 29
6.5 2 0.5 30
6.5 2 0.5 31
6.5 2 0.5 32
6.5 2 0.5 33
6.5 2 0.5 34
6.5 2 0.5 35
!!node 3!!
6.5 2 0.5 36
6.5 2 0.5 37
6.5 2 0.5 38
6.5 2 0.5 39
6.5 2 0.5 40
6.5 2 0.5 41
6.5 2 0.5 42
6.5 2 0.5 43
6.5 2 0.5 44
6.5 2 0.5 45
6.5 2 0.5 46
6.5 2 0.5 47
!!node 4!!
6.5 2 0.5 48
6.5 2 0.5 49
6.5 2 0.5 50
6.5 2 0.5 51
6.5 2 0.5 52
6.5 2 0.5 53
6.5 2 0.5 54
6.5 2 0.5 55
6.5 2 0.5 56
6.5 2 0.5 57
6.5 2 0.5 58
6.5 2 0.5 59
!!node 5!!
6.5 2 0.5 60
6.5 2 0.5 61
6.5 2 0.5 62
6.5 2 0.5 63
6.5 2 0.5 64
6.5 2 0.5 65
6.5 2 0.5 66
6.5 2 0.5 67
6.5 2 0.5 68
6.5 2 0.5 69
6.5 2 0.5 70
6.5 2 0.5 71
!!node 6!!
6.5 2 0.5 72
6.5 2 0.5 73
6.5 2 0.5 74
6.5 2 0.5 75
6.5 2 0.5 76
6.5 2 0.5 77
6.5 2 0.5 78
6.5 2 0.5 79
6.5 2 0.5 80
6.5 2 0.5 81
6.5 2 0.5 82
6.5 2 0.5 83
!!node 7!!
6.5 2 0.5 84
6.5 2 0.5 85
6.5 2 0.5 86
6.5 2 0.5 87
6.5 2 0.5 88
6.5 2 0.5 89
6.5 2 0.5 90
6.5 2 0.5 91
6.5 2 0.5 92
6.5 2 0.5 93
6.5 2 0.5 94
6.5 2 0.5 95
!!node 8!!
6.5 2 0.5 96
6.5 2 0.5 97
6.5 2 0.5 98
6.5 2 0.5 99
7 2 0.5 0
7 2 0.5 1
7 2 0.5 2
7 2 0.5 3
7 2 0.5 4
7 2 0.5 5
7 2 0.5 6
7 2 0.5 7
!!node 9!!
7 2 0.5 8
7 2 0.5 9
7 2 0.5 10
7 2 0.5 11
7 2 0.5 12
7 2 0.5 13
7 2 0.5 14
7 2 0.5 15
7 2 0.5 16
7 2 0.5 17
7 2 0.5 18
7 2 0.5 19
!!node 10!!
7 2 0.5 20
7 2 0.5 21
7 2 0.5 22
7 2 0.5 23
7 2 0.5 24
7 2 0.5 25
7 2 0.5 26
7 2 0.5 27
7 2 0.5 28
7 2 0.5 29
7 2 0.5 30
7 2 0.5 31
!!node 11!!
7 2 0.5 32
7 2 0.5 33
7 2 0.5 34
7 2 0.5 35
7 2 0.5 36
7 2 0.5 37
7 2 0.5 38
7 2 0.5 39
7 2 0.5 40
7 2 0.5 41
7 2 0.5 42
7 2 0.5 43
!!node 12!!
7 2 0.5 44
7 2 0.5 45
7 2 0.5 46
7 2 0.5 47
7 2 0.5 48
7 2 0.5 49
7 2 0.5 50
7 2 0.5 51
7 2 0.5 52
7 2 0.5 53
7 2 0.5 54
7 2 0.5 55
!!node 13!!
7 2 0.5 56
7 2 0.5 57
7 2 0.5 58
7 2 0.5 59
7 2 0.5 60
7 2 0.5 61
7 2 0.5 62
7 2 0.5 63
7 2 0.5 64
7 2 0.5 65
7 2 0.5 66
7 2 0.5 67
!!node 14!!
7 2 0.5 68
7 2 0.5 69
7 2 0.5 70
7 2 0.5 71
7 2 0.5 72
7 2 0.5 73
7 2 0.5 74
7 2 0.5 75
7 2 0.5 76
7 2 0.5 77
7 2 0.5 78
7 2 0.5 79
!!node 15!!
7 2 0.5 80
7 2 0.5 81
7 2 0.5 82
7 2 0.5 83
7 2 0.5 84
7 2 0.5 85
7 2 0.5 86
7 2 0.5 87
7 2 0.5 88
7 2 0.5 89
7 2 0.5 90
7 2 0.5 91
!!node 16!!
7 2 0.5 92
7 2 0.5 93
7 2 0.5 94
7 2 0.5 95
7 2 0.5 96
7 2 0.5 97
7 2 0.5 98
7 2 0.5 99
7.5 2 0.5 0
7.5 2 0.5 1
7.5 2 0.5 2
7.5 2 0.5 3
!!node 17!!
7.5 2 0.5 4
7.5 2 0.5 5
7.5 2 0.5 6
7.5 2 0.5 7
7.5 2 0.5 8
7.5 2 0.5 9
7.5 2 0.5 10
7.5 2 0.5 11
7.5 2 0.5 12
7.5 2 0.5 13
7.5 2 0.5 14
7.5 2 0.5 15
!!node 18!!
7.5 2 0.5 16
7.5 2 0.5 17
7.5 2 0.5 18
7.5 2 0.5 19
7.5 2 0.5 20
7.5 2 0.5 21
7.5 2 0.5 22
7.5 2 0.5 23
7.5 2 0.5 24
7.5 2 0.5 25
7.5 2 0.5 26
7.5 2 0.5 27
!!node 19!!
7.5 2 0.5 28
7.5 2 0.5 29
7.5 2 0.5 30
7.5 2 0.5 31
7.5 2 0.5 32
7.5 2 0.5 33
7.5 2 0.5 34
7.5 2 0.5 35
7.5 2 0.5 36
7.5 2 0.5 37
7.5 2 0.5 38
7.5 2 0.5 39
!!node 20!!
7.5 2 0.5 40
7.5 2 0.5 41
7.5 2 0.5 42
7.5 2 0.5 43
7.5 2 0.5 44
7.5 2 0.5 45
7.5 2 0.5 46
7.5 2 0.5 47
7.5 2 0.5 48
7.5 2 0.5 49
7.5 2 0.5 50
7.5 2 0.5 51
!!node 21!!
7.5 2 0.5 52
7.5 2 0.5 53
7.5 2 0.5 54
7.5 2 0.5 55
7.5 2 0.5 56
7.5 2 0.5 57
7.5 2 0.5 58
7.5 2 0.5 59
7.5 2 0.5 60
7.5 2 0.5 61
7.5 2 0.5 62
7.5 2 0.5 63
!!node 22!!
7.5 2 0.5 64
7.5 2 0.5 65
7.5 2 0.5 66
7.5 2 0.5 67
7.5 2 0.5 68
7.5 2 0.5 69
7.5 2 0.5 70
7.5 2 0.5 71
7.5 2 0.5 72
7.5 2 0.5 73
7.5 2 0.5 74
7.5 2 0.5 75
!!node 23!!
7.5 2 0.5 76
7.5 2 0.5 77
7.5 2 0.5 78
7.5 2 0.5 79
7.5 2 0.5 80
7.5 2 0.5 81
7.5 2 0.5 82
7.5 2 0.5 83
7.5 2 0.5 84
7.5 2 0.5 85
7.5 2 0.5 86
7.5 2 0.5 87
!!node 24!!
7.5 2 0.5 88
7.5 2 0.5 89
7.5 2 0.5 90
7.5 2 0.5 91
7.5 2 0.5 92
7.5 2 0.5 93
7.5 2 0.5 94
7.5 2 0.5 95
7.5 2 0.5 96
7.5 2 0.5 97
7.5 2 0.5 98
7.5 2 0.5 99
!!node 25!!
8 2 0.5 0
8 2 0.5 1
8 2 0.5 2
8 2 0.5 3
8 2 0.5 4
8 2 0.5 5
8 2 0.5 6
8 2 0.5 7
8 2 0.5 8
8 2 0.5 9
8 2 0.5 10
8 2 0.5 11
!!node 26!!
8 2 0.5 12
8 2 0.5 13
8 2 0.5 14
8 2 0.5 15
8 2 0.5 16
8 2 0.5 17
8 2 0.5 18
8 2 0.5 19
8 2 0.5 20
8 2 0.5 21
8 2 0.5 22
8 2 0.5 23
!!node 27!!
8 2 0.5 24
8 2 0.5 25
8 2 0.5 26
8 2 0.5 27
8 2 0.5 28
8 2 0.5 29
8 2 0.5 30
8 2 0.5 31
8 2 0.5 32
8 2 0.5 33
8 2 0.5 34
8 2 0.5 35
!!node 28!!
8 2 0.5 36
8 2 0.5 37
8 2 0.5 38
8 2 0.5 39
8 2 0.5 40
8 2 0.5 41
8 2 0.5 42
8 2 0.5 43
8 2 0.5 44
8 2 0.5 45
8 2 0.5 46
8 2 0.5 47
!!node 29!!
8 2 0.5 48
8 2 0.5 49
8 2 0.5 50
8 2 0.5 51
8 2 0.5 52
8 2 0.5 53
8 2 0.5 54
8 2 0.5 55
8 2 0.5 56
8 2 0.5 57
8 2 0.5 58
8 2 0.5 59
!!node 30!!
8 2 0.5 60
8 2 0.5 61
8 2 0.5 62
8 2 0.5 63
8 2 0.5 64
8 2 0.5 65
8 2 0.5 66
8 2 0.5 67
8 2 0.5 68
8 2 0.5 69
8 2 0.5 70
8 2 0.5 71
!!node 31!!
8 2 0.5 72
8 2 0.5 73
8 2 0.5 74
8 2 0.5 75
8 2 0.5 76
8 2 0.5 77
8 2 0.5 78
8 2 0.5 79
8 2 0.5 80
8 2 0.5 81
8 2 0.5 82
8 2 0.5 83
!!node 32!!
8 2 0.5 84
8 2 0.5 85
8 2 0.5 86
8 2 0.5 87
8 2 0.5 88
8 2 0.5 89
8 2 0.5 90
8 2 0.5 91
8 2 0.5 92
8 2 0.5 93
8 2 0.5 94
8 2 0.5 95
!!node 33!!
8 2 0.5 96
8 2 0.5 97
8 2 0.5 98
8 2 0.5 99
8.5 2 0.5 0
8.5 2 0.5 1
8.5 2 0.5 2
8.5 2 0.5 3
8.5 2 0.5 4
8.5 2 0.5 5
8.5 2 0.5 6
8.5 2 0.5 7
!!node 34!!
8.5 2 0.5 8
8.5 2 0.5 9
8.5 2 0.5 10
8.5 2 0.5 11
8.5 2 0.5 12
8.5 2 0.5 13
8.5 2 0.5 14
8.5 2 0.5 15
8.5 2 0.5 16
8.5 2 0.5 17
8.5 2 0.5 18
8.5 2 0.5 19
!!node 35!!
8.5 2 0.5 20
8.5 2 0.5 21
8.5 2 0.5 22
8.5 2 0.5 23
8.5 2 0.5 24
8.5 2 0.5 25
8.5 2 0.5 26
8.5 2 0.5 27
8.5 2 0.5 28
8.5 2 0.5 29
8.5 2 0.5 30
8.5 2 0.5 31
!!node 36!!
8.5 2 0.5 32
8.5 2 0.5 33
8.5 2 0.5 34
8.5 2 0.5 35
8.5 2 0.5 36
8.5 2 0.5 37
8.5 2 0.5 38
8.5 2 0.5 39
8.5 2 0.5 40
8.5 2 0.5 41
8.5 2 0.5 42
8.5 2 0.5 43
!!node 37!!
8.5 2 0.5 44
8.5 2 0.5 45
8.5 2 0.5 46
8.5 2 0.5 47
8.5 2 0.5 48
8.5 2 0.5 49
8.5 2 0.5 50
8.5 2 0.5 51
8.5 2 0.5 52
8.5 2 0.5 53
8.5 2 0.5 54
8.5 2 0.5 55
!!node 38!!
8.5 2 0.5 56
8.5 2 0.5 57
8.5 2 0.5 58
8.5 2 0.5 59
8.5 2 0.5 60
8.5 2 0.5 61
8.5 2 0.5 62
8.5 2 0.5 63
8.5 2 0.5 64
8.5 2 0.5 65
8.5 2 0.5 66
8.5 2 0.5 67
!!node 39!!
8.5 2 0.5 68
8.5 2 0.5 69
8.5 2 0.5 70
8.5 2 0.5 71
8.5 2 0.5 72
8.5 2 0.5 73
8.5 2 0.5 74
8.5 2 0.5 75
8.5 2 0.5 76
8.5 2 0.5 77
8.5 2 0.5 78
8.5 2 0.5 79
!!node 40!!
8.5 2 0.5 80
8.5 2 0.5 81
8.5 2 0.5 82
8.5 2 0.5 83
8.5 2 0.5 84
8.5 2 0.5 85
8.5 2 0.5 86
8.5 2 0.5 87
8.5 2 0.5 88
8.5 2 0.5 89
8.5 2 0.5 90
8.5 2 0.5 91
!!node 41!!
8.5 2 0.5 92
8.5 2 0.5 93
8.5 2 0.5 94
8.5 2 0.5 95
8.5 2 0.5 96
8.5 2 0.5 97
8.5 2 0.5 98
8.5 2 0.5 99
9 2 0.5 0
9 2 0.5 1
9 2 0.5 2
9 2 0.5 3
!!node 42!!
9 2 0.5 4
9 2 0.5 5
9 2 0.5 6
9 2 0.5 7
9 2 0.5 8
9 2 0.5 9
9 2 0.5 10
9 2 0.5 11
9 2 0.5 12
9 2 0.5 13
9 2 0.5 14
9 2 0.5 15
!!node 43!!
9 2 0.5 16
9 2 0.5 17
9 2 0.5 18
9 2 0.5 19
9 2 0.5 20
9 2 0.5 21
9 2 0.5 22
9 2 0.5 23
9 2 0.5 24
9 2 0.5 25
9 2 0.5 26
9 2 0.5 27
!!node 44!!
9 2 0.5 28
9 2 0.5 29
9 2 0.5 30
9 2 0.5 31
9 2 0.5 32
9 2 0.5 33
9 2 0.5 34
9 2 0.5 35
9 2 0.5 36
9 2 0.5 37
9 2 0.5 38
9 2 0.5 39
!!node 45!!
9 2 0.5 40
9 2 0.5 41
9 2 0.5 42
9 2 0.5 43
9 2 0.5 44
9 2 0.5 45
9 2 0.5 46
9 2 0.5 47
9 2 0.5 48
9 2 0.5 49
9 2 0.5 50
9 2 0.5 51
!!node 46!!
9 2 0.5 52
9 2 0.5 53
9 2 0.5 54
9 2 0.5 55
9 2 0.5 56
9 2 0.5 57
9 2 0.5 58
9 2 0.5 59
9 2 0.5 60
9 2 0.5 61
9 2 0.5 62
9 2 0.5 63
!!node 47!!
9 2 0.5 64
9 2 0.5 65
9 2 0.5 66
9 2 0.5 67
9 2 0.5 68
9 2 0.5 69
9 2 0.5 70
9 2 0.5 71
9 2 0.5 72
9 2 0.5 73
9 2 0.5 74
9 2 0.5 75
!!node 48!!
9 2 0.5 76
9 2 0.5 77
9 2 0.5 78
9 2 0.5 79
9 2 0.5 80
9 2 0.5 81
9 2 0.5 82
9 2 0.5 83
9 2 0.5 84
9 2 0.5 85
9 2 0.5 86
9 2 0.5 87
!!node 49!!
9 2 0.5 88
9 2 0.5 89
9 2 0.5 90
9 2 0.5 91
9 2 0.5 92
9 2 0.5 93
9 2 0.5 94
9 2 0.5 95
9 2 0.5 96
9 2 0.5 97
9 2 0.5 98
9 2 0.5 99
!!node 50!!
9.5 2 0.5 0
9.5 2 0.5 1
9.5 2 0.5 2
9.5 2 0.5 3
9.5 2 0.5 4
9.5 2 0.5 5
9.5 2 0.5 6
9.5 2 0.5 7
9.5 2 0.5 8
9.5 2 0.5 9
9.5 2 0.5 10
9.5 2 0.5 11
!!node 51!!
9.5 2 0.5 12
9.5 2 0.5 13
9.5 2 0.5 14
9.5 2 0.5 15
9.5 2 0.5 16
9.5 2 0.5 17
9.5 2 0.5 18
9.5 2 0.5 19
9.5 2 0.5 20
9.5 2 0.5 21
9.5 2 0.5 22
9.5 2 0.5 23
!!node 52!!
9.5 2 0.5 24
9.5 2 0.5 25
9.5 2 0.5 26
9.5 2 0.5 27
9.5 2 0.5 28
9.5 2 0.5 29
9.5 2 0.5 30
9.5 2 0.5 31
9.5 2 0.5 32
9.5 2 0.5 33
9.5 2 0.5 34
9.5 2 0.5 35
!!node 53!!
9.5 2 0.5 36
9.5 2 0.5 37
9.5 2 0.5 38
9.5 2 0.5 39
9.5 2 0.5 40
9.5 2 0.5 41
9.5 2 0.5 42
9.5 2 0.5 43
9.5 2 0.5 44
9.5 2 0.5 45
9.5 2 0.5 46
9.5 2 0.5 47
!!node 54!!
9.5 2 0.5 48
9.5 2 0.5 49
9.5 2 0.5 50
9.5 2 0.5 51
9.5 2 0.5 52
9.5 2 0.5 53
9.5 2 0.5 54
9.5 2 0.5 55
9.5 2 0.5 56
9.5 2 0.5 57
9.5 2 0.5 58
9.5 2 0.5 59
!!node 55!!
9.5 2 0.5 60
9.5 2 0.5 61
9.5 2 0.5 62
9.5 2 0.5 63
9.5 2 0.5 64
9.5 2 0.5 65
9.5 2 0.5 66
9.5 2 0.5 67
9.5 2 0.5 68
9.5 2 0.5 69
9.5 2 0.5 70
9.5 2 0.5 71
!!node 56!!
9.5 2 0.5 72
9.5 2 0.5 73
9.5 2 0.5 74
9.5 2 0.5 75
9.5 2 0.5 76
9.5 2 0.5 77
9.5 2 0.5 78
9.5 2 0.5 79
9.5 2 0.5 80
9.5 2 0.5 81
9.5 2 0.5 82
9.5 2 0.5 83
!!node 57!!
9.5 2 0.5 84
9.5 2 0.5 85
9.5 2 0.5 86
9.5 2 0.5 87
9.5 2 0.5 88
9.5 2 0.5 89
9.5 2 0.5 90
9.5 2 0.5 91
9.5 2 0.5 92
9.5 2 0.5 93
9.5 2 0.5 94
9.5 2 0.5 95
!!node 58!!
9.5 2 0.5 96
9.5 2 0.5 97
9.5 2 0.5 98
9.5 2 0.5 99
10 2 0.5 0
10 2 0.5 1
10 2 0.5 2
10 2 0.5 3
10 2 0.5 4
10 2 0.5 5
10 2 0.5 6
10 2 0.5 7
!!node 59!!
10 2 0.5 8
10 2 0.5 9
10 2 0.5 10
10 2 0.5 11
10 2 0.5 12
10 2 0.5 13
10 2 0.5 14
10 2 0.5 15
10 2 0.5 16
10 2 0.5 17
10 2 0.5 18
10 2 0.5 19
!!node 60!!
10 2 0.5 20
10 2 0.5 21
10 2 0.5 22
10 2 0.5 23
10 2 0.5 24
10 2 0.5 25
10 2 0.5 26
10 2 0.5 27
10 2 0.5 28
10 2 0.5 29
10 2 0.5 30
10 2 0.5 31
!!node 61!!
10 2 0.5 32
10 2 0.5 33
10 2 0.5 34
10 2 0.5 35
10 2 0.5 36
10 2 0.5 37
10 2 0.5 38
10 2 0.5 39
10 2 0.5 40
10 2 0.5 41
10 2 0.5 42
10 2 0.5 43
!!node 62!!
10 2 0.5 44
10 2 0.5 45
10 2 0.5 46
10 2 0.5 47
10 2 0.5 48
10 2 0.5 49
10 2 0.5 50
10 2 0.5 51
10 2 0.5 52
10 2 0.5 53
10 2 0.5 54
10 2 0.5 55
!!node 63!!
10 2 0.5 56
10 2 0.5 57
10 2 0.5 58
10 2 0.5 59
10 2 0.5 60
10 2 0.5 61
10 2 0.5 62
10 2 0.5 63
10 2 0.5 64
10 2 0.5 65
10 2 0.5 66
10 2 0.5 67
!!node 64!!
10 2 0.5 68
10 2 0.5 69
10 2 0.5 70
10 2 0.5 71
10 2 0.5 72
10 2 0.5 73
10 2 0.5 74
10 2 0.5 75
10 2 0.5 76
10 2 0.5 77
10 2 0.5 78
10 2 0.5 79
!!node 65!!
10 2 0.5 80
10 2 0.5 81
10 2 0.5 82
10 2 0.5 83
10 2 0.5 84
10 2 0.5 85
10 2 0.5 86
10 2 0.5 87
10 2 0.5 88
10 2 0.5 89
10 2 0.5 90
10 2 0.5 91
!!node 66!!
10 2 0.5 92
10 2 0.5 93
10 2 0.5 94
10 2 0.5 95
10 2 0.5 96
10 2 0.5 97
10 2 0.5 98
10 2 0.5 99
10.5 2 0.5 0
10.5 2 0.5 1
10.5 2 0.5 2
10.5 2 0.5 3
!!node 67!!
10.5 2 0.5 4
10.5 2 0.5 5
10.5 2 0.5 6
10.5 2 0.5 7
10.5 2 0.5 8
10.5 2 0.5 9
10.5 2 0.5 10
10.5 2 0.5 11
10.5 2 0.5 12
10.5 2 0.5 13
10.5 2 0.5 14
10.5 2 0.5 15
!!node 68!!
10.5 2 0.5 16
10.5 2 0.5 17
10.5 2 0.5 18
10.5 2 0.5 19
10.5 2 0.5 20
10.5 2 0.5 21
10.5 2 0.5 22
10.5 2 0.5 23
10.5 2 0.5 24
10.5 2 0.5 25
10.5 2 0.5 26
10.5 2 0.5 27
!!node 69!!
10.5 2 0.5 28
10.5 2 0.5 29
10.5 2 0.5 30
10.5 2 0.5 31
10.5 2 0.5 32
10.5 2 0.5 33
10.5 2 0.5 34
10.5 2 0.5 35
10.5 2 0.5 36
10.5 2 0.5 37
10.5 2 0.5 38
10.5 2 0.5 39
!!node 70!!
10.5 2 0.5 40
10.5 2 0.5 41
10.5 2 0.5 42
10.5 2 0.5 43
10.5 2 0.5 44
10.5 2 0.5 45
10.5 2 0.5 46
10.5 2 0.5 47
10.5 2 0.5 48
10.5 2 0.5 49
10.5 2 0.5 50
10.5 2 0.5 51
!!node 71!!
10.5 2 0.5 52
10.5 2 0.5 53
10.5 2 0.5 54
10.5 2 0.5 55
10.5 2 0.5 56
10.5 2 0.5 57
10.5 2 0.5 58
10.5 2 0.5 59
10.5 2 0.5 60
10.5 2 0.5 61
10.5 2 0.5 62
10.5 2 0.5 63
!!node 72!!
10.5 2 0.5 64
10.5 2 0.5 65
10.5 2 0.5 66
10.5 2 0.5 67
10.5 2 0.5 68
10.5 2 0.5 69
10.5 2 0.5 70
10.5 2 0.5 71
10.5 2 0.5 72
10.5 2 0.5 73
10.5 2 0.5 74
10.5 2 0.5 75
!!node 73!!
10.5 2 0.5 76
10.5 2 0.5 77
10.5 2 0.5 78
10.5 2 0.5 79
10.5 2 0.5 80
10.5 2 0.5 81
10.5 2 0.5 82
10.5 2 0.5 83
10.5 2 0.5 84
10.5 2 0.5 85
10.5 2 0.5 86
10.5 2 0.5 87
!!node 74!!
10.5 2 0.5 88
10.5 2 0.5 89
10.5 2 0.5 90
10.5 2 0.5 91
10.5 2 0.5 92
10.5 2 0.5 93
10.5 2 0.5 94
10.5 2 0.5 95
10.5 2 0.5 96
10.5 2 0.5 97
10.5 2 0.5 98
10.5 2 0.5 99
!!node 75!!
11 2 0.5 0
11 2 0.5 1
11 2 0.5 2
11 2 0.5 3
11 2 0.5 4
11 2 0.5 5
11 2 0.5 6
11 2 0.5 7
11 2 0.5 8
11 2 0.5 9
11 2 0.5 10
11 2 0.5 11
!!node 76!!
11 2 0.5 12
11 2 0.5 13
11 2 0.5 14
11 2 0.5 15
11 2 0.5 16
11 2 0.5 17
11 2 0.5 18
11 2 0.5 19
11 2 0.5 20
11 2 0.5 21
11 2 0.5 22
11 2 0.5 23
!!node 77!!
11 2 0.5 24
11 2 0.5 25
11 2 0.5 26
11 2 0.5 27
11 2 0.5 28
11 2 0.5 29
11 2 0.5 30
11 2 0.5 31
11 2 0.5 32
11 2 0.5 33
11 2 0.5 34
11 2 0.5 35
!!node 78!!
11 2 0.5 36
11 2 0.5 37
11 2 0.5 38
11 2 0.5 39
11 2 0.5 40
11 2 0.5 41
11 2 0.5 42
11 2 0.5 43
11 2 0.5 44
11 2 0.5 45
11 2 0.5 46
11 2 0.5 47
!!node 79!!
11 2 0.5 48
11 2 0.5 49
11 2 0.5 50
11 2 0.5 51
11 2 0.5 52
11 2 0.5 53
11 2 0.5 54
11 2 0.5 55
11 2 0.5 56
11 2 0.5 57
11 2 0.5 58
11 2 0.5 59
!!node 80!!
11 2 0.5 60
11 2 0.5 61
11 2 0.5 62
11 2 0.5 63
11 2 0.5 64
11 2 0.5 65
11 2 0.5 66
11 2 0.5 67
11 2 0.5 68
11 2 0.5 69
11 2 0.5 70
11 2 0.5 71
!!node 81!!
11 2 0.5 72
11 2 0.5 73
11 2 0.5 74
11 2 0.5 75
11 2 0.5 76
11 2 0.5 77
11 2 0.5 78
11 2 0.5 79
11 2 0.5 80
11 2 0.5 81
11 2 0.5 82
11 2 0.5 83
!!node 82!!
11 2 0.5 84
11 2 0.5 85
11 2 0.5 86
11 2 0.5 87
11 2 0.5 88
11 2 0.5 89
11 2 0.5 90
11 2 0.5 91
11 2 0.5 92
11 2 0.5 93
11 2 0.5 94
11 2 0.5 95
!!node 83!!
11 2 0.5 96
11 2 0.5 97
11 2 0.5 98
11 2 0.5 99
11.5 2 0.5 0
11.5 2 0.5 1
11.5 2 0.5 2
11.5 2 0.5 3
11.5 2 0.5 4
11.5 2 0.5 5
11.5 2 0.5 6
11.5 2 0.5 7
!!node 84!!
11.5 2 0.5 8
11.5 2 0.5 9
11.5 2 0.5 10
11.5 2 0.5 11
11.5 2 0.5 12
11.5 2 0.5 13
11.5 2 0.5 14
11.5 2 0.5 15
11.5 2 0.5 16
11.5 2 0.5 17
11.5 2 0.5 18
11.5 2 0.5 19
!!node 85!!
11.5 2 0.5 20
11.5 2 0.5 21
11.5 2 0.5 22
11.5 2 0.5 23
11.5 2 0.5 24
11.5 2 0.5 25
11.5 2 0.5 26
11.5 2 0.5 27
11.5 2 0.5 28
11.5 2 0.5 29
11.5 2 0.5 30
11.5 2 0.5 31
!!node 86!!
11.5 2 0.5 32
11.5 2 0.5 33
11.5 2 0.5 34
11.5 2 0.5 35
11.5 2 0.5 36
11.5 2 0.5 37
11.5 2 0.5 38
11.5 2 0.5 39
11.5 2 0.5 40
11.5 2 0.5 41
11.5 2 0.5 42
11.5 2 0.5 43
!!node 87!!
11.5 2 0.5 44
11.5 2 0.5 45
11.5 2 0.5 46
11.5 2 0.5 47
11.5 2 0.5 48
11.5 2 0.5 49
11.5 2 0.5 50
11.5 2 0.5 51
11.5 2 0.5 52
11.5 2 0.5 53
11.5 2 0.5 54
11.5 2 0.5 55
!!node 88!!
11.5 2 0.5 56
11.5 2 0.5 57
11.5 2 0.5 58
11.5 2 0.5 59
11.5 2 0.5 60
11.5 2 0.5 61
11.5 2 0.5 62
11.5 2 0.5 63
11.5 2 0.5 64
11.5 2 0.5 65
11.5 2 0.5 66
11.5 2 0.5 67
!!node 89!!
11.5 2 0.5 68
11.5 2 0.5 69
11.5 2 0.5 70
11.5 2 0.5 71
11.5 2 0.5 72
11.5 2 0.5 73
11.5 2 0.5 74
11.5 2 0.5 75
11.5 2 0.5 76
11.5 2 0.5 77
11.5 2 0.5 78
11.5 2 0.5 79
!!node 90!!
11.5 2 0.5 80
11.5 2 0.5 81
11.5 2 0.5 82
11.5 2 0.5 83
11.5 2 0.5 84
11.5 2 0.5 85
11.5 2 0.5 86
11.5 2 0.5 87
11.5 2 0.5 88
11.5 2 0.5 89
11.5 2 0.5 90
11.5 2 0.5 91
!!node 91!!
11.5 2 0.5 92
11.5 2 0.5 93
11.5 2 0.5 94
11.5 2 0.5 95
11.5 2 0.5 96
11.5 2 0.5 97
11.5 2 0.5 98
11.5 2 0.5 99
12 2 0.5 0
12 2 0.5 1
12 2 0.5 2
12 2 0.5 3
!!node 92!!
12 2 0.5 4
12 2 0.5 5
12 2 0.5 6
12 2 0.5 7
12 2 0.5 8
12 2 0.5 9
12 2 0.5 10
12 2 0.5 11
12 2 0.5 12
12 2 0.5 13
12 2 0.5 14
12 2 0.5 15
!!node 93!!
12 2 0.5 16
12 2 0.5 17
12 2 0.5 18
12 2 0.5 19
12 2 0.5 20
12 2 0.5 21
12 2 0.5 22
12 2 0.5 23
12 2 0.5 24
12 2 0.5 25
12 2 0.5 26
12 2 0.5 27
!!node 94!!
12 2 0.5 28
12 2 0.5 29
12 2 0.5 30
12 2 0.5 31
12 2 0.5 32
12 2 0.5 33
12 2 0.5 34
12 2 0.5 35
12 2 0.5 36
12 2 0.5 37
12 2 0.5 38
12 2 0.5 39
!!node 95!!
12 2 0.5 40
12 2 0.5 41
12 2 0.5 42
12 2 0.5 43
12 2 0.5 44
12 2 0.5 45
12 2 0.5 46
12 2 0.5 47
12 2 0.5 48
12 2 0.5 49
12 2 0.5 50
12 2 0.5 51
!!node 96!!
12 2 0.5 52
12 2 0.5 53
12 2 0.5 54
12 2 0.5 55
12 2 0.5 56
12 2 0.5 57
12 2 0.5 58
12 2 0.5 59
12 2 0.5 60
12 2 0.5 61
12 2 0.5 62
12 2 0.5 63
!!node 97!!
12 2 0.5 64
12 2 0.5 65
12 2 0.5 66
12 2 0.5 67
12 2 0.5 68
12 2 0.5 69
12 2 0.5 70
12 2 0.5 71
12 2 0.5 72
12 2 0.5 73
12 2 0.5 74
12 2 0.5 75
!!node 98!!
12 2 0.5 76
12 2 0.5 77
12 2 0.5 78
12 2 0.5 79
12 2 0.5 80
12 2 0.5 81
12 2 0.5 82
12 2 0.5 83
12 2 0.5 84
12 2 0.5 85
12 2 0.5 86
12 2 0.5 87
!!node 99!!
12 2 0.5 88
12 2 0.5 89
12 2 0.5 90
12 2 0.5 91
12 2 0.5 92
12 2 0.5 93
12 2 0.5 94
12 2 0.5 95
12 2 0.5 96
12 2 0.5 97
12 2 0.5 98
12 2 0.5 99
