!!node 0!!
5 4 0
5 4 1
5 4 2
5 4 3
5 4 4
5 4 5
5 4 6
5 4 7
5 4 8
5 4 9
5 4 10
5 4 11
5 4 12
5 4 13
5 4 14
5 4 15
5 4 16
5 4 17
5 4 18
5 4 19
5 4 20
5 4 21
5 4 22
5 4 23
5 4 24
5 4 25
5 4 26
5 4 27
5 4 28
5 4 29
5 4 30
5 4 31
5 4 32
5 4 33
5 4 34
5 4 35
5 4 36
5 4 37
5 4 38
5 4 39
5 4 40
5 4 41
5 4 42
5 4 43
5 4 44
5 4 45
5 4 46
5 4 47
5 4 48
5 4 49
5 4 50
5 4 51
5 4 52
5 4 53
5 4 54
5 4 55
5 4 56
5 4 57
5 4 58
5 4 59
5 4 60
5 4 61
5 4 62
5 4 63
5 4 64
5 4 65
5 4 66
5 4 67
5 4 68
5 4 69
5 4 70
5 4 71
5 4 72
5 4 73
5 4 74
5 4 75
5 4 76
5 4 77
5 4 78
5 4 79
5 4 80
5 4 81
5 4 82
5 4 83
5 4 84
5 4 85
5 4 86
5 4 87
5 4 88
5 4 89
5 4 90
5 4 91
5 4 92
5 4 93
5 4 94
5 4 95
5 4 96
5 4 97
5 4 98
5 4 99
5 4 100
5 4 101
5 4 102
5 4 103
5 4 104
5 4 105
5 4 106
5 4 107
5 4 108
5 4 109
5 4 110
5 4 111
5 4 112
5 4 113
5 4 114
5 4 115
5 4 116
5 4 117
5 4 118
5 4 119
!!node 1!!
5.5 4 0
5.5 4 1
5.5 4 2
5.5 4 3
5.5 4 4
5.5 4 5
5.5 4 6
5.5 4 7
5.5 4 8
5.5 4 9
5.5 4 10
5.5 4 11
5.5 4 12
5.5 4 13
5.5 4 14
5.5 4 15
5.5 4 16
5.5 4 17
5.5 4 18
5.5 4 19
5.5 4 20
5.5 4 21
5.5 4 22
5.5 4 23
5.5 4 24
5.5 4 25
5.5 4 26
5.5 4 27
5.5 4 28
5.5 4 29
5.5 4 30
5.5 4 31
5.5 4 32
5.5 4 33
5.5 4 34
5.5 4 35
5.5 4 36
5.5 4 37
5.5 4 38
5.5 4 39
5.5 4 40
5.5 4 41
5.5 4 42
5.5 4 43
5.5 4 44
5.5 4 45
5.5 4 46
5.5 4 47
5.5 4 48
5.5 4 49
5.5 4 50
5.5 4 51
5.5 4 52
5.5 4 53
5.5 4 54
5.5 4 55
5.5 4 56
5.5 4 57
5.5 4 58
5.5 4 59
5.5 4 60
5.5 4 61
5.5 4 62
5.5 4 63
5.5 4 64
5.5 4 65
5.5 4 66
5.5 4 67
5.5 4 68
5.5 4 69
5.5 4 70
5.5 4 71
5.5 4 72
5.5 4 73
5.5 4 74
5.5 4 75
5.5 4 76
5.5 4 77
5.5 4 78
5.5 4 79
5.5 4 80
5.5 4 81
5.5 4 82
5.5 4 83
5.5 4 84
5.5 4 85
5.5 4 86
5.5 4 87
5.5 4 88
5.5 4 89
5.5 4 90
5.5 4 91
5.5 4 92
5.5 4 93
5.5 4 94
5.5 4 95
5.5 4 96
5.5 4 97
5.5 4 98
5.5 4 99
5.5 4 100
5.5 4 101
5.5 4 102
5.5 4 103
5.5 4 104
5.5 4 105
5.5 4 106
5.5 4 107
5.5 4 108
5.5 4 109
5.5 4 110
5.5 4 111
5.5 4 112
5.5 4 113
5.5 4 114
5.5 4 115
5.5 4 116
5.5 4 117
5.5 4 118
5.5 4 119
!!node 2!!
6 4 0
6 4 1
6 4 2
6 4 3
6 4 4
6 4 5
6 4 6
6 4 7
6 4 8
6 4 9
6 4 10
6 4 11
6 4 12
6 4 13
6 4 14
6 4 15
6 4 16
6 4 17
6 4 18
6 4 19
6 4 20
6 4 21
6 4 22
6 4 23
6 4 24
6 4 25
6 4 26
6 4 27
6 4 28
6 4 29
6 4 30
6 4 31
6 4 32
6 4 33
6 4 34
6 4 35
6 4 36
6 4 37
6 4 38
6 4 39
6 4 40
6 4 41
6 4 42
6 4 43
6 4 44
6 4 45
6 4 46
6 4 47
6 4 48
6 4 49
6 4 50
6 4 51
6 4 52
6 4 53
6 4 54
6 4 55
6 4 56
6 4 57
6 4 58
6 4 59
6 4 60
6 4 61
6 4 62
6 4 63
6 4 64
6 4 65
6 4 66
6 4 67
6 4 68
6 4 69
6 4 70
6 4 71
6 4 72
6 4 73
6 4 74
6 4 75
6 4 76
6 4 77
6 4 78
6 4 79
6 4 80
6 4 81
6 4 82
6 4 83
6 4 84
6 4 85
6 4 86
6 4 87
6 4 88
6 4 89
6 4 90
6 4 91
6 4 92
6 4 93
6 4 94
6 4 95
6 4 96
6 4 97
6 4 98
6 4 99
6 4 100
6 4 101
6 4 102
6 4 103
6 4 104
6 4 105
6 4 106
6 4 107
6 4 108
6 4 109
6 4 110
6 4 111
6 4 112
6 4 113
6 4 114
6 4 115
6 4 116
6 4 117
6 4 118
6 4 119
!!node 3!!
6.5 4 0
6.5 4 1
6.5 4 2
6.5 4 3
6.5 4 4
6.5 4 5
6.5 4 6
6.5 4 7
6.5 4 8
6.5 4 9
6.5 4 10
6.5 4 11
6.5 4 12
6.5 4 13
6.5 4 14
6.5 4 15
6.5 4 16
6.5 4 17
6.5 4 18
6.5 4 19
6.5 4 20
6.5 4 21
6.5 4 22
6.5 4 23
6.5 4 24
6.5 4 25
6.5 4 26
6.5 4 27
6.5 4 28
6.5 4 29
6.5 4 30
6.5 4 31
6.5 4 32
6.5 4 33
6.5 4 34
6.5 4 35
6.5 4 36
6.5 4 37
6.5 4 38
6.5 4 39
6.5 4 40
6.5 4 41
6.5 4 42
6.5 4 43
6.5 4 44
6.5 4 45
6.5 4 46
6.5 4 47
6.5 4 48
6.5 4 49
6.5 4 50
6.5 4 51
6.5 4 52
6.5 4 53
6.5 4 54
6.5 4 55
6.5 4 56
6.5 4 57
6.5 4 58
6.5 4 59
6.5 4 60
6.5 4 61
6.5 4 62
6.5 4 63
6.5 4 64
6.5 4 65
6.5 4 66
6.5 4 67
6.5 4 68
6.5 4 69
6.5 4 70
6.5 4 71
6.5 4 72
6.5 4 73
6.5 4 74
6.5 4 75
6.5 4 76
6.5 4 77
6.5 4 78
6.5 4 79
6.5 4 80
6.5 4 81
6.5 4 82
6.5 4 83
6.5 4 84
6.5 4 85
6.5 4 86
6.5 4 87
6.5 4 88
6.5 4 89
6.5 4 90
6.5 4 91
6.5 4 92
6.5 4 93
6.5 4 94
6.5 4 95
6.5 4 96
6.5 4 97
6.5 4 98
6.5 4 99
6.5 4 100
6.5 4 101
6.5 4 102
6.5 4 103
6.5 4 104
6.5 4 105
6.5 4 106
6.5 4 107
6.5 4 108
6.5 4 109
6.5 4 110
6.5 4 111
6.5 4 112
6.5 4 113
6.5 4 114
6.5 4 115
6.5 4 116
6.5 4 117
6.5 4 118
6.5 4 119
!!node 4!!
7 4 0
7 4 1
7 4 2
7 4 3
7 4 4
7 4 5
7 4 6
7 4 7
7 4 8
7 4 9
7 4 10
7 4 11
7 4 12
7 4 13
7 4 14
7 4 15
7 4 16
7 4 17
7 4 18
7 4 19
7 4 20
7 4 21
7 4 22
7 4 23
7 4 24
7 4 25
7 4 26
7 4 27
7 4 28
7 4 29
7 4 30
7 4 31
7 4 32
7 4 33
7 4 34
7 4 35
7 4 36
7 4 37
7 4 38
7 4 39
7 4 40
7 4 41
7 4 42
7 4 43
7 4 44
7 4 45
7 4 46
7 4 47
7 4 48
7 4 49
7 4 50
7 4 51
7 4 52
7 4 53
7 4 54
7 4 55
7 4 56
7 4 57
7 4 58
7 4 59
7 4 60
7 4 61
7 4 62
7 4 63
7 4 64
7 4 65
7 4 66
7 4 67
7 4 68
7 4 69
7 4 70
7 4 71
7 4 72
7 4 73
7 4 74
7 4 75
7 4 76
7 4 77
7 4 78
7 4 79
7 4 80
7 4 81
7 4 82
7 4 83
7 4 84
7 4 85
7 4 86
7 4 87
7 4 88
7 4 89
7 4 90
7 4 91
7 4 92
7 4 93
7 4 94
7 4 95
7 4 96
7 4 97
7 4 98
7 4 99
7 4 100
7 4 101
7 4 102
7 4 103
7 4 104
7 4 105
7 4 106
7 4 107
7 4 108
7 4 109
7 4 110
7 4 111
7 4 112
7 4 113
7 4 114
7 4 115
7 4 116
7 4 117
7 4 118
7 4 119
!!node 5!!
7.5 4 0
7.5 4 1
7.5 4 2
7.5 4 3
7.5 4 4
7.5 4 5
7.5 4 6
7.5 4 7
7.5 4 8
7.5 4 9
7.5 4 10
7.5 4 11
7.5 4 12
7.5 4 13
7.5 4 14
7.5 4 15
7.5 4 16
7.5 4 17
7.5 4 18
7.5 4 19
7.5 4 20
7.5 4 21
7.5 4 22
7.5 4 23
7.5 4 24
7.5 4 25
7.5 4 26
7.5 4 27
7.5 4 28
7.5 4 29
7.5 4 30
7.5 4 31
7.5 4 32
7.5 4 33
7.5 4 34
7.5 4 35
7.5 4 36
7.5 4 37
7.5 4 38
7.5 4 39
7.5 4 40
7.5 4 41
7.5 4 42
7.5 4 43
7.5 4 44
7.5 4 45
7.5 4 46
7.5 4 47
7.5 4 48
7.5 4 49
7.5 4 50
7.5 4 51
7.5 4 52
7.5 4 53
7.5 4 54
7.5 4 55
7.5 4 56
7.5 4 57
7.5 4 58
7.5 4 59
7.5 4 60
7.5 4 61
7.5 4 62
7.5 4 63
7.5 4 64
7.5 4 65
7.5 4 66
7.5 4 67
7.5 4 68
7.5 4 69
7.5 4 70
7.5 4 71
7.5 4 72
7.5 4 73
7.5 4 74
7.5 4 75
7.5 4 76
7.5 4 77
7.5 4 78
7.5 4 79
7.5 4 80
7.5 4 81
7.5 4 82
7.5 4 83
7.5 4 84
7.5 4 85
7.5 4 86
7.5 4 87
7.5 4 88
7.5 4 89
7.5 4 90
7.5 4 91
7.5 4 92
7.5 4 93
7.5 4 94
7.5 4 95
7.5 4 96
7.5 4 97
7.5 4 98
7.5 4 99
7.5 4 100
7.5 4 101
7.5 4 102
7.5 4 103
7.5 4 104
7.5 4 105
7.5 4 106
7.5 4 107
7.5 4 108
7.5 4 109
7.5 4 110
7.5 4 111
7.5 4 112
7.5 4 113
7.5 4 114
7.5 4 115
7.5 4 116
7.5 4 117
7.5 4 118
7.5 4 119
!!node 6!!
8 4 0
8 4 1
8 4 2
8 4 3
8 4 4
8 4 5
8 4 6
8 4 7
8 4 8
8 4 9
8 4 10
8 4 11
8 4 12
8 4 13
8 4 14
8 4 15
8 4 16
8 4 17
8 4 18
8 4 19
8 4 20
8 4 21
8 4 22
8 4 23
8 4 24
8 4 25
8 4 26
8 4 27
8 4 28
8 4 29
8 4 30
8 4 31
8 4 32
8 4 33
8 4 34
8 4 35
8 4 36
8 4 37
8 4 38
8 4 39
8 4 40
8 4 41
8 4 42
8 4 43
8 4 44
8 4 45
8 4 46
8 4 47
8 4 48
8 4 49
8 4 50
8 4 51
8 4 52
8 4 53
8 4 54
8 4 55
8 4 56
8 4 57
8 4 58
8 4 59
8 4 60
8 4 61
8 4 62
8 4 63
8 4 64
8 4 65
8 4 66
8 4 67
8 4 68
8 4 69
8 4 70
8 4 71
8 4 72
8 4 73
8 4 74
8 4 75
8 4 76
8 4 77
8 4 78
8 4 79
8 4 80
8 4 81
8 4 82
8 4 83
8 4 84
8 4 85
8 4 86
8 4 87
8 4 88
8 4 89
8 4 90
8 4 91
8 4 92
8 4 93
8 4 94
8 4 95
8 4 96
8 4 97
8 4 98
8 4 99
8 4 100
8 4 101
8 4 102
8 4 103
8 4 104
8 4 105
8 4 106
8 4 107
8 4 108
8 4 109
8 4 110
8 4 111
8 4 112
8 4 113
8 4 114
8 4 115
8 4 116
8 4 117
8 4 118
8 4 119
!!node 7!!
8.5 4 0
8.5 4 1
8.5 4 2
8.5 4 3
8.5 4 4
8.5 4 5
8.5 4 6
8.5 4 7
8.5 4 8
8.5 4 9
8.5 4 10
8.5 4 11
8.5 4 12
8.5 4 13
8.5 4 14
8.5 4 15
8.5 4 16
8.5 4 17
8.5 4 18
8.5 4 19
8.5 4 20
8.5 4 21
8.5 4 22
8.5 4 23
8.5 4 24
8.5 4 25
8.5 4 26
8.5 4 27
8.5 4 28
8.5 4 29
8.5 4 30
8.5 4 31
8.5 4 32
8.5 4 33
8.5 4 34
8.5 4 35
8.5 4 36
8.5 4 37
8.5 4 38
8.5 4 39
8.5 4 40
8.5 4 41
8.5 4 42
8.5 4 43
8.5 4 44
8.5 4 45
8.5 4 46
8.5 4 47
8.5 4 48
8.5 4 49
8.5 4 50
8.5 4 51
8.5 4 52
8.5 4 53
8.5 4 54
8.5 4 55
8.5 4 56
8.5 4 57
8.5 4 58
8.5 4 59
8.5 4 60
8.5 4 61
8.5 4 62
8.5 4 63
8.5 4 64
8.5 4 65
8.5 4 66
8.5 4 67
8.5 4 68
8.5 4 69
8.5 4 70
8.5 4 71
8.5 4 72
8.5 4 73
8.5 4 74
8.5 4 75
8.5 4 76
8.5 4 77
8.5 4 78
8.5 4 79
8.5 4 80
8.5 4 81
8.5 4 82
8.5 4 83
8.5 4 84
8.5 4 85
8.5 4 86
8.5 4 87
8.5 4 88
8.5 4 89
8.5 4 90
8.5 4 91
8.5 4 92
8.5 4 93
8.5 4 94
8.5 4 95
8.5 4 96
8.5 4 97
8.5 4 98
8.5 4 99
8.5 4 100
8.5 4 101
8.5 4 102
8.5 4 103
8.5 4 104
8.5 4 105
8.5 4 106
8.5 4 107
8.5 4 108
8.5 4 109
8.5 4 110
8.5 4 111
8.5 4 112
8.5 4 113
8.5 4 114
8.5 4 115
8.5 4 116
8.5 4 117
8.5 4 118
8.5 4 119
!!node 8!!
9 4 0
9 4 1
9 4 2
9 4 3
9 4 4
9 4 5
9 4 6
9 4 7
9 4 8
9 4 9
9 4 10
9 4 11
9 4 12
9 4 13
9 4 14
9 4 15
9 4 16
9 4 17
9 4 18
9 4 19
9 4 20
9 4 21
9 4 22
9 4 23
9 4 24
9 4 25
9 4 26
9 4 27
9 4 28
9 4 29
9 4 30
9 4 31
9 4 32
9 4 33
9 4 34
9 4 35
9 4 36
9 4 37
9 4 38
9 4 39
9 4 40
9 4 41
9 4 42
9 4 43
9 4 44
9 4 45
9 4 46
9 4 47
9 4 48
9 4 49
9 4 50
9 4 51
9 4 52
9 4 53
9 4 54
9 4 55
9 4 56
9 4 57
9 4 58
9 4 59
9 4 60
9 4 61
9 4 62
9 4 63
9 4 64
9 4 65
9 4 66
9 4 67
9 4 68
9 4 69
9 4 70
9 4 71
9 4 72
9 4 73
9 4 74
9 4 75
9 4 76
9 4 77
9 4 78
9 4 79
9 4 80
9 4 81
9 4 82
9 4 83
9 4 84
9 4 85
9 4 86
9 4 87
9 4 88
9 4 89
9 4 90
9 4 91
9 4 92
9 4 93
9 4 94
9 4 95
9 4 96
9 4 97
9 4 98
9 4 99
9 4 100
9 4 101
9 4 102
9 4 103
9 4 104
9 4 105
9 4 106
9 4 107
9 4 108
9 4 109
9 4 110
9 4 111
9 4 112
9 4 113
9 4 114
9 4 115
9 4 116
9 4 117
9 4 118
9 4 119
!!node 9!!
9.5 4 0
9.5 4 1
9.5 4 2
9.5 4 3
9.5 4 4
9.5 4 5
9.5 4 6
9.5 4 7
9.5 4 8
9.5 4 9
9.5 4 10
9.5 4 11
9.5 4 12
9.5 4 13
9.5 4 14
9.5 4 15
9.5 4 16
9.5 4 17
9.5 4 18
9.5 4 19
9.5 4 20
9.5 4 21
9.5 4 22
9.5 4 23
9.5 4 24
9.5 4 25
9.5 4 26
9.5 4 27
9.5 4 28
9.5 4 29
9.5 4 30
9.5 4 31
9.5 4 32
9.5 4 33
9.5 4 34
9.5 4 35
9.5 4 36
9.5 4 37
9.5 4 38
9.5 4 39
9.5 4 40
9.5 4 41
9.5 4 42
9.5 4 43
9.5 4 44
9.5 4 45
9.5 4 46
9.5 4 47
9.5 4 48
9.5 4 49
9.5 4 50
9.5 4 51
9.5 4 52
9.5 4 53
9.5 4 54
9.5 4 55
9.5 4 56
9.5 4 57
9.5 4 58
9.5 4 59
9.5 4 60
9.5 4 61
9.5 4 62
9.5 4 63
9.5 4 64
9.5 4 65
9.5 4 66
9.5 4 67
9.5 4 68
9.5 4 69
9.5 4 70
9.5 4 71
9.5 4 72
9.5 4 73
9.5 4 74
9.5 4 75
9.5 4 76
9.5 4 77
9.5 4 78
9.5 4 79
9.5 4 80
9.5 4 81
9.5 4 82
9.5 4 83
9.5 4 84
9.5 4 85
9.5 4 86
9.5 4 87
9.5 4 88
9.5 4 89
9.5 4 90
9.5 4 91
9.5 4 92
9.5 4 93
9.5 4 94
9.5 4 95
9.5 4 96
9.5 4 97
9.5 4 98
9.5 4 99
9.5 4 100
9.5 4 101
9.5 4 102
9.5 4 103
9.5 4 104
9.5 4 105
9.5 4 106
9.5 4 107
9.5 4 108
9.5 4 109
9.5 4 110
9.5 4 111
9.5 4 112
9.5 4 113
9.5 4 114
9.5 4 115
9.5 4 116
9.5 4 117
9.5 4 118
9.5 4 119
!!node 10!!
10 4 0
10 4 1
10 4 2
10 4 3
10 4 4
10 4 5
10 4 6
10 4 7
10 4 8
10 4 9
10 4 10
10 4 11
10 4 12
10 4 13
10 4 14
10 4 15
10 4 16
10 4 17
10 4 18
10 4 19
10 4 20
10 4 21
10 4 22
10 4 23
10 4 24
10 4 25
10 4 26
10 4 27
10 4 28
10 4 29
10 4 30
10 4 31
10 4 32
10 4 33
10 4 34
10 4 35
10 4 36
10 4 37
10 4 38
10 4 39
10 4 40
10 4 41
10 4 42
10 4 43
10 4 44
10 4 45
10 4 46
10 4 47
10 4 48
10 4 49
10 4 50
10 4 51
10 4 52
10 4 53
10 4 54
10 4 55
10 4 56
10 4 57
10 4 58
10 4 59
10 4 60
10 4 61
10 4 62
10 4 63
10 4 64
10 4 65
10 4 66
10 4 67
10 4 68
10 4 69
10 4 70
10 4 71
10 4 72
10 4 73
10 4 74
10 4 75
10 4 76
10 4 77
10 4 78
10 4 79
10 4 80
10 4 81
10 4 82
10 4 83
10 4 84
10 4 85
10 4 86
10 4 87
10 4 88
10 4 89
10 4 90
10 4 91
10 4 92
10 4 93
10 4 94
10 4 95
10 4 96
10 4 97
10 4 98
10 4 99
10 4 100
10 4 101
10 4 102
10 4 103
10 4 104
10 4 105
10 4 106
10 4 107
10 4 108
10 4 109
10 4 110
10 4 111
10 4 112
10 4 113
10 4 114
10 4 115
10 4 116
10 4 117
10 4 118
10 4 119
!!node 11!!
10.5 4 0
10.5 4 1
10.5 4 2
10.5 4 3
10.5 4 4
10.5 4 5
10.5 4 6
10.5 4 7
10.5 4 8
10.5 4 9
10.5 4 10
10.5 4 11
10.5 4 12
10.5 4 13
10.5 4 14
10.5 4 15
10.5 4 16
10.5 4 17
10.5 4 18
10.5 4 19
10.5 4 20
10.5 4 21
10.5 4 22
10.5 4 23
10.5 4 24
10.5 4 25
10.5 4 26
10.5 4 27
10.5 4 28
10.5 4 29
10.5 4 30
10.5 4 31
10.5 4 32
10.5 4 33
10.5 4 34
10.5 4 35
10.5 4 36
10.5 4 37
10.5 4 38
10.5 4 39
10.5 4 40
10.5 4 41
10.5 4 42
10.5 4 43
10.5 4 44
10.5 4 45
10.5 4 46
10.5 4 47
10.5 4 48
10.5 4 49
10.5 4 50
10.5 4 51
10.5 4 52
10.5 4 53
10.5 4 54
10.5 4 55
10.5 4 56
10.5 4 57
10.5 4 58
10.5 4 59
10.5 4 60
10.5 4 61
10.5 4 62
10.5 4 63
10.5 4 64
10.5 4 65
10.5 4 66
10.5 4 67
10.5 4 68
10.5 4 69
10.5 4 70
10.5 4 71
10.5 4 72
10.5 4 73
10.5 4 74
10.5 4 75
10.5 4 76
10.5 4 77
10.5 4 78
10.5 4 79
10.5 4 80
10.5 4 81
10.5 4 82
10.5 4 83
10.5 4 84
10.5 4 85
10.5 4 86
10.5 4 87
10.5 4 88
10.5 4 89
10.5 4 90
10.5 4 91
10.5 4 92
10.5 4 93
10.5 4 94
10.5 4 95
10.5 4 96
10.5 4 97
10.5 4 98
10.5 4 99
10.5 4 100
10.5 4 101
10.5 4 102
10.5 4 103
10.5 4 104
10.5 4 105
10.5 4 106
10.5 4 107
10.5 4 108
10.5 4 109
10.5 4 110
10.5 4 111
10.5 4 112
10.5 4 113
10.5 4 114
10.5 4 115
10.5 4 116
10.5 4 117
10.5 4 118
10.5 4 119
