!!node 0!!
14 2 0.6 0.1 0
14 2 0.6 0.1 1
14 2 0.6 0.1 2
15 2 0.6 0.1 0
15 2 0.6 0.1 1
15 2 0.6 0.1 2
16 2 0.6 0.1 0
16 2 0.6 0.1 1
16 2 0.6 0.1 2
17 2 0.6 0.1 0
17 2 0.6 0.1 1
17 2 0.6 0.1 2
18 2 0.6 0.1 0
18 2 0.6 0.1 1
18 2 0.6 0.1 2
19 2 0.6 0.1 0
19 2 0.6 0.1 1
19 2 0.6 0.1 2
20 2 0.6 0.1 0
20 2 0.6 0.1 1
20 2 0.6 0.1 2
21 2 0.6 0.1 0
21 2 0.6 0.1 1
21 2 0.6 0.1 2
22 2 0.6 0.1 0
22 2 0.6 0.1 1
22 2 0.6 0.1 2
23 2 0.6 0.1 0
23 2 0.6 0.1 1
23 2 0.6 0.1 2
24 2 0.6 0.1 0
24 2 0.6 0.1 1
24 2 0.6 0.1 2
25 2 0.6 0.1 0
25 2 0.6 0.1 1
25 2 0.6 0.1 2
26 2 0.6 0.1 0
26 2 0.6 0.1 1
26 2 0.6 0.1 2
27 2 0.6 0.1 0
27 2 0.6 0.1 1
27 2 0.6 0.1 2
28 2 0.6 0.1 0
28 2 0.6 0.1 1
28 2 0.6 0.1 2
29 2 0.6 0.1 0
29 2 0.6 0.1 1
29 2 0.6 0.1 2
