!!node 0!!
5 5 0
5 5 1
5 5 2
5 5 3
5 5 4
5 5 5
5 5 6
5 5 7
5 5 8
5 5 9
5 5 10
5 5 11
5 5 12
5 5 13
5 5 14
5 5 15
5 5 16
5 5 17
5 5 18
5 5 19
5 5 20
5 5 21
5 5 22
5 5 23
5 5 24
5 5 25
5 5 26
5 5 27
5 5 28
5 5 29
5 5 30
5 5 31
5 5 32
5 5 33
5 5 34
5 5 35
5 5 36
5 5 37
5 5 38
5 5 39
5 5 40
5 5 41
5 5 42
5 5 43
5 5 44
5 5 45
5 5 46
5 5 47
5 5 48
5 5 49
5 5 50
5 5 51
5 5 52
5 5 53
5 5 54
5 5 55
5 5 56
5 5 57
5 5 58
5 5 59
5 5 60
5 5 61
5 5 62
5 5 63
5 5 64
5 5 65
5 5 66
5 5 67
5 5 68
5 5 69
5 5 70
5 5 71
5 5 72
5 5 73
5 5 74
5 5 75
5 5 76
5 5 77
5 5 78
5 5 79
5 5 80
5 5 81
5 5 82
5 5 83
5 5 84
5 5 85
5 5 86
5 5 87
5 5 88
5 5 89
5 5 90
5 5 91
5 5 92
5 5 93
5 5 94
5 5 95
5 5 96
5 5 97
5 5 98
5 5 99
5 5 100
5 5 101
5 5 102
5 5 103
5 5 104
5 5 105
5 5 106
5 5 107
5 5 108
5 5 109
5 5 110
5 5 111
5 5 112
5 5 113
5 5 114
5 5 115
5 5 116
5 5 117
5 5 118
5 5 119
5 5 120
5 5 121
5 5 122
5 5 123
5 5 124
5 5 125
5 5 126
5 5 127
5 5 128
5 5 129
5 5 130
5 5 131
5 5 132
5 5 133
5 5 134
5 5 135
5 5 136
5 5 137
5 5 138
5 5 139
5 5 140
5 5 141
5 5 142
5 5 143
5 5 144
5 5 145
5 5 146
5 5 147
5 5 148
5 5 149
5 5 150
5 5 151
5 5 152
5 5 153
5 5 154
5 5 155
5 5 156
5 5 157
5 5 158
5 5 159
5 5 160
5 5 161
5 5 162
5 5 163
5 5 164
5 5 165
5 5 166
5 5 167
5 5 168
5 5 169
5 5 170
5 5 171
5 5 172
5 5 173
5 5 174
5 5 175
5 5 176
5 5 177
5 5 178
5 5 179
5 5 180
5 5 181
5 5 182
5 5 183
5 5 184
5 5 185
5 5 186
5 5 187
5 5 188
5 5 189
5 5 190
5 5 191
5 5 192
5 5 193
5 5 194
5 5 195
5 5 196
5 5 197
5 5 198
5 5 199
5 5 200
5 5 201
5 5 202
5 5 203
5 5 204
5 5 205
5 5 206
5 5 207
5 5 208
5 5 209
5 5 210
5 5 211
5 5 212
5 5 213
5 5 214
5 5 215
5 5 216
5 5 217
5 5 218
5 5 219
5 5 220
5 5 221
5 5 222
5 5 223
5 5 224
5 5 225
5 5 226
5 5 227
5 5 228
5 5 229
5 5 230
5 5 231
5 5 232
5 5 233
5 5 234
5 5 235
5 5 236
5 5 237
5 5 238
5 5 239
5 5 240
5 5 241
5 5 242
5 5 243
5 5 244
5 5 245
5 5 246
5 5 247
5 5 248
5 5 249
5 5 250
5 5 251
5 5 252
5 5 253
5 5 254
5 5 255
5 5 256
5 5 257
5 5 258
5 5 259
5 5 260
5 5 261
5 5 262
5 5 263
5 5 264
5 5 265
5 5 266
5 5 267
5 5 268
5 5 269
5 5 270
5 5 271
5 5 272
5 5 273
5 5 274
5 5 275
5 5 276
5 5 277
5 5 278
5 5 279
5 5 280
5 5 281
5 5 282
5 5 283
5 5 284
5 5 285
5 5 286
5 5 287
5 5 288
5 5 289
5 5 290
5 5 291
5 5 292
5 5 293
5 5 294
5 5 295
5 5 296
5 5 297
5 5 298
5 5 299
5 5 300
5 5 301
5 5 302
5 5 303
5 5 304
5 5 305
5 5 306
5 5 307
5 5 308
5 5 309
5 5 310
5 5 311
5 5 312
5 5 313
5 5 314
5 5 315
5 5 316
5 5 317
5 5 318
5 5 319
!!node 1!!
5 5 320
5 5 321
5 5 322
5 5 323
5 5 324
5 5 325
5 5 326
5 5 327
5 5 328
5 5 329
5 5 330
5 5 331
5 5 332
5 5 333
5 5 334
5 5 335
5 5 336
5 5 337
5 5 338
5 5 339
5 5 340
5 5 341
5 5 342
5 5 343
5 5 344
5 5 345
5 5 346
5 5 347
5 5 348
5 5 349
5 5 350
5 5 351
5 5 352
5 5 353
5 5 354
5 5 355
5 5 356
5 5 357
5 5 358
5 5 359
5 5 360
5 5 361
5 5 362
5 5 363
5 5 364
5 5 365
5 5 366
5 5 367
5 5 368
5 5 369
5 5 370
5 5 371
5 5 372
5 5 373
5 5 374
5 5 375
5 5 376
5 5 377
5 5 378
5 5 379
5 5 380
5 5 381
5 5 382
5 5 383
5 5 384
5 5 385
5 5 386
5 5 387
5 5 388
5 5 389
5 5 390
5 5 391
5 5 392
5 5 393
5 5 394
5 5 395
5 5 396
5 5 397
5 5 398
5 5 399
5 5 400
5 5 401
5 5 402
5 5 403
5 5 404
5 5 405
5 5 406
5 5 407
5 5 408
5 5 409
5 5 410
5 5 411
5 5 412
5 5 413
5 5 414
5 5 415
5 5 416
5 5 417
5 5 418
5 5 419
5 5 420
5 5 421
5 5 422
5 5 423
5 5 424
5 5 425
5 5 426
5 5 427
5 5 428
5 5 429
5 5 430
5 5 431
5 5 432
5 5 433
5 5 434
5 5 435
5 5 436
5 5 437
5 5 438
5 5 439
5 5 440
5 5 441
5 5 442
5 5 443
5 5 444
5 5 445
5 5 446
5 5 447
5 5 448
5 5 449
5 5 450
5 5 451
5 5 452
5 5 453
5 5 454
5 5 455
5 5 456
5 5 457
5 5 458
5 5 459
5 5 460
5 5 461
5 5 462
5 5 463
5 5 464
5 5 465
5 5 466
5 5 467
5 5 468
5 5 469
5 5 470
5 5 471
5 5 472
5 5 473
5 5 474
5 5 475
5 5 476
5 5 477
5 5 478
5 5 479
5.5 5 0
5.5 5 1
5.5 5 2
5.5 5 3
5.5 5 4
5.5 5 5
5.5 5 6
5.5 5 7
5.5 5 8
5.5 5 9
5.5 5 10
5.5 5 11
5.5 5 12
5.5 5 13
5.5 5 14
5.5 5 15
5.5 5 16
5.5 5 17
5.5 5 18
5.5 5 19
5.5 5 20
5.5 5 21
5.5 5 22
5.5 5 23
5.5 5 24
5.5 5 25
5.5 5 26
5.5 5 27
5.5 5 28
5.5 5 29
5.5 5 30
5.5 5 31
5.5 5 32
5.5 5 33
5.5 5 34
5.5 5 35
5.5 5 36
5.5 5 37
5.5 5 38
5.5 5 39
5.5 5 40
5.5 5 41
5.5 5 42
5.5 5 43
5.5 5 44
5.5 5 45
5.5 5 46
5.5 5 47
5.5 5 48
5.5 5 49
5.5 5 50
5.5 5 51
5.5 5 52
5.5 5 53
5.5 5 54
5.5 5 55
5.5 5 56
5.5 5 57
5.5 5 58
5.5 5 59
5.5 5 60
5.5 5 61
5.5 5 62
5.5 5 63
5.5 5 64
5.5 5 65
5.5 5 66
5.5 5 67
5.5 5 68
5.5 5 69
5.5 5 70
5.5 5 71
5.5 5 72
5.5 5 73
5.5 5 74
5.5 5 75
5.5 5 76
5.5 5 77
5.5 5 78
5.5 5 79
5.5 5 80
5.5 5 81
5.5 5 82
5.5 5 83
5.5 5 84
5.5 5 85
5.5 5 86
5.5 5 87
5.5 5 88
5.5 5 89
5.5 5 90
5.5 5 91
5.5 5 92
5.5 5 93
5.5 5 94
5.5 5 95
5.5 5 96
5.5 5 97
5.5 5 98
5.5 5 99
5.5 5 100
5.5 5 101
5.5 5 102
5.5 5 103
5.5 5 104
5.5 5 105
5.5 5 106
5.5 5 107
5.5 5 108
5.5 5 109
5.5 5 110
5.5 5 111
5.5 5 112
5.5 5 113
5.5 5 114
5.5 5 115
5.5 5 116
5.5 5 117
5.5 5 118
5.5 5 119
5.5 5 120
5.5 5 121
5.5 5 122
5.5 5 123
5.5 5 124
5.5 5 125
5.5 5 126
5.5 5 127
5.5 5 128
5.5 5 129
5.5 5 130
5.5 5 131
5.5 5 132
5.5 5 133
5.5 5 134
5.5 5 135
5.5 5 136
5.5 5 137
5.5 5 138
5.5 5 139
5.5 5 140
5.5 5 141
5.5 5 142
5.5 5 143
5.5 5 144
5.5 5 145
5.5 5 146
5.5 5 147
5.5 5 148
5.5 5 149
5.5 5 150
5.5 5 151
5.5 5 152
5.5 5 153
5.5 5 154
5.5 5 155
5.5 5 156
5.5 5 157
5.5 5 158
5.5 5 159
!!node 2!!
5.5 5 160
5.5 5 161
5.5 5 162
5.5 5 163
5.5 5 164
5.5 5 165
5.5 5 166
5.5 5 167
5.5 5 168
5.5 5 169
5.5 5 170
5.5 5 171
5.5 5 172
5.5 5 173
5.5 5 174
5.5 5 175
5.5 5 176
5.5 5 177
5.5 5 178
5.5 5 179
5.5 5 180
5.5 5 181
5.5 5 182
5.5 5 183
5.5 5 184
5.5 5 185
5.5 5 186
5.5 5 187
5.5 5 188
5.5 5 189
5.5 5 190
5.5 5 191
5.5 5 192
5.5 5 193
5.5 5 194
5.5 5 195
5.5 5 196
5.5 5 197
5.5 5 198
5.5 5 199
5.5 5 200
5.5 5 201
5.5 5 202
5.5 5 203
5.5 5 204
5.5 5 205
5.5 5 206
5.5 5 207
5.5 5 208
5.5 5 209
5.5 5 210
5.5 5 211
5.5 5 212
5.5 5 213
5.5 5 214
5.5 5 215
5.5 5 216
5.5 5 217
5.5 5 218
5.5 5 219
5.5 5 220
5.5 5 221
5.5 5 222
5.5 5 223
5.5 5 224
5.5 5 225
5.5 5 226
5.5 5 227
5.5 5 228
5.5 5 229
5.5 5 230
5.5 5 231
5.5 5 232
5.5 5 233
5.5 5 234
5.5 5 235
5.5 5 236
5.5 5 237
5.5 5 238
5.5 5 239
5.5 5 240
5.5 5 241
5.5 5 242
5.5 5 243
5.5 5 244
5.5 5 245
5.5 5 246
5.5 5 247
5.5 5 248
5.5 5 249
5.5 5 250
5.5 5 251
5.5 5 252
5.5 5 253
5.5 5 254
5.5 5 255
5.5 5 256
5.5 5 257
5.5 5 258
5.5 5 259
5.5 5 260
5.5 5 261
5.5 5 262
5.5 5 263
5.5 5 264
5.5 5 265
5.5 5 266
5.5 5 267
5.5 5 268
5.5 5 269
5.5 5 270
5.5 5 271
5.5 5 272
5.5 5 273
5.5 5 274
5.5 5 275
5.5 5 276
5.5 5 277
5.5 5 278
5.5 5 279
5.5 5 280
5.5 5 281
5.5 5 282
5.5 5 283
5.5 5 284
5.5 5 285
5.5 5 286
5.5 5 287
5.5 5 288
5.5 5 289
5.5 5 290
5.5 5 291
5.5 5 292
5.5 5 293
5.5 5 294
5.5 5 295
5.5 5 296
5.5 5 297
5.5 5 298
5.5 5 299
5.5 5 300
5.5 5 301
5.5 5 302
5.5 5 303
5.5 5 304
5.5 5 305
5.5 5 306
5.5 5 307
5.5 5 308
5.5 5 309
5.5 5 310
5.5 5 311
5.5 5 312
5.5 5 313
5.5 5 314
5.5 5 315
5.5 5 316
5.5 5 317
5.5 5 318
5.5 5 319
5.5 5 320
5.5 5 321
5.5 5 322
5.5 5 323
5.5 5 324
5.5 5 325
5.5 5 326
5.5 5 327
5.5 5 328
5.5 5 329
5.5 5 330
5.5 5 331
5.5 5 332
5.5 5 333
5.5 5 334
5.5 5 335
5.5 5 336
5.5 5 337
5.5 5 338
5.5 5 339
5.5 5 340
5.5 5 341
5.5 5 342
5.5 5 343
5.5 5 344
5.5 5 345
5.5 5 346
5.5 5 347
5.5 5 348
5.5 5 349
5.5 5 350
5.5 5 351
5.5 5 352
5.5 5 353
5.5 5 354
5.5 5 355
5.5 5 356
5.5 5 357
5.5 5 358
5.5 5 359
5.5 5 360
5.5 5 361
5.5 5 362
5.5 5 363
5.5 5 364
5.5 5 365
5.5 5 366
5.5 5 367
5.5 5 368
5.5 5 369
5.5 5 370
5.5 5 371
5.5 5 372
5.5 5 373
5.5 5 374
5.5 5 375
5.5 5 376
5.5 5 377
5.5 5 378
5.5 5 379
5.5 5 380
5.5 5 381
5.5 5 382
5.5 5 383
5.5 5 384
5.5 5 385
5.5 5 386
5.5 5 387
5.5 5 388
5.5 5 389
5.5 5 390
5.5 5 391
5.5 5 392
5.5 5 393
5.5 5 394
5.5 5 395
5.5 5 396
5.5 5 397
5.5 5 398
5.5 5 399
5.5 5 400
5.5 5 401
5.5 5 402
5.5 5 403
5.5 5 404
5.5 5 405
5.5 5 406
5.5 5 407
5.5 5 408
5.5 5 409
5.5 5 410
5.5 5 411
5.5 5 412
5.5 5 413
5.5 5 414
5.5 5 415
5.5 5 416
5.5 5 417
5.5 5 418
5.5 5 419
5.5 5 420
5.5 5 421
5.5 5 422
5.5 5 423
5.5 5 424
5.5 5 425
5.5 5 426
5.5 5 427
5.5 5 428
5.5 5 429
5.5 5 430
5.5 5 431
5.5 5 432
5.5 5 433
5.5 5 434
5.5 5 435
5.5 5 436
5.5 5 437
5.5 5 438
5.5 5 439
5.5 5 440
5.5 5 441
5.5 5 442
5.5 5 443
5.5 5 444
5.5 5 445
5.5 5 446
5.5 5 447
5.5 5 448
5.5 5 449
5.5 5 450
5.5 5 451
5.5 5 452
5.5 5 453
5.5 5 454
5.5 5 455
5.5 5 456
5.5 5 457
5.5 5 458
5.5 5 459
5.5 5 460
5.5 5 461
5.5 5 462
5.5 5 463
5.5 5 464
5.5 5 465
5.5 5 466
5.5 5 467
5.5 5 468
5.5 5 469
5.5 5 470
5.5 5 471
5.5 5 472
5.5 5 473
5.5 5 474
5.5 5 475
5.5 5 476
5.5 5 477
5.5 5 478
5.5 5 479
!!node 3!!
6 5 0
6 5 1
6 5 2
6 5 3
6 5 4
6 5 5
6 5 6
6 5 7
6 5 8
6 5 9
6 5 10
6 5 11
6 5 12
6 5 13
6 5 14
6 5 15
6 5 16
6 5 17
6 5 18
6 5 19
6 5 20
6 5 21
6 5 22
6 5 23
6 5 24
6 5 25
6 5 26
6 5 27
6 5 28
6 5 29
6 5 30
6 5 31
6 5 32
6 5 33
6 5 34
6 5 35
6 5 36
6 5 37
6 5 38
6 5 39
6 5 40
6 5 41
6 5 42
6 5 43
6 5 44
6 5 45
6 5 46
6 5 47
6 5 48
6 5 49
6 5 50
6 5 51
6 5 52
6 5 53
6 5 54
6 5 55
6 5 56
6 5 57
6 5 58
6 5 59
6 5 60
6 5 61
6 5 62
6 5 63
6 5 64
6 5 65
6 5 66
6 5 67
6 5 68
6 5 69
6 5 70
6 5 71
6 5 72
6 5 73
6 5 74
6 5 75
6 5 76
6 5 77
6 5 78
6 5 79
6 5 80
6 5 81
6 5 82
6 5 83
6 5 84
6 5 85
6 5 86
6 5 87
6 5 88
6 5 89
6 5 90
6 5 91
6 5 92
6 5 93
6 5 94
6 5 95
6 5 96
6 5 97
6 5 98
6 5 99
6 5 100
6 5 101
6 5 102
6 5 103
6 5 104
6 5 105
6 5 106
6 5 107
6 5 108
6 5 109
6 5 110
6 5 111
6 5 112
6 5 113
6 5 114
6 5 115
6 5 116
6 5 117
6 5 118
6 5 119
6 5 120
6 5 121
6 5 122
6 5 123
6 5 124
6 5 125
6 5 126
6 5 127
6 5 128
6 5 129
6 5 130
6 5 131
6 5 132
6 5 133
6 5 134
6 5 135
6 5 136
6 5 137
6 5 138
6 5 139
6 5 140
6 5 141
6 5 142
6 5 143
6 5 144
6 5 145
6 5 146
6 5 147
6 5 148
6 5 149
6 5 150
6 5 151
6 5 152
6 5 153
6 5 154
6 5 155
6 5 156
6 5 157
6 5 158
6 5 159
6 5 160
6 5 161
6 5 162
6 5 163
6 5 164
6 5 165
6 5 166
6 5 167
6 5 168
6 5 169
6 5 170
6 5 171
6 5 172
6 5 173
6 5 174
6 5 175
6 5 176
6 5 177
6 5 178
6 5 179
6 5 180
6 5 181
6 5 182
6 5 183
6 5 184
6 5 185
6 5 186
6 5 187
6 5 188
6 5 189
6 5 190
6 5 191
6 5 192
6 5 193
6 5 194
6 5 195
6 5 196
6 5 197
6 5 198
6 5 199
6 5 200
6 5 201
6 5 202
6 5 203
6 5 204
6 5 205
6 5 206
6 5 207
6 5 208
6 5 209
6 5 210
6 5 211
6 5 212
6 5 213
6 5 214
6 5 215
6 5 216
6 5 217
6 5 218
6 5 219
6 5 220
6 5 221
6 5 222
6 5 223
6 5 224
6 5 225
6 5 226
6 5 227
6 5 228
6 5 229
6 5 230
6 5 231
6 5 232
6 5 233
6 5 234
6 5 235
6 5 236
6 5 237
6 5 238
6 5 239
6 5 240
6 5 241
6 5 242
6 5 243
6 5 244
6 5 245
6 5 246
6 5 247
6 5 248
6 5 249
6 5 250
6 5 251
6 5 252
6 5 253
6 5 254
6 5 255
6 5 256
6 5 257
6 5 258
6 5 259
6 5 260
6 5 261
6 5 262
6 5 263
6 5 264
6 5 265
6 5 266
6 5 267
6 5 268
6 5 269
6 5 270
6 5 271
6 5 272
6 5 273
6 5 274
6 5 275
6 5 276
6 5 277
6 5 278
6 5 279
6 5 280
6 5 281
6 5 282
6 5 283
6 5 284
6 5 285
6 5 286
6 5 287
6 5 288
6 5 289
6 5 290
6 5 291
6 5 292
6 5 293
6 5 294
6 5 295
6 5 296
6 5 297
6 5 298
6 5 299
6 5 300
6 5 301
6 5 302
6 5 303
6 5 304
6 5 305
6 5 306
6 5 307
6 5 308
6 5 309
6 5 310
6 5 311
6 5 312
6 5 313
6 5 314
6 5 315
6 5 316
6 5 317
6 5 318
6 5 319
!!node 4!!
6 5 320
6 5 321
6 5 322
6 5 323
6 5 324
6 5 325
6 5 326
6 5 327
6 5 328
6 5 329
6 5 330
6 5 331
6 5 332
6 5 333
6 5 334
6 5 335
6 5 336
6 5 337
6 5 338
6 5 339
6 5 340
6 5 341
6 5 342
6 5 343
6 5 344
6 5 345
6 5 346
6 5 347
6 5 348
6 5 349
6 5 350
6 5 351
6 5 352
6 5 353
6 5 354
6 5 355
6 5 356
6 5 357
6 5 358
6 5 359
6 5 360
6 5 361
6 5 362
6 5 363
6 5 364
6 5 365
6 5 366
6 5 367
6 5 368
6 5 369
6 5 370
6 5 371
6 5 372
6 5 373
6 5 374
6 5 375
6 5 376
6 5 377
6 5 378
6 5 379
6 5 380
6 5 381
6 5 382
6 5 383
6 5 384
6 5 385
6 5 386
6 5 387
6 5 388
6 5 389
6 5 390
6 5 391
6 5 392
6 5 393
6 5 394
6 5 395
6 5 396
6 5 397
6 5 398
6 5 399
6 5 400
6 5 401
6 5 402
6 5 403
6 5 404
6 5 405
6 5 406
6 5 407
6 5 408
6 5 409
6 5 410
6 5 411
6 5 412
6 5 413
6 5 414
6 5 415
6 5 416
6 5 417
6 5 418
6 5 419
6 5 420
6 5 421
6 5 422
6 5 423
6 5 424
6 5 425
6 5 426
6 5 427
6 5 428
6 5 429
6 5 430
6 5 431
6 5 432
6 5 433
6 5 434
6 5 435
6 5 436
6 5 437
6 5 438
6 5 439
6 5 440
6 5 441
6 5 442
6 5 443
6 5 444
6 5 445
6 5 446
6 5 447
6 5 448
6 5 449
6 5 450
6 5 451
6 5 452
6 5 453
6 5 454
6 5 455
6 5 456
6 5 457
6 5 458
6 5 459
6 5 460
6 5 461
6 5 462
6 5 463
6 5 464
6 5 465
6 5 466
6 5 467
6 5 468
6 5 469
6 5 470
6 5 471
6 5 472
6 5 473
6 5 474
6 5 475
6 5 476
6 5 477
6 5 478
6 5 479
6.5 5 0
6.5 5 1
6.5 5 2
6.5 5 3
6.5 5 4
6.5 5 5
6.5 5 6
6.5 5 7
6.5 5 8
6.5 5 9
6.5 5 10
6.5 5 11
6.5 5 12
6.5 5 13
6.5 5 14
6.5 5 15
6.5 5 16
6.5 5 17
6.5 5 18
6.5 5 19
6.5 5 20
6.5 5 21
6.5 5 22
6.5 5 23
6.5 5 24
6.5 5 25
6.5 5 26
6.5 5 27
6.5 5 28
6.5 5 29
6.5 5 30
6.5 5 31
6.5 5 32
6.5 5 33
6.5 5 34
6.5 5 35
6.5 5 36
6.5 5 37
6.5 5 38
6.5 5 39
6.5 5 40
6.5 5 41
6.5 5 42
6.5 5 43
6.5 5 44
6.5 5 45
6.5 5 46
6.5 5 47
6.5 5 48
6.5 5 49
6.5 5 50
6.5 5 51
6.5 5 52
6.5 5 53
6.5 5 54
6.5 5 55
6.5 5 56
6.5 5 57
6.5 5 58
6.5 5 59
6.5 5 60
6.5 5 61
6.5 5 62
6.5 5 63
6.5 5 64
6.5 5 65
6.5 5 66
6.5 5 67
6.5 5 68
6.5 5 69
6.5 5 70
6.5 5 71
6.5 5 72
6.5 5 73
6.5 5 74
6.5 5 75
6.5 5 76
6.5 5 77
6.5 5 78
6.5 5 79
6.5 5 80
6.5 5 81
6.5 5 82
6.5 5 83
6.5 5 84
6.5 5 85
6.5 5 86
6.5 5 87
6.5 5 88
6.5 5 89
6.5 5 90
6.5 5 91
6.5 5 92
6.5 5 93
6.5 5 94
6.5 5 95
6.5 5 96
6.5 5 97
6.5 5 98
6.5 5 99
6.5 5 100
6.5 5 101
6.5 5 102
6.5 5 103
6.5 5 104
6.5 5 105
6.5 5 106
6.5 5 107
6.5 5 108
6.5 5 109
6.5 5 110
6.5 5 111
6.5 5 112
6.5 5 113
6.5 5 114
6.5 5 115
6.5 5 116
6.5 5 117
6.5 5 118
6.5 5 119
6.5 5 120
6.5 5 121
6.5 5 122
6.5 5 123
6.5 5 124
6.5 5 125
6.5 5 126
6.5 5 127
6.5 5 128
6.5 5 129
6.5 5 130
6.5 5 131
6.5 5 132
6.5 5 133
6.5 5 134
6.5 5 135
6.5 5 136
6.5 5 137
6.5 5 138
6.5 5 139
6.5 5 140
6.5 5 141
6.5 5 142
6.5 5 143
6.5 5 144
6.5 5 145
6.5 5 146
6.5 5 147
6.5 5 148
6.5 5 149
6.5 5 150
6.5 5 151
6.5 5 152
6.5 5 153
6.5 5 154
6.5 5 155
6.5 5 156
6.5 5 157
6.5 5 158
6.5 5 159
!!node 5!!
6.5 5 160
6.5 5 161
6.5 5 162
6.5 5 163
6.5 5 164
6.5 5 165
6.5 5 166
6.5 5 167
6.5 5 168
6.5 5 169
6.5 5 170
6.5 5 171
6.5 5 172
6.5 5 173
6.5 5 174
6.5 5 175
6.5 5 176
6.5 5 177
6.5 5 178
6.5 5 179
6.5 5 180
6.5 5 181
6.5 5 182
6.5 5 183
6.5 5 184
6.5 5 185
6.5 5 186
6.5 5 187
6.5 5 188
6.5 5 189
6.5 5 190
6.5 5 191
6.5 5 192
6.5 5 193
6.5 5 194
6.5 5 195
6.5 5 196
6.5 5 197
6.5 5 198
6.5 5 199
6.5 5 200
6.5 5 201
6.5 5 202
6.5 5 203
6.5 5 204
6.5 5 205
6.5 5 206
6.5 5 207
6.5 5 208
6.5 5 209
6.5 5 210
6.5 5 211
6.5 5 212
6.5 5 213
6.5 5 214
6.5 5 215
6.5 5 216
6.5 5 217
6.5 5 218
6.5 5 219
6.5 5 220
6.5 5 221
6.5 5 222
6.5 5 223
6.5 5 224
6.5 5 225
6.5 5 226
6.5 5 227
6.5 5 228
6.5 5 229
6.5 5 230
6.5 5 231
6.5 5 232
6.5 5 233
6.5 5 234
6.5 5 235
6.5 5 236
6.5 5 237
6.5 5 238
6.5 5 239
6.5 5 240
6.5 5 241
6.5 5 242
6.5 5 243
6.5 5 244
6.5 5 245
6.5 5 246
6.5 5 247
6.5 5 248
6.5 5 249
6.5 5 250
6.5 5 251
6.5 5 252
6.5 5 253
6.5 5 254
6.5 5 255
6.5 5 256
6.5 5 257
6.5 5 258
6.5 5 259
6.5 5 260
6.5 5 261
6.5 5 262
6.5 5 263
6.5 5 264
6.5 5 265
6.5 5 266
6.5 5 267
6.5 5 268
6.5 5 269
6.5 5 270
6.5 5 271
6.5 5 272
6.5 5 273
6.5 5 274
6.5 5 275
6.5 5 276
6.5 5 277
6.5 5 278
6.5 5 279
6.5 5 280
6.5 5 281
6.5 5 282
6.5 5 283
6.5 5 284
6.5 5 285
6.5 5 286
6.5 5 287
6.5 5 288
6.5 5 289
6.5 5 290
6.5 5 291
6.5 5 292
6.5 5 293
6.5 5 294
6.5 5 295
6.5 5 296
6.5 5 297
6.5 5 298
6.5 5 299
6.5 5 300
6.5 5 301
6.5 5 302
6.5 5 303
6.5 5 304
6.5 5 305
6.5 5 306
6.5 5 307
6.5 5 308
6.5 5 309
6.5 5 310
6.5 5 311
6.5 5 312
6.5 5 313
6.5 5 314
6.5 5 315
6.5 5 316
6.5 5 317
6.5 5 318
6.5 5 319
6.5 5 320
6.5 5 321
6.5 5 322
6.5 5 323
6.5 5 324
6.5 5 325
6.5 5 326
6.5 5 327
6.5 5 328
6.5 5 329
6.5 5 330
6.5 5 331
6.5 5 332
6.5 5 333
6.5 5 334
6.5 5 335
6.5 5 336
6.5 5 337
6.5 5 338
6.5 5 339
6.5 5 340
6.5 5 341
6.5 5 342
6.5 5 343
6.5 5 344
6.5 5 345
6.5 5 346
6.5 5 347
6.5 5 348
6.5 5 349
6.5 5 350
6.5 5 351
6.5 5 352
6.5 5 353
6.5 5 354
6.5 5 355
6.5 5 356
6.5 5 357
6.5 5 358
6.5 5 359
6.5 5 360
6.5 5 361
6.5 5 362
6.5 5 363
6.5 5 364
6.5 5 365
6.5 5 366
6.5 5 367
6.5 5 368
6.5 5 369
6.5 5 370
6.5 5 371
6.5 5 372
6.5 5 373
6.5 5 374
6.5 5 375
6.5 5 376
6.5 5 377
6.5 5 378
6.5 5 379
6.5 5 380
6.5 5 381
6.5 5 382
6.5 5 383
6.5 5 384
6.5 5 385
6.5 5 386
6.5 5 387
6.5 5 388
6.5 5 389
6.5 5 390
6.5 5 391
6.5 5 392
6.5 5 393
6.5 5 394
6.5 5 395
6.5 5 396
6.5 5 397
6.5 5 398
6.5 5 399
6.5 5 400
6.5 5 401
6.5 5 402
6.5 5 403
6.5 5 404
6.5 5 405
6.5 5 406
6.5 5 407
6.5 5 408
6.5 5 409
6.5 5 410
6.5 5 411
6.5 5 412
6.5 5 413
6.5 5 414
6.5 5 415
6.5 5 416
6.5 5 417
6.5 5 418
6.5 5 419
6.5 5 420
6.5 5 421
6.5 5 422
6.5 5 423
6.5 5 424
6.5 5 425
6.5 5 426
6.5 5 427
6.5 5 428
6.5 5 429
6.5 5 430
6.5 5 431
6.5 5 432
6.5 5 433
6.5 5 434
6.5 5 435
6.5 5 436
6.5 5 437
6.5 5 438
6.5 5 439
6.5 5 440
6.5 5 441
6.5 5 442
6.5 5 443
6.5 5 444
6.5 5 445
6.5 5 446
6.5 5 447
6.5 5 448
6.5 5 449
6.5 5 450
6.5 5 451
6.5 5 452
6.5 5 453
6.5 5 454
6.5 5 455
6.5 5 456
6.5 5 457
6.5 5 458
6.5 5 459
6.5 5 460
6.5 5 461
6.5 5 462
6.5 5 463
6.5 5 464
6.5 5 465
6.5 5 466
6.5 5 467
6.5 5 468
6.5 5 469
6.5 5 470
6.5 5 471
6.5 5 472
6.5 5 473
6.5 5 474
6.5 5 475
6.5 5 476
6.5 5 477
6.5 5 478
6.5 5 479
!!node 6!!
7 5 0
7 5 1
7 5 2
7 5 3
7 5 4
7 5 5
7 5 6
7 5 7
7 5 8
7 5 9
7 5 10
7 5 11
7 5 12
7 5 13
7 5 14
7 5 15
7 5 16
7 5 17
7 5 18
7 5 19
7 5 20
7 5 21
7 5 22
7 5 23
7 5 24
7 5 25
7 5 26
7 5 27
7 5 28
7 5 29
7 5 30
7 5 31
7 5 32
7 5 33
7 5 34
7 5 35
7 5 36
7 5 37
7 5 38
7 5 39
7 5 40
7 5 41
7 5 42
7 5 43
7 5 44
7 5 45
7 5 46
7 5 47
7 5 48
7 5 49
7 5 50
7 5 51
7 5 52
7 5 53
7 5 54
7 5 55
7 5 56
7 5 57
7 5 58
7 5 59
7 5 60
7 5 61
7 5 62
7 5 63
7 5 64
7 5 65
7 5 66
7 5 67
7 5 68
7 5 69
7 5 70
7 5 71
7 5 72
7 5 73
7 5 74
7 5 75
7 5 76
7 5 77
7 5 78
7 5 79
7 5 80
7 5 81
7 5 82
7 5 83
7 5 84
7 5 85
7 5 86
7 5 87
7 5 88
7 5 89
7 5 90
7 5 91
7 5 92
7 5 93
7 5 94
7 5 95
7 5 96
7 5 97
7 5 98
7 5 99
7 5 100
7 5 101
7 5 102
7 5 103
7 5 104
7 5 105
7 5 106
7 5 107
7 5 108
7 5 109
7 5 110
7 5 111
7 5 112
7 5 113
7 5 114
7 5 115
7 5 116
7 5 117
7 5 118
7 5 119
7 5 120
7 5 121
7 5 122
7 5 123
7 5 124
7 5 125
7 5 126
7 5 127
7 5 128
7 5 129
7 5 130
7 5 131
7 5 132
7 5 133
7 5 134
7 5 135
7 5 136
7 5 137
7 5 138
7 5 139
7 5 140
7 5 141
7 5 142
7 5 143
7 5 144
7 5 145
7 5 146
7 5 147
7 5 148
7 5 149
7 5 150
7 5 151
7 5 152
7 5 153
7 5 154
7 5 155
7 5 156
7 5 157
7 5 158
7 5 159
7 5 160
7 5 161
7 5 162
7 5 163
7 5 164
7 5 165
7 5 166
7 5 167
7 5 168
7 5 169
7 5 170
7 5 171
7 5 172
7 5 173
7 5 174
7 5 175
7 5 176
7 5 177
7 5 178
7 5 179
7 5 180
7 5 181
7 5 182
7 5 183
7 5 184
7 5 185
7 5 186
7 5 187
7 5 188
7 5 189
7 5 190
7 5 191
7 5 192
7 5 193
7 5 194
7 5 195
7 5 196
7 5 197
7 5 198
7 5 199
7 5 200
7 5 201
7 5 202
7 5 203
7 5 204
7 5 205
7 5 206
7 5 207
7 5 208
7 5 209
7 5 210
7 5 211
7 5 212
7 5 213
7 5 214
7 5 215
7 5 216
7 5 217
7 5 218
7 5 219
7 5 220
7 5 221
7 5 222
7 5 223
7 5 224
7 5 225
7 5 226
7 5 227
7 5 228
7 5 229
7 5 230
7 5 231
7 5 232
7 5 233
7 5 234
7 5 235
7 5 236
7 5 237
7 5 238
7 5 239
7 5 240
7 5 241
7 5 242
7 5 243
7 5 244
7 5 245
7 5 246
7 5 247
7 5 248
7 5 249
7 5 250
7 5 251
7 5 252
7 5 253
7 5 254
7 5 255
7 5 256
7 5 257
7 5 258
7 5 259
7 5 260
7 5 261
7 5 262
7 5 263
7 5 264
7 5 265
7 5 266
7 5 267
7 5 268
7 5 269
7 5 270
7 5 271
7 5 272
7 5 273
7 5 274
7 5 275
7 5 276
7 5 277
7 5 278
7 5 279
7 5 280
7 5 281
7 5 282
7 5 283
7 5 284
7 5 285
7 5 286
7 5 287
7 5 288
7 5 289
7 5 290
7 5 291
7 5 292
7 5 293
7 5 294
7 5 295
7 5 296
7 5 297
7 5 298
7 5 299
7 5 300
7 5 301
7 5 302
7 5 303
7 5 304
7 5 305
7 5 306
7 5 307
7 5 308
7 5 309
7 5 310
7 5 311
7 5 312
7 5 313
7 5 314
7 5 315
7 5 316
7 5 317
7 5 318
7 5 319
!!node 7!!
7 5 320
7 5 321
7 5 322
7 5 323
7 5 324
7 5 325
7 5 326
7 5 327
7 5 328
7 5 329
7 5 330
7 5 331
7 5 332
7 5 333
7 5 334
7 5 335
7 5 336
7 5 337
7 5 338
7 5 339
7 5 340
7 5 341
7 5 342
7 5 343
7 5 344
7 5 345
7 5 346
7 5 347
7 5 348
7 5 349
7 5 350
7 5 351
7 5 352
7 5 353
7 5 354
7 5 355
7 5 356
7 5 357
7 5 358
7 5 359
7 5 360
7 5 361
7 5 362
7 5 363
7 5 364
7 5 365
7 5 366
7 5 367
7 5 368
7 5 369
7 5 370
7 5 371
7 5 372
7 5 373
7 5 374
7 5 375
7 5 376
7 5 377
7 5 378
7 5 379
7 5 380
7 5 381
7 5 382
7 5 383
7 5 384
7 5 385
7 5 386
7 5 387
7 5 388
7 5 389
7 5 390
7 5 391
7 5 392
7 5 393
7 5 394
7 5 395
7 5 396
7 5 397
7 5 398
7 5 399
7 5 400
7 5 401
7 5 402
7 5 403
7 5 404
7 5 405
7 5 406
7 5 407
7 5 408
7 5 409
7 5 410
7 5 411
7 5 412
7 5 413
7 5 414
7 5 415
7 5 416
7 5 417
7 5 418
7 5 419
7 5 420
7 5 421
7 5 422
7 5 423
7 5 424
7 5 425
7 5 426
7 5 427
7 5 428
7 5 429
7 5 430
7 5 431
7 5 432
7 5 433
7 5 434
7 5 435
7 5 436
7 5 437
7 5 438
7 5 439
7 5 440
7 5 441
7 5 442
7 5 443
7 5 444
7 5 445
7 5 446
7 5 447
7 5 448
7 5 449
7 5 450
7 5 451
7 5 452
7 5 453
7 5 454
7 5 455
7 5 456
7 5 457
7 5 458
7 5 459
7 5 460
7 5 461
7 5 462
7 5 463
7 5 464
7 5 465
7 5 466
7 5 467
7 5 468
7 5 469
7 5 470
7 5 471
7 5 472
7 5 473
7 5 474
7 5 475
7 5 476
7 5 477
7 5 478
7 5 479
7.5 5 0
7.5 5 1
7.5 5 2
7.5 5 3
7.5 5 4
7.5 5 5
7.5 5 6
7.5 5 7
7.5 5 8
7.5 5 9
7.5 5 10
7.5 5 11
7.5 5 12
7.5 5 13
7.5 5 14
7.5 5 15
7.5 5 16
7.5 5 17
7.5 5 18
7.5 5 19
7.5 5 20
7.5 5 21
7.5 5 22
7.5 5 23
7.5 5 24
7.5 5 25
7.5 5 26
7.5 5 27
7.5 5 28
7.5 5 29
7.5 5 30
7.5 5 31
7.5 5 32
7.5 5 33
7.5 5 34
7.5 5 35
7.5 5 36
7.5 5 37
7.5 5 38
7.5 5 39
7.5 5 40
7.5 5 41
7.5 5 42
7.5 5 43
7.5 5 44
7.5 5 45
7.5 5 46
7.5 5 47
7.5 5 48
7.5 5 49
7.5 5 50
7.5 5 51
7.5 5 52
7.5 5 53
7.5 5 54
7.5 5 55
7.5 5 56
7.5 5 57
7.5 5 58
7.5 5 59
7.5 5 60
7.5 5 61
7.5 5 62
7.5 5 63
7.5 5 64
7.5 5 65
7.5 5 66
7.5 5 67
7.5 5 68
7.5 5 69
7.5 5 70
7.5 5 71
7.5 5 72
7.5 5 73
7.5 5 74
7.5 5 75
7.5 5 76
7.5 5 77
7.5 5 78
7.5 5 79
7.5 5 80
7.5 5 81
7.5 5 82
7.5 5 83
7.5 5 84
7.5 5 85
7.5 5 86
7.5 5 87
7.5 5 88
7.5 5 89
7.5 5 90
7.5 5 91
7.5 5 92
7.5 5 93
7.5 5 94
7.5 5 95
7.5 5 96
7.5 5 97
7.5 5 98
7.5 5 99
7.5 5 100
7.5 5 101
7.5 5 102
7.5 5 103
7.5 5 104
7.5 5 105
7.5 5 106
7.5 5 107
7.5 5 108
7.5 5 109
7.5 5 110
7.5 5 111
7.5 5 112
7.5 5 113
7.5 5 114
7.5 5 115
7.5 5 116
7.5 5 117
7.5 5 118
7.5 5 119
7.5 5 120
7.5 5 121
7.5 5 122
7.5 5 123
7.5 5 124
7.5 5 125
7.5 5 126
7.5 5 127
7.5 5 128
7.5 5 129
7.5 5 130
7.5 5 131
7.5 5 132
7.5 5 133
7.5 5 134
7.5 5 135
7.5 5 136
7.5 5 137
7.5 5 138
7.5 5 139
7.5 5 140
7.5 5 141
7.5 5 142
7.5 5 143
7.5 5 144
7.5 5 145
7.5 5 146
7.5 5 147
7.5 5 148
7.5 5 149
7.5 5 150
7.5 5 151
7.5 5 152
7.5 5 153
7.5 5 154
7.5 5 155
7.5 5 156
7.5 5 157
7.5 5 158
7.5 5 159
!!node 8!!
7.5 5 160
7.5 5 161
7.5 5 162
7.5 5 163
7.5 5 164
7.5 5 165
7.5 5 166
7.5 5 167
7.5 5 168
7.5 5 169
7.5 5 170
7.5 5 171
7.5 5 172
7.5 5 173
7.5 5 174
7.5 5 175
7.5 5 176
7.5 5 177
7.5 5 178
7.5 5 179
7.5 5 180
7.5 5 181
7.5 5 182
7.5 5 183
7.5 5 184
7.5 5 185
7.5 5 186
7.5 5 187
7.5 5 188
7.5 5 189
7.5 5 190
7.5 5 191
7.5 5 192
7.5 5 193
7.5 5 194
7.5 5 195
7.5 5 196
7.5 5 197
7.5 5 198
7.5 5 199
7.5 5 200
7.5 5 201
7.5 5 202
7.5 5 203
7.5 5 204
7.5 5 205
7.5 5 206
7.5 5 207
7.5 5 208
7.5 5 209
7.5 5 210
7.5 5 211
7.5 5 212
7.5 5 213
7.5 5 214
7.5 5 215
7.5 5 216
7.5 5 217
7.5 5 218
7.5 5 219
7.5 5 220
7.5 5 221
7.5 5 222
7.5 5 223
7.5 5 224
7.5 5 225
7.5 5 226
7.5 5 227
7.5 5 228
7.5 5 229
7.5 5 230
7.5 5 231
7.5 5 232
7.5 5 233
7.5 5 234
7.5 5 235
7.5 5 236
7.5 5 237
7.5 5 238
7.5 5 239
7.5 5 240
7.5 5 241
7.5 5 242
7.5 5 243
7.5 5 244
7.5 5 245
7.5 5 246
7.5 5 247
7.5 5 248
7.5 5 249
7.5 5 250
7.5 5 251
7.5 5 252
7.5 5 253
7.5 5 254
7.5 5 255
7.5 5 256
7.5 5 257
7.5 5 258
7.5 5 259
7.5 5 260
7.5 5 261
7.5 5 262
7.5 5 263
7.5 5 264
7.5 5 265
7.5 5 266
7.5 5 267
7.5 5 268
7.5 5 269
7.5 5 270
7.5 5 271
7.5 5 272
7.5 5 273
7.5 5 274
7.5 5 275
7.5 5 276
7.5 5 277
7.5 5 278
7.5 5 279
7.5 5 280
7.5 5 281
7.5 5 282
7.5 5 283
7.5 5 284
7.5 5 285
7.5 5 286
7.5 5 287
7.5 5 288
7.5 5 289
7.5 5 290
7.5 5 291
7.5 5 292
7.5 5 293
7.5 5 294
7.5 5 295
7.5 5 296
7.5 5 297
7.5 5 298
7.5 5 299
7.5 5 300
7.5 5 301
7.5 5 302
7.5 5 303
7.5 5 304
7.5 5 305
7.5 5 306
7.5 5 307
7.5 5 308
7.5 5 309
7.5 5 310
7.5 5 311
7.5 5 312
7.5 5 313
7.5 5 314
7.5 5 315
7.5 5 316
7.5 5 317
7.5 5 318
7.5 5 319
7.5 5 320
7.5 5 321
7.5 5 322
7.5 5 323
7.5 5 324
7.5 5 325
7.5 5 326
7.5 5 327
7.5 5 328
7.5 5 329
7.5 5 330
7.5 5 331
7.5 5 332
7.5 5 333
7.5 5 334
7.5 5 335
7.5 5 336
7.5 5 337
7.5 5 338
7.5 5 339
7.5 5 340
7.5 5 341
7.5 5 342
7.5 5 343
7.5 5 344
7.5 5 345
7.5 5 346
7.5 5 347
7.5 5 348
7.5 5 349
7.5 5 350
7.5 5 351
7.5 5 352
7.5 5 353
7.5 5 354
7.5 5 355
7.5 5 356
7.5 5 357
7.5 5 358
7.5 5 359
7.5 5 360
7.5 5 361
7.5 5 362
7.5 5 363
7.5 5 364
7.5 5 365
7.5 5 366
7.5 5 367
7.5 5 368
7.5 5 369
7.5 5 370
7.5 5 371
7.5 5 372
7.5 5 373
7.5 5 374
7.5 5 375
7.5 5 376
7.5 5 377
7.5 5 378
7.5 5 379
7.5 5 380
7.5 5 381
7.5 5 382
7.5 5 383
7.5 5 384
7.5 5 385
7.5 5 386
7.5 5 387
7.5 5 388
7.5 5 389
7.5 5 390
7.5 5 391
7.5 5 392
7.5 5 393
7.5 5 394
7.5 5 395
7.5 5 396
7.5 5 397
7.5 5 398
7.5 5 399
7.5 5 400
7.5 5 401
7.5 5 402
7.5 5 403
7.5 5 404
7.5 5 405
7.5 5 406
7.5 5 407
7.5 5 408
7.5 5 409
7.5 5 410
7.5 5 411
7.5 5 412
7.5 5 413
7.5 5 414
7.5 5 415
7.5 5 416
7.5 5 417
7.5 5 418
7.5 5 419
7.5 5 420
7.5 5 421
7.5 5 422
7.5 5 423
7.5 5 424
7.5 5 425
7.5 5 426
7.5 5 427
7.5 5 428
7.5 5 429
7.5 5 430
7.5 5 431
7.5 5 432
7.5 5 433
7.5 5 434
7.5 5 435
7.5 5 436
7.5 5 437
7.5 5 438
7.5 5 439
7.5 5 440
7.5 5 441
7.5 5 442
7.5 5 443
7.5 5 444
7.5 5 445
7.5 5 446
7.5 5 447
7.5 5 448
7.5 5 449
7.5 5 450
7.5 5 451
7.5 5 452
7.5 5 453
7.5 5 454
7.5 5 455
7.5 5 456
7.5 5 457
7.5 5 458
7.5 5 459
7.5 5 460
7.5 5 461
7.5 5 462
7.5 5 463
7.5 5 464
7.5 5 465
7.5 5 466
7.5 5 467
7.5 5 468
7.5 5 469
7.5 5 470
7.5 5 471
7.5 5 472
7.5 5 473
7.5 5 474
7.5 5 475
7.5 5 476
7.5 5 477
7.5 5 478
7.5 5 479
!!node 9!!
8 5 0
8 5 1
8 5 2
8 5 3
8 5 4
8 5 5
8 5 6
8 5 7
8 5 8
8 5 9
8 5 10
8 5 11
8 5 12
8 5 13
8 5 14
8 5 15
8 5 16
8 5 17
8 5 18
8 5 19
8 5 20
8 5 21
8 5 22
8 5 23
8 5 24
8 5 25
8 5 26
8 5 27
8 5 28
8 5 29
8 5 30
8 5 31
8 5 32
8 5 33
8 5 34
8 5 35
8 5 36
8 5 37
8 5 38
8 5 39
8 5 40
8 5 41
8 5 42
8 5 43
8 5 44
8 5 45
8 5 46
8 5 47
8 5 48
8 5 49
8 5 50
8 5 51
8 5 52
8 5 53
8 5 54
8 5 55
8 5 56
8 5 57
8 5 58
8 5 59
8 5 60
8 5 61
8 5 62
8 5 63
8 5 64
8 5 65
8 5 66
8 5 67
8 5 68
8 5 69
8 5 70
8 5 71
8 5 72
8 5 73
8 5 74
8 5 75
8 5 76
8 5 77
8 5 78
8 5 79
8 5 80
8 5 81
8 5 82
8 5 83
8 5 84
8 5 85
8 5 86
8 5 87
8 5 88
8 5 89
8 5 90
8 5 91
8 5 92
8 5 93
8 5 94
8 5 95
8 5 96
8 5 97
8 5 98
8 5 99
8 5 100
8 5 101
8 5 102
8 5 103
8 5 104
8 5 105
8 5 106
8 5 107
8 5 108
8 5 109
8 5 110
8 5 111
8 5 112
8 5 113
8 5 114
8 5 115
8 5 116
8 5 117
8 5 118
8 5 119
8 5 120
8 5 121
8 5 122
8 5 123
8 5 124
8 5 125
8 5 126
8 5 127
8 5 128
8 5 129
8 5 130
8 5 131
8 5 132
8 5 133
8 5 134
8 5 135
8 5 136
8 5 137
8 5 138
8 5 139
8 5 140
8 5 141
8 5 142
8 5 143
8 5 144
8 5 145
8 5 146
8 5 147
8 5 148
8 5 149
8 5 150
8 5 151
8 5 152
8 5 153
8 5 154
8 5 155
8 5 156
8 5 157
8 5 158
8 5 159
8 5 160
8 5 161
8 5 162
8 5 163
8 5 164
8 5 165
8 5 166
8 5 167
8 5 168
8 5 169
8 5 170
8 5 171
8 5 172
8 5 173
8 5 174
8 5 175
8 5 176
8 5 177
8 5 178
8 5 179
8 5 180
8 5 181
8 5 182
8 5 183
8 5 184
8 5 185
8 5 186
8 5 187
8 5 188
8 5 189
8 5 190
8 5 191
8 5 192
8 5 193
8 5 194
8 5 195
8 5 196
8 5 197
8 5 198
8 5 199
8 5 200
8 5 201
8 5 202
8 5 203
8 5 204
8 5 205
8 5 206
8 5 207
8 5 208
8 5 209
8 5 210
8 5 211
8 5 212
8 5 213
8 5 214
8 5 215
8 5 216
8 5 217
8 5 218
8 5 219
8 5 220
8 5 221
8 5 222
8 5 223
8 5 224
8 5 225
8 5 226
8 5 227
8 5 228
8 5 229
8 5 230
8 5 231
8 5 232
8 5 233
8 5 234
8 5 235
8 5 236
8 5 237
8 5 238
8 5 239
8 5 240
8 5 241
8 5 242
8 5 243
8 5 244
8 5 245
8 5 246
8 5 247
8 5 248
8 5 249
8 5 250
8 5 251
8 5 252
8 5 253
8 5 254
8 5 255
8 5 256
8 5 257
8 5 258
8 5 259
8 5 260
8 5 261
8 5 262
8 5 263
8 5 264
8 5 265
8 5 266
8 5 267
8 5 268
8 5 269
8 5 270
8 5 271
8 5 272
8 5 273
8 5 274
8 5 275
8 5 276
8 5 277
8 5 278
8 5 279
8 5 280
8 5 281
8 5 282
8 5 283
8 5 284
8 5 285
8 5 286
8 5 287
8 5 288
8 5 289
8 5 290
8 5 291
8 5 292
8 5 293
8 5 294
8 5 295
8 5 296
8 5 297
8 5 298
8 5 299
8 5 300
8 5 301
8 5 302
8 5 303
8 5 304
8 5 305
8 5 306
8 5 307
8 5 308
8 5 309
8 5 310
8 5 311
8 5 312
8 5 313
8 5 314
8 5 315
8 5 316
8 5 317
8 5 318
8 5 319
!!node 10!!
8 5 320
8 5 321
8 5 322
8 5 323
8 5 324
8 5 325
8 5 326
8 5 327
8 5 328
8 5 329
8 5 330
8 5 331
8 5 332
8 5 333
8 5 334
8 5 335
8 5 336
8 5 337
8 5 338
8 5 339
8 5 340
8 5 341
8 5 342
8 5 343
8 5 344
8 5 345
8 5 346
8 5 347
8 5 348
8 5 349
8 5 350
8 5 351
8 5 352
8 5 353
8 5 354
8 5 355
8 5 356
8 5 357
8 5 358
8 5 359
8 5 360
8 5 361
8 5 362
8 5 363
8 5 364
8 5 365
8 5 366
8 5 367
8 5 368
8 5 369
8 5 370
8 5 371
8 5 372
8 5 373
8 5 374
8 5 375
8 5 376
8 5 377
8 5 378
8 5 379
8 5 380
8 5 381
8 5 382
8 5 383
8 5 384
8 5 385
8 5 386
8 5 387
8 5 388
8 5 389
8 5 390
8 5 391
8 5 392
8 5 393
8 5 394
8 5 395
8 5 396
8 5 397
8 5 398
8 5 399
8 5 400
8 5 401
8 5 402
8 5 403
8 5 404
8 5 405
8 5 406
8 5 407
8 5 408
8 5 409
8 5 410
8 5 411
8 5 412
8 5 413
8 5 414
8 5 415
8 5 416
8 5 417
8 5 418
8 5 419
8 5 420
8 5 421
8 5 422
8 5 423
8 5 424
8 5 425
8 5 426
8 5 427
8 5 428
8 5 429
8 5 430
8 5 431
8 5 432
8 5 433
8 5 434
8 5 435
8 5 436
8 5 437
8 5 438
8 5 439
8 5 440
8 5 441
8 5 442
8 5 443
8 5 444
8 5 445
8 5 446
8 5 447
8 5 448
8 5 449
8 5 450
8 5 451
8 5 452
8 5 453
8 5 454
8 5 455
8 5 456
8 5 457
8 5 458
8 5 459
8 5 460
8 5 461
8 5 462
8 5 463
8 5 464
8 5 465
8 5 466
8 5 467
8 5 468
8 5 469
8 5 470
8 5 471
8 5 472
8 5 473
8 5 474
8 5 475
8 5 476
8 5 477
8 5 478
8 5 479
8.5 5 0
8.5 5 1
8.5 5 2
8.5 5 3
8.5 5 4
8.5 5 5
8.5 5 6
8.5 5 7
8.5 5 8
8.5 5 9
8.5 5 10
8.5 5 11
8.5 5 12
8.5 5 13
8.5 5 14
8.5 5 15
8.5 5 16
8.5 5 17
8.5 5 18
8.5 5 19
8.5 5 20
8.5 5 21
8.5 5 22
8.5 5 23
8.5 5 24
8.5 5 25
8.5 5 26
8.5 5 27
8.5 5 28
8.5 5 29
8.5 5 30
8.5 5 31
8.5 5 32
8.5 5 33
8.5 5 34
8.5 5 35
8.5 5 36
8.5 5 37
8.5 5 38
8.5 5 39
8.5 5 40
8.5 5 41
8.5 5 42
8.5 5 43
8.5 5 44
8.5 5 45
8.5 5 46
8.5 5 47
8.5 5 48
8.5 5 49
8.5 5 50
8.5 5 51
8.5 5 52
8.5 5 53
8.5 5 54
8.5 5 55
8.5 5 56
8.5 5 57
8.5 5 58
8.5 5 59
8.5 5 60
8.5 5 61
8.5 5 62
8.5 5 63
8.5 5 64
8.5 5 65
8.5 5 66
8.5 5 67
8.5 5 68
8.5 5 69
8.5 5 70
8.5 5 71
8.5 5 72
8.5 5 73
8.5 5 74
8.5 5 75
8.5 5 76
8.5 5 77
8.5 5 78
8.5 5 79
8.5 5 80
8.5 5 81
8.5 5 82
8.5 5 83
8.5 5 84
8.5 5 85
8.5 5 86
8.5 5 87
8.5 5 88
8.5 5 89
8.5 5 90
8.5 5 91
8.5 5 92
8.5 5 93
8.5 5 94
8.5 5 95
8.5 5 96
8.5 5 97
8.5 5 98
8.5 5 99
8.5 5 100
8.5 5 101
8.5 5 102
8.5 5 103
8.5 5 104
8.5 5 105
8.5 5 106
8.5 5 107
8.5 5 108
8.5 5 109
8.5 5 110
8.5 5 111
8.5 5 112
8.5 5 113
8.5 5 114
8.5 5 115
8.5 5 116
8.5 5 117
8.5 5 118
8.5 5 119
8.5 5 120
8.5 5 121
8.5 5 122
8.5 5 123
8.5 5 124
8.5 5 125
8.5 5 126
8.5 5 127
8.5 5 128
8.5 5 129
8.5 5 130
8.5 5 131
8.5 5 132
8.5 5 133
8.5 5 134
8.5 5 135
8.5 5 136
8.5 5 137
8.5 5 138
8.5 5 139
8.5 5 140
8.5 5 141
8.5 5 142
8.5 5 143
8.5 5 144
8.5 5 145
8.5 5 146
8.5 5 147
8.5 5 148
8.5 5 149
8.5 5 150
8.5 5 151
8.5 5 152
8.5 5 153
8.5 5 154
8.5 5 155
8.5 5 156
8.5 5 157
8.5 5 158
8.5 5 159
!!node 11!!
8.5 5 160
8.5 5 161
8.5 5 162
8.5 5 163
8.5 5 164
8.5 5 165
8.5 5 166
8.5 5 167
8.5 5 168
8.5 5 169
8.5 5 170
8.5 5 171
8.5 5 172
8.5 5 173
8.5 5 174
8.5 5 175
8.5 5 176
8.5 5 177
8.5 5 178
8.5 5 179
8.5 5 180
8.5 5 181
8.5 5 182
8.5 5 183
8.5 5 184
8.5 5 185
8.5 5 186
8.5 5 187
8.5 5 188
8.5 5 189
8.5 5 190
8.5 5 191
8.5 5 192
8.5 5 193
8.5 5 194
8.5 5 195
8.5 5 196
8.5 5 197
8.5 5 198
8.5 5 199
8.5 5 200
8.5 5 201
8.5 5 202
8.5 5 203
8.5 5 204
8.5 5 205
8.5 5 206
8.5 5 207
8.5 5 208
8.5 5 209
8.5 5 210
8.5 5 211
8.5 5 212
8.5 5 213
8.5 5 214
8.5 5 215
8.5 5 216
8.5 5 217
8.5 5 218
8.5 5 219
8.5 5 220
8.5 5 221
8.5 5 222
8.5 5 223
8.5 5 224
8.5 5 225
8.5 5 226
8.5 5 227
8.5 5 228
8.5 5 229
8.5 5 230
8.5 5 231
8.5 5 232
8.5 5 233
8.5 5 234
8.5 5 235
8.5 5 236
8.5 5 237
8.5 5 238
8.5 5 239
8.5 5 240
8.5 5 241
8.5 5 242
8.5 5 243
8.5 5 244
8.5 5 245
8.5 5 246
8.5 5 247
8.5 5 248
8.5 5 249
8.5 5 250
8.5 5 251
8.5 5 252
8.5 5 253
8.5 5 254
8.5 5 255
8.5 5 256
8.5 5 257
8.5 5 258
8.5 5 259
8.5 5 260
8.5 5 261
8.5 5 262
8.5 5 263
8.5 5 264
8.5 5 265
8.5 5 266
8.5 5 267
8.5 5 268
8.5 5 269
8.5 5 270
8.5 5 271
8.5 5 272
8.5 5 273
8.5 5 274
8.5 5 275
8.5 5 276
8.5 5 277
8.5 5 278
8.5 5 279
8.5 5 280
8.5 5 281
8.5 5 282
8.5 5 283
8.5 5 284
8.5 5 285
8.5 5 286
8.5 5 287
8.5 5 288
8.5 5 289
8.5 5 290
8.5 5 291
8.5 5 292
8.5 5 293
8.5 5 294
8.5 5 295
8.5 5 296
8.5 5 297
8.5 5 298
8.5 5 299
8.5 5 300
8.5 5 301
8.5 5 302
8.5 5 303
8.5 5 304
8.5 5 305
8.5 5 306
8.5 5 307
8.5 5 308
8.5 5 309
8.5 5 310
8.5 5 311
8.5 5 312
8.5 5 313
8.5 5 314
8.5 5 315
8.5 5 316
8.5 5 317
8.5 5 318
8.5 5 319
8.5 5 320
8.5 5 321
8.5 5 322
8.5 5 323
8.5 5 324
8.5 5 325
8.5 5 326
8.5 5 327
8.5 5 328
8.5 5 329
8.5 5 330
8.5 5 331
8.5 5 332
8.5 5 333
8.5 5 334
8.5 5 335
8.5 5 336
8.5 5 337
8.5 5 338
8.5 5 339
8.5 5 340
8.5 5 341
8.5 5 342
8.5 5 343
8.5 5 344
8.5 5 345
8.5 5 346
8.5 5 347
8.5 5 348
8.5 5 349
8.5 5 350
8.5 5 351
8.5 5 352
8.5 5 353
8.5 5 354
8.5 5 355
8.5 5 356
8.5 5 357
8.5 5 358
8.5 5 359
8.5 5 360
8.5 5 361
8.5 5 362
8.5 5 363
8.5 5 364
8.5 5 365
8.5 5 366
8.5 5 367
8.5 5 368
8.5 5 369
8.5 5 370
8.5 5 371
8.5 5 372
8.5 5 373
8.5 5 374
8.5 5 375
8.5 5 376
8.5 5 377
8.5 5 378
8.5 5 379
8.5 5 380
8.5 5 381
8.5 5 382
8.5 5 383
8.5 5 384
8.5 5 385
8.5 5 386
8.5 5 387
8.5 5 388
8.5 5 389
8.5 5 390
8.5 5 391
8.5 5 392
8.5 5 393
8.5 5 394
8.5 5 395
8.5 5 396
8.5 5 397
8.5 5 398
8.5 5 399
8.5 5 400
8.5 5 401
8.5 5 402
8.5 5 403
8.5 5 404
8.5 5 405
8.5 5 406
8.5 5 407
8.5 5 408
8.5 5 409
8.5 5 410
8.5 5 411
8.5 5 412
8.5 5 413
8.5 5 414
8.5 5 415
8.5 5 416
8.5 5 417
8.5 5 418
8.5 5 419
8.5 5 420
8.5 5 421
8.5 5 422
8.5 5 423
8.5 5 424
8.5 5 425
8.5 5 426
8.5 5 427
8.5 5 428
8.5 5 429
8.5 5 430
8.5 5 431
8.5 5 432
8.5 5 433
8.5 5 434
8.5 5 435
8.5 5 436
8.5 5 437
8.5 5 438
8.5 5 439
8.5 5 440
8.5 5 441
8.5 5 442
8.5 5 443
8.5 5 444
8.5 5 445
8.5 5 446
8.5 5 447
8.5 5 448
8.5 5 449
8.5 5 450
8.5 5 451
8.5 5 452
8.5 5 453
8.5 5 454
8.5 5 455
8.5 5 456
8.5 5 457
8.5 5 458
8.5 5 459
8.5 5 460
8.5 5 461
8.5 5 462
8.5 5 463
8.5 5 464
8.5 5 465
8.5 5 466
8.5 5 467
8.5 5 468
8.5 5 469
8.5 5 470
8.5 5 471
8.5 5 472
8.5 5 473
8.5 5 474
8.5 5 475
8.5 5 476
8.5 5 477
8.5 5 478
8.5 5 479
!!node 12!!
9 5 0
9 5 1
9 5 2
9 5 3
9 5 4
9 5 5
9 5 6
9 5 7
9 5 8
9 5 9
9 5 10
9 5 11
9 5 12
9 5 13
9 5 14
9 5 15
9 5 16
9 5 17
9 5 18
9 5 19
9 5 20
9 5 21
9 5 22
9 5 23
9 5 24
9 5 25
9 5 26
9 5 27
9 5 28
9 5 29
9 5 30
9 5 31
9 5 32
9 5 33
9 5 34
9 5 35
9 5 36
9 5 37
9 5 38
9 5 39
9 5 40
9 5 41
9 5 42
9 5 43
9 5 44
9 5 45
9 5 46
9 5 47
9 5 48
9 5 49
9 5 50
9 5 51
9 5 52
9 5 53
9 5 54
9 5 55
9 5 56
9 5 57
9 5 58
9 5 59
9 5 60
9 5 61
9 5 62
9 5 63
9 5 64
9 5 65
9 5 66
9 5 67
9 5 68
9 5 69
9 5 70
9 5 71
9 5 72
9 5 73
9 5 74
9 5 75
9 5 76
9 5 77
9 5 78
9 5 79
9 5 80
9 5 81
9 5 82
9 5 83
9 5 84
9 5 85
9 5 86
9 5 87
9 5 88
9 5 89
9 5 90
9 5 91
9 5 92
9 5 93
9 5 94
9 5 95
9 5 96
9 5 97
9 5 98
9 5 99
9 5 100
9 5 101
9 5 102
9 5 103
9 5 104
9 5 105
9 5 106
9 5 107
9 5 108
9 5 109
9 5 110
9 5 111
9 5 112
9 5 113
9 5 114
9 5 115
9 5 116
9 5 117
9 5 118
9 5 119
9 5 120
9 5 121
9 5 122
9 5 123
9 5 124
9 5 125
9 5 126
9 5 127
9 5 128
9 5 129
9 5 130
9 5 131
9 5 132
9 5 133
9 5 134
9 5 135
9 5 136
9 5 137
9 5 138
9 5 139
9 5 140
9 5 141
9 5 142
9 5 143
9 5 144
9 5 145
9 5 146
9 5 147
9 5 148
9 5 149
9 5 150
9 5 151
9 5 152
9 5 153
9 5 154
9 5 155
9 5 156
9 5 157
9 5 158
9 5 159
9 5 160
9 5 161
9 5 162
9 5 163
9 5 164
9 5 165
9 5 166
9 5 167
9 5 168
9 5 169
9 5 170
9 5 171
9 5 172
9 5 173
9 5 174
9 5 175
9 5 176
9 5 177
9 5 178
9 5 179
9 5 180
9 5 181
9 5 182
9 5 183
9 5 184
9 5 185
9 5 186
9 5 187
9 5 188
9 5 189
9 5 190
9 5 191
9 5 192
9 5 193
9 5 194
9 5 195
9 5 196
9 5 197
9 5 198
9 5 199
9 5 200
9 5 201
9 5 202
9 5 203
9 5 204
9 5 205
9 5 206
9 5 207
9 5 208
9 5 209
9 5 210
9 5 211
9 5 212
9 5 213
9 5 214
9 5 215
9 5 216
9 5 217
9 5 218
9 5 219
9 5 220
9 5 221
9 5 222
9 5 223
9 5 224
9 5 225
9 5 226
9 5 227
9 5 228
9 5 229
9 5 230
9 5 231
9 5 232
9 5 233
9 5 234
9 5 235
9 5 236
9 5 237
9 5 238
9 5 239
9 5 240
9 5 241
9 5 242
9 5 243
9 5 244
9 5 245
9 5 246
9 5 247
9 5 248
9 5 249
9 5 250
9 5 251
9 5 252
9 5 253
9 5 254
9 5 255
9 5 256
9 5 257
9 5 258
9 5 259
9 5 260
9 5 261
9 5 262
9 5 263
9 5 264
9 5 265
9 5 266
9 5 267
9 5 268
9 5 269
9 5 270
9 5 271
9 5 272
9 5 273
9 5 274
9 5 275
9 5 276
9 5 277
9 5 278
9 5 279
9 5 280
9 5 281
9 5 282
9 5 283
9 5 284
9 5 285
9 5 286
9 5 287
9 5 288
9 5 289
9 5 290
9 5 291
9 5 292
9 5 293
9 5 294
9 5 295
9 5 296
9 5 297
9 5 298
9 5 299
9 5 300
9 5 301
9 5 302
9 5 303
9 5 304
9 5 305
9 5 306
9 5 307
9 5 308
9 5 309
9 5 310
9 5 311
9 5 312
9 5 313
9 5 314
9 5 315
9 5 316
9 5 317
9 5 318
9 5 319
!!node 13!!
9 5 320
9 5 321
9 5 322
9 5 323
9 5 324
9 5 325
9 5 326
9 5 327
9 5 328
9 5 329
9 5 330
9 5 331
9 5 332
9 5 333
9 5 334
9 5 335
9 5 336
9 5 337
9 5 338
9 5 339
9 5 340
9 5 341
9 5 342
9 5 343
9 5 344
9 5 345
9 5 346
9 5 347
9 5 348
9 5 349
9 5 350
9 5 351
9 5 352
9 5 353
9 5 354
9 5 355
9 5 356
9 5 357
9 5 358
9 5 359
9 5 360
9 5 361
9 5 362
9 5 363
9 5 364
9 5 365
9 5 366
9 5 367
9 5 368
9 5 369
9 5 370
9 5 371
9 5 372
9 5 373
9 5 374
9 5 375
9 5 376
9 5 377
9 5 378
9 5 379
9 5 380
9 5 381
9 5 382
9 5 383
9 5 384
9 5 385
9 5 386
9 5 387
9 5 388
9 5 389
9 5 390
9 5 391
9 5 392
9 5 393
9 5 394
9 5 395
9 5 396
9 5 397
9 5 398
9 5 399
9 5 400
9 5 401
9 5 402
9 5 403
9 5 404
9 5 405
9 5 406
9 5 407
9 5 408
9 5 409
9 5 410
9 5 411
9 5 412
9 5 413
9 5 414
9 5 415
9 5 416
9 5 417
9 5 418
9 5 419
9 5 420
9 5 421
9 5 422
9 5 423
9 5 424
9 5 425
9 5 426
9 5 427
9 5 428
9 5 429
9 5 430
9 5 431
9 5 432
9 5 433
9 5 434
9 5 435
9 5 436
9 5 437
9 5 438
9 5 439
9 5 440
9 5 441
9 5 442
9 5 443
9 5 444
9 5 445
9 5 446
9 5 447
9 5 448
9 5 449
9 5 450
9 5 451
9 5 452
9 5 453
9 5 454
9 5 455
9 5 456
9 5 457
9 5 458
9 5 459
9 5 460
9 5 461
9 5 462
9 5 463
9 5 464
9 5 465
9 5 466
9 5 467
9 5 468
9 5 469
9 5 470
9 5 471
9 5 472
9 5 473
9 5 474
9 5 475
9 5 476
9 5 477
9 5 478
9 5 479
9.5 5 0
9.5 5 1
9.5 5 2
9.5 5 3
9.5 5 4
9.5 5 5
9.5 5 6
9.5 5 7
9.5 5 8
9.5 5 9
9.5 5 10
9.5 5 11
9.5 5 12
9.5 5 13
9.5 5 14
9.5 5 15
9.5 5 16
9.5 5 17
9.5 5 18
9.5 5 19
9.5 5 20
9.5 5 21
9.5 5 22
9.5 5 23
9.5 5 24
9.5 5 25
9.5 5 26
9.5 5 27
9.5 5 28
9.5 5 29
9.5 5 30
9.5 5 31
9.5 5 32
9.5 5 33
9.5 5 34
9.5 5 35
9.5 5 36
9.5 5 37
9.5 5 38
9.5 5 39
9.5 5 40
9.5 5 41
9.5 5 42
9.5 5 43
9.5 5 44
9.5 5 45
9.5 5 46
9.5 5 47
9.5 5 48
9.5 5 49
9.5 5 50
9.5 5 51
9.5 5 52
9.5 5 53
9.5 5 54
9.5 5 55
9.5 5 56
9.5 5 57
9.5 5 58
9.5 5 59
9.5 5 60
9.5 5 61
9.5 5 62
9.5 5 63
9.5 5 64
9.5 5 65
9.5 5 66
9.5 5 67
9.5 5 68
9.5 5 69
9.5 5 70
9.5 5 71
9.5 5 72
9.5 5 73
9.5 5 74
9.5 5 75
9.5 5 76
9.5 5 77
9.5 5 78
9.5 5 79
9.5 5 80
9.5 5 81
9.5 5 82
9.5 5 83
9.5 5 84
9.5 5 85
9.5 5 86
9.5 5 87
9.5 5 88
9.5 5 89
9.5 5 90
9.5 5 91
9.5 5 92
9.5 5 93
9.5 5 94
9.5 5 95
9.5 5 96
9.5 5 97
9.5 5 98
9.5 5 99
9.5 5 100
9.5 5 101
9.5 5 102
9.5 5 103
9.5 5 104
9.5 5 105
9.5 5 106
9.5 5 107
9.5 5 108
9.5 5 109
9.5 5 110
9.5 5 111
9.5 5 112
9.5 5 113
9.5 5 114
9.5 5 115
9.5 5 116
9.5 5 117
9.5 5 118
9.5 5 119
9.5 5 120
9.5 5 121
9.5 5 122
9.5 5 123
9.5 5 124
9.5 5 125
9.5 5 126
9.5 5 127
9.5 5 128
9.5 5 129
9.5 5 130
9.5 5 131
9.5 5 132
9.5 5 133
9.5 5 134
9.5 5 135
9.5 5 136
9.5 5 137
9.5 5 138
9.5 5 139
9.5 5 140
9.5 5 141
9.5 5 142
9.5 5 143
9.5 5 144
9.5 5 145
9.5 5 146
9.5 5 147
9.5 5 148
9.5 5 149
9.5 5 150
9.5 5 151
9.5 5 152
9.5 5 153
9.5 5 154
9.5 5 155
9.5 5 156
9.5 5 157
9.5 5 158
9.5 5 159
!!node 14!!
9.5 5 160
9.5 5 161
9.5 5 162
9.5 5 163
9.5 5 164
9.5 5 165
9.5 5 166
9.5 5 167
9.5 5 168
9.5 5 169
9.5 5 170
9.5 5 171
9.5 5 172
9.5 5 173
9.5 5 174
9.5 5 175
9.5 5 176
9.5 5 177
9.5 5 178
9.5 5 179
9.5 5 180
9.5 5 181
9.5 5 182
9.5 5 183
9.5 5 184
9.5 5 185
9.5 5 186
9.5 5 187
9.5 5 188
9.5 5 189
9.5 5 190
9.5 5 191
9.5 5 192
9.5 5 193
9.5 5 194
9.5 5 195
9.5 5 196
9.5 5 197
9.5 5 198
9.5 5 199
9.5 5 200
9.5 5 201
9.5 5 202
9.5 5 203
9.5 5 204
9.5 5 205
9.5 5 206
9.5 5 207
9.5 5 208
9.5 5 209
9.5 5 210
9.5 5 211
9.5 5 212
9.5 5 213
9.5 5 214
9.5 5 215
9.5 5 216
9.5 5 217
9.5 5 218
9.5 5 219
9.5 5 220
9.5 5 221
9.5 5 222
9.5 5 223
9.5 5 224
9.5 5 225
9.5 5 226
9.5 5 227
9.5 5 228
9.5 5 229
9.5 5 230
9.5 5 231
9.5 5 232
9.5 5 233
9.5 5 234
9.5 5 235
9.5 5 236
9.5 5 237
9.5 5 238
9.5 5 239
9.5 5 240
9.5 5 241
9.5 5 242
9.5 5 243
9.5 5 244
9.5 5 245
9.5 5 246
9.5 5 247
9.5 5 248
9.5 5 249
9.5 5 250
9.5 5 251
9.5 5 252
9.5 5 253
9.5 5 254
9.5 5 255
9.5 5 256
9.5 5 257
9.5 5 258
9.5 5 259
9.5 5 260
9.5 5 261
9.5 5 262
9.5 5 263
9.5 5 264
9.5 5 265
9.5 5 266
9.5 5 267
9.5 5 268
9.5 5 269
9.5 5 270
9.5 5 271
9.5 5 272
9.5 5 273
9.5 5 274
9.5 5 275
9.5 5 276
9.5 5 277
9.5 5 278
9.5 5 279
9.5 5 280
9.5 5 281
9.5 5 282
9.5 5 283
9.5 5 284
9.5 5 285
9.5 5 286
9.5 5 287
9.5 5 288
9.5 5 289
9.5 5 290
9.5 5 291
9.5 5 292
9.5 5 293
9.5 5 294
9.5 5 295
9.5 5 296
9.5 5 297
9.5 5 298
9.5 5 299
9.5 5 300
9.5 5 301
9.5 5 302
9.5 5 303
9.5 5 304
9.5 5 305
9.5 5 306
9.5 5 307
9.5 5 308
9.5 5 309
9.5 5 310
9.5 5 311
9.5 5 312
9.5 5 313
9.5 5 314
9.5 5 315
9.5 5 316
9.5 5 317
9.5 5 318
9.5 5 319
9.5 5 320
9.5 5 321
9.5 5 322
9.5 5 323
9.5 5 324
9.5 5 325
9.5 5 326
9.5 5 327
9.5 5 328
9.5 5 329
9.5 5 330
9.5 5 331
9.5 5 332
9.5 5 333
9.5 5 334
9.5 5 335
9.5 5 336
9.5 5 337
9.5 5 338
9.5 5 339
9.5 5 340
9.5 5 341
9.5 5 342
9.5 5 343
9.5 5 344
9.5 5 345
9.5 5 346
9.5 5 347
9.5 5 348
9.5 5 349
9.5 5 350
9.5 5 351
9.5 5 352
9.5 5 353
9.5 5 354
9.5 5 355
9.5 5 356
9.5 5 357
9.5 5 358
9.5 5 359
9.5 5 360
9.5 5 361
9.5 5 362
9.5 5 363
9.5 5 364
9.5 5 365
9.5 5 366
9.5 5 367
9.5 5 368
9.5 5 369
9.5 5 370
9.5 5 371
9.5 5 372
9.5 5 373
9.5 5 374
9.5 5 375
9.5 5 376
9.5 5 377
9.5 5 378
9.5 5 379
9.5 5 380
9.5 5 381
9.5 5 382
9.5 5 383
9.5 5 384
9.5 5 385
9.5 5 386
9.5 5 387
9.5 5 388
9.5 5 389
9.5 5 390
9.5 5 391
9.5 5 392
9.5 5 393
9.5 5 394
9.5 5 395
9.5 5 396
9.5 5 397
9.5 5 398
9.5 5 399
9.5 5 400
9.5 5 401
9.5 5 402
9.5 5 403
9.5 5 404
9.5 5 405
9.5 5 406
9.5 5 407
9.5 5 408
9.5 5 409
9.5 5 410
9.5 5 411
9.5 5 412
9.5 5 413
9.5 5 414
9.5 5 415
9.5 5 416
9.5 5 417
9.5 5 418
9.5 5 419
9.5 5 420
9.5 5 421
9.5 5 422
9.5 5 423
9.5 5 424
9.5 5 425
9.5 5 426
9.5 5 427
9.5 5 428
9.5 5 429
9.5 5 430
9.5 5 431
9.5 5 432
9.5 5 433
9.5 5 434
9.5 5 435
9.5 5 436
9.5 5 437
9.5 5 438
9.5 5 439
9.5 5 440
9.5 5 441
9.5 5 442
9.5 5 443
9.5 5 444
9.5 5 445
9.5 5 446
9.5 5 447
9.5 5 448
9.5 5 449
9.5 5 450
9.5 5 451
9.5 5 452
9.5 5 453
9.5 5 454
9.5 5 455
9.5 5 456
9.5 5 457
9.5 5 458
9.5 5 459
9.5 5 460
9.5 5 461
9.5 5 462
9.5 5 463
9.5 5 464
9.5 5 465
9.5 5 466
9.5 5 467
9.5 5 468
9.5 5 469
9.5 5 470
9.5 5 471
9.5 5 472
9.5 5 473
9.5 5 474
9.5 5 475
9.5 5 476
9.5 5 477
9.5 5 478
9.5 5 479
!!node 15!!
10 5 0
10 5 1
10 5 2
10 5 3
10 5 4
10 5 5
10 5 6
10 5 7
10 5 8
10 5 9
10 5 10
10 5 11
10 5 12
10 5 13
10 5 14
10 5 15
10 5 16
10 5 17
10 5 18
10 5 19
10 5 20
10 5 21
10 5 22
10 5 23
10 5 24
10 5 25
10 5 26
10 5 27
10 5 28
10 5 29
10 5 30
10 5 31
10 5 32
10 5 33
10 5 34
10 5 35
10 5 36
10 5 37
10 5 38
10 5 39
10 5 40
10 5 41
10 5 42
10 5 43
10 5 44
10 5 45
10 5 46
10 5 47
10 5 48
10 5 49
10 5 50
10 5 51
10 5 52
10 5 53
10 5 54
10 5 55
10 5 56
10 5 57
10 5 58
10 5 59
10 5 60
10 5 61
10 5 62
10 5 63
10 5 64
10 5 65
10 5 66
10 5 67
10 5 68
10 5 69
10 5 70
10 5 71
10 5 72
10 5 73
10 5 74
10 5 75
10 5 76
10 5 77
10 5 78
10 5 79
10 5 80
10 5 81
10 5 82
10 5 83
10 5 84
10 5 85
10 5 86
10 5 87
10 5 88
10 5 89
10 5 90
10 5 91
10 5 92
10 5 93
10 5 94
10 5 95
10 5 96
10 5 97
10 5 98
10 5 99
10 5 100
10 5 101
10 5 102
10 5 103
10 5 104
10 5 105
10 5 106
10 5 107
10 5 108
10 5 109
10 5 110
10 5 111
10 5 112
10 5 113
10 5 114
10 5 115
10 5 116
10 5 117
10 5 118
10 5 119
10 5 120
10 5 121
10 5 122
10 5 123
10 5 124
10 5 125
10 5 126
10 5 127
10 5 128
10 5 129
10 5 130
10 5 131
10 5 132
10 5 133
10 5 134
10 5 135
10 5 136
10 5 137
10 5 138
10 5 139
10 5 140
10 5 141
10 5 142
10 5 143
10 5 144
10 5 145
10 5 146
10 5 147
10 5 148
10 5 149
10 5 150
10 5 151
10 5 152
10 5 153
10 5 154
10 5 155
10 5 156
10 5 157
10 5 158
10 5 159
10 5 160
10 5 161
10 5 162
10 5 163
10 5 164
10 5 165
10 5 166
10 5 167
10 5 168
10 5 169
10 5 170
10 5 171
10 5 172
10 5 173
10 5 174
10 5 175
10 5 176
10 5 177
10 5 178
10 5 179
10 5 180
10 5 181
10 5 182
10 5 183
10 5 184
10 5 185
10 5 186
10 5 187
10 5 188
10 5 189
10 5 190
10 5 191
10 5 192
10 5 193
10 5 194
10 5 195
10 5 196
10 5 197
10 5 198
10 5 199
10 5 200
10 5 201
10 5 202
10 5 203
10 5 204
10 5 205
10 5 206
10 5 207
10 5 208
10 5 209
10 5 210
10 5 211
10 5 212
10 5 213
10 5 214
10 5 215
10 5 216
10 5 217
10 5 218
10 5 219
10 5 220
10 5 221
10 5 222
10 5 223
10 5 224
10 5 225
10 5 226
10 5 227
10 5 228
10 5 229
10 5 230
10 5 231
10 5 232
10 5 233
10 5 234
10 5 235
10 5 236
10 5 237
10 5 238
10 5 239
10 5 240
10 5 241
10 5 242
10 5 243
10 5 244
10 5 245
10 5 246
10 5 247
10 5 248
10 5 249
10 5 250
10 5 251
10 5 252
10 5 253
10 5 254
10 5 255
10 5 256
10 5 257
10 5 258
10 5 259
10 5 260
10 5 261
10 5 262
10 5 263
10 5 264
10 5 265
10 5 266
10 5 267
10 5 268
10 5 269
10 5 270
10 5 271
10 5 272
10 5 273
10 5 274
10 5 275
10 5 276
10 5 277
10 5 278
10 5 279
10 5 280
10 5 281
10 5 282
10 5 283
10 5 284
10 5 285
10 5 286
10 5 287
10 5 288
10 5 289
10 5 290
10 5 291
10 5 292
10 5 293
10 5 294
10 5 295
10 5 296
10 5 297
10 5 298
10 5 299
10 5 300
10 5 301
10 5 302
10 5 303
10 5 304
10 5 305
10 5 306
10 5 307
10 5 308
10 5 309
10 5 310
10 5 311
10 5 312
10 5 313
10 5 314
10 5 315
10 5 316
10 5 317
10 5 318
10 5 319
!!node 16!!
10 5 320
10 5 321
10 5 322
10 5 323
10 5 324
10 5 325
10 5 326
10 5 327
10 5 328
10 5 329
10 5 330
10 5 331
10 5 332
10 5 333
10 5 334
10 5 335
10 5 336
10 5 337
10 5 338
10 5 339
10 5 340
10 5 341
10 5 342
10 5 343
10 5 344
10 5 345
10 5 346
10 5 347
10 5 348
10 5 349
10 5 350
10 5 351
10 5 352
10 5 353
10 5 354
10 5 355
10 5 356
10 5 357
10 5 358
10 5 359
10 5 360
10 5 361
10 5 362
10 5 363
10 5 364
10 5 365
10 5 366
10 5 367
10 5 368
10 5 369
10 5 370
10 5 371
10 5 372
10 5 373
10 5 374
10 5 375
10 5 376
10 5 377
10 5 378
10 5 379
10 5 380
10 5 381
10 5 382
10 5 383
10 5 384
10 5 385
10 5 386
10 5 387
10 5 388
10 5 389
10 5 390
10 5 391
10 5 392
10 5 393
10 5 394
10 5 395
10 5 396
10 5 397
10 5 398
10 5 399
10 5 400
10 5 401
10 5 402
10 5 403
10 5 404
10 5 405
10 5 406
10 5 407
10 5 408
10 5 409
10 5 410
10 5 411
10 5 412
10 5 413
10 5 414
10 5 415
10 5 416
10 5 417
10 5 418
10 5 419
10 5 420
10 5 421
10 5 422
10 5 423
10 5 424
10 5 425
10 5 426
10 5 427
10 5 428
10 5 429
10 5 430
10 5 431
10 5 432
10 5 433
10 5 434
10 5 435
10 5 436
10 5 437
10 5 438
10 5 439
10 5 440
10 5 441
10 5 442
10 5 443
10 5 444
10 5 445
10 5 446
10 5 447
10 5 448
10 5 449
10 5 450
10 5 451
10 5 452
10 5 453
10 5 454
10 5 455
10 5 456
10 5 457
10 5 458
10 5 459
10 5 460
10 5 461
10 5 462
10 5 463
10 5 464
10 5 465
10 5 466
10 5 467
10 5 468
10 5 469
10 5 470
10 5 471
10 5 472
10 5 473
10 5 474
10 5 475
10 5 476
10 5 477
10 5 478
10 5 479
10.5 5 0
10.5 5 1
10.5 5 2
10.5 5 3
10.5 5 4
10.5 5 5
10.5 5 6
10.5 5 7
10.5 5 8
10.5 5 9
10.5 5 10
10.5 5 11
10.5 5 12
10.5 5 13
10.5 5 14
10.5 5 15
10.5 5 16
10.5 5 17
10.5 5 18
10.5 5 19
10.5 5 20
10.5 5 21
10.5 5 22
10.5 5 23
10.5 5 24
10.5 5 25
10.5 5 26
10.5 5 27
10.5 5 28
10.5 5 29
10.5 5 30
10.5 5 31
10.5 5 32
10.5 5 33
10.5 5 34
10.5 5 35
10.5 5 36
10.5 5 37
10.5 5 38
10.5 5 39
10.5 5 40
10.5 5 41
10.5 5 42
10.5 5 43
10.5 5 44
10.5 5 45
10.5 5 46
10.5 5 47
10.5 5 48
10.5 5 49
10.5 5 50
10.5 5 51
10.5 5 52
10.5 5 53
10.5 5 54
10.5 5 55
10.5 5 56
10.5 5 57
10.5 5 58
10.5 5 59
10.5 5 60
10.5 5 61
10.5 5 62
10.5 5 63
10.5 5 64
10.5 5 65
10.5 5 66
10.5 5 67
10.5 5 68
10.5 5 69
10.5 5 70
10.5 5 71
10.5 5 72
10.5 5 73
10.5 5 74
10.5 5 75
10.5 5 76
10.5 5 77
10.5 5 78
10.5 5 79
10.5 5 80
10.5 5 81
10.5 5 82
10.5 5 83
10.5 5 84
10.5 5 85
10.5 5 86
10.5 5 87
10.5 5 88
10.5 5 89
10.5 5 90
10.5 5 91
10.5 5 92
10.5 5 93
10.5 5 94
10.5 5 95
10.5 5 96
10.5 5 97
10.5 5 98
10.5 5 99
10.5 5 100
10.5 5 101
10.5 5 102
10.5 5 103
10.5 5 104
10.5 5 105
10.5 5 106
10.5 5 107
10.5 5 108
10.5 5 109
10.5 5 110
10.5 5 111
10.5 5 112
10.5 5 113
10.5 5 114
10.5 5 115
10.5 5 116
10.5 5 117
10.5 5 118
10.5 5 119
10.5 5 120
10.5 5 121
10.5 5 122
10.5 5 123
10.5 5 124
10.5 5 125
10.5 5 126
10.5 5 127
10.5 5 128
10.5 5 129
10.5 5 130
10.5 5 131
10.5 5 132
10.5 5 133
10.5 5 134
10.5 5 135
10.5 5 136
10.5 5 137
10.5 5 138
10.5 5 139
10.5 5 140
10.5 5 141
10.5 5 142
10.5 5 143
10.5 5 144
10.5 5 145
10.5 5 146
10.5 5 147
10.5 5 148
10.5 5 149
10.5 5 150
10.5 5 151
10.5 5 152
10.5 5 153
10.5 5 154
10.5 5 155
10.5 5 156
10.5 5 157
10.5 5 158
10.5 5 159
!!node 17!!
10.5 5 160
10.5 5 161
10.5 5 162
10.5 5 163
10.5 5 164
10.5 5 165
10.5 5 166
10.5 5 167
10.5 5 168
10.5 5 169
10.5 5 170
10.5 5 171
10.5 5 172
10.5 5 173
10.5 5 174
10.5 5 175
10.5 5 176
10.5 5 177
10.5 5 178
10.5 5 179
10.5 5 180
10.5 5 181
10.5 5 182
10.5 5 183
10.5 5 184
10.5 5 185
10.5 5 186
10.5 5 187
10.5 5 188
10.5 5 189
10.5 5 190
10.5 5 191
10.5 5 192
10.5 5 193
10.5 5 194
10.5 5 195
10.5 5 196
10.5 5 197
10.5 5 198
10.5 5 199
10.5 5 200
10.5 5 201
10.5 5 202
10.5 5 203
10.5 5 204
10.5 5 205
10.5 5 206
10.5 5 207
10.5 5 208
10.5 5 209
10.5 5 210
10.5 5 211
10.5 5 212
10.5 5 213
10.5 5 214
10.5 5 215
10.5 5 216
10.5 5 217
10.5 5 218
10.5 5 219
10.5 5 220
10.5 5 221
10.5 5 222
10.5 5 223
10.5 5 224
10.5 5 225
10.5 5 226
10.5 5 227
10.5 5 228
10.5 5 229
10.5 5 230
10.5 5 231
10.5 5 232
10.5 5 233
10.5 5 234
10.5 5 235
10.5 5 236
10.5 5 237
10.5 5 238
10.5 5 239
10.5 5 240
10.5 5 241
10.5 5 242
10.5 5 243
10.5 5 244
10.5 5 245
10.5 5 246
10.5 5 247
10.5 5 248
10.5 5 249
10.5 5 250
10.5 5 251
10.5 5 252
10.5 5 253
10.5 5 254
10.5 5 255
10.5 5 256
10.5 5 257
10.5 5 258
10.5 5 259
10.5 5 260
10.5 5 261
10.5 5 262
10.5 5 263
10.5 5 264
10.5 5 265
10.5 5 266
10.5 5 267
10.5 5 268
10.5 5 269
10.5 5 270
10.5 5 271
10.5 5 272
10.5 5 273
10.5 5 274
10.5 5 275
10.5 5 276
10.5 5 277
10.5 5 278
10.5 5 279
10.5 5 280
10.5 5 281
10.5 5 282
10.5 5 283
10.5 5 284
10.5 5 285
10.5 5 286
10.5 5 287
10.5 5 288
10.5 5 289
10.5 5 290
10.5 5 291
10.5 5 292
10.5 5 293
10.5 5 294
10.5 5 295
10.5 5 296
10.5 5 297
10.5 5 298
10.5 5 299
10.5 5 300
10.5 5 301
10.5 5 302
10.5 5 303
10.5 5 304
10.5 5 305
10.5 5 306
10.5 5 307
10.5 5 308
10.5 5 309
10.5 5 310
10.5 5 311
10.5 5 312
10.5 5 313
10.5 5 314
10.5 5 315
10.5 5 316
10.5 5 317
10.5 5 318
10.5 5 319
10.5 5 320
10.5 5 321
10.5 5 322
10.5 5 323
10.5 5 324
10.5 5 325
10.5 5 326
10.5 5 327
10.5 5 328
10.5 5 329
10.5 5 330
10.5 5 331
10.5 5 332
10.5 5 333
10.5 5 334
10.5 5 335
10.5 5 336
10.5 5 337
10.5 5 338
10.5 5 339
10.5 5 340
10.5 5 341
10.5 5 342
10.5 5 343
10.5 5 344
10.5 5 345
10.5 5 346
10.5 5 347
10.5 5 348
10.5 5 349
10.5 5 350
10.5 5 351
10.5 5 352
10.5 5 353
10.5 5 354
10.5 5 355
10.5 5 356
10.5 5 357
10.5 5 358
10.5 5 359
10.5 5 360
10.5 5 361
10.5 5 362
10.5 5 363
10.5 5 364
10.5 5 365
10.5 5 366
10.5 5 367
10.5 5 368
10.5 5 369
10.5 5 370
10.5 5 371
10.5 5 372
10.5 5 373
10.5 5 374
10.5 5 375
10.5 5 376
10.5 5 377
10.5 5 378
10.5 5 379
10.5 5 380
10.5 5 381
10.5 5 382
10.5 5 383
10.5 5 384
10.5 5 385
10.5 5 386
10.5 5 387
10.5 5 388
10.5 5 389
10.5 5 390
10.5 5 391
10.5 5 392
10.5 5 393
10.5 5 394
10.5 5 395
10.5 5 396
10.5 5 397
10.5 5 398
10.5 5 399
10.5 5 400
10.5 5 401
10.5 5 402
10.5 5 403
10.5 5 404
10.5 5 405
10.5 5 406
10.5 5 407
10.5 5 408
10.5 5 409
10.5 5 410
10.5 5 411
10.5 5 412
10.5 5 413
10.5 5 414
10.5 5 415
10.5 5 416
10.5 5 417
10.5 5 418
10.5 5 419
10.5 5 420
10.5 5 421
10.5 5 422
10.5 5 423
10.5 5 424
10.5 5 425
10.5 5 426
10.5 5 427
10.5 5 428
10.5 5 429
10.5 5 430
10.5 5 431
10.5 5 432
10.5 5 433
10.5 5 434
10.5 5 435
10.5 5 436
10.5 5 437
10.5 5 438
10.5 5 439
10.5 5 440
10.5 5 441
10.5 5 442
10.5 5 443
10.5 5 444
10.5 5 445
10.5 5 446
10.5 5 447
10.5 5 448
10.5 5 449
10.5 5 450
10.5 5 451
10.5 5 452
10.5 5 453
10.5 5 454
10.5 5 455
10.5 5 456
10.5 5 457
10.5 5 458
10.5 5 459
10.5 5 460
10.5 5 461
10.5 5 462
10.5 5 463
10.5 5 464
10.5 5 465
10.5 5 466
10.5 5 467
10.5 5 468
10.5 5 469
10.5 5 470
10.5 5 471
10.5 5 472
10.5 5 473
10.5 5 474
10.5 5 475
10.5 5 476
10.5 5 477
10.5 5 478
10.5 5 479
