!!node 0!!
17 2 0.6 0.1 0
17 2 0.6 0.1 1
17 2 0.6 0.1 2
17.25 2 0.6 0.1 0
17.25 2 0.6 0.1 1
17.25 2 0.6 0.1 2
17.5 2 0.6 0.1 0
17.5 2 0.6 0.1 1
17.5 2 0.6 0.1 2
17.75 2 0.6 0.1 0
17.75 2 0.6 0.1 1
17.75 2 0.6 0.1 2
18 2 0.6 0.1 0
18 2 0.6 0.1 1
18 2 0.6 0.1 2
18.25 2 0.6 0.1 0
18.25 2 0.6 0.1 1
18.25 2 0.6 0.1 2
18.5 2 0.6 0.1 0
18.5 2 0.6 0.1 1
18.5 2 0.6 0.1 2
18.75 2 0.6 0.1 0
18.75 2 0.6 0.1 1
18.75 2 0.6 0.1 2
19 2 0.6 0.1 0
19 2 0.6 0.1 1
19 2 0.6 0.1 2
19.25 2 0.6 0.1 0
19.25 2 0.6 0.1 1
19.25 2 0.6 0.1 2
19.5 2 0.6 0.1 0
19.5 2 0.6 0.1 1
19.5 2 0.6 0.1 2
19.75 2 0.6 0.1 0
19.75 2 0.6 0.1 1
19.75 2 0.6 0.1 2
20 2 0.6 0.1 0
20 2 0.6 0.1 1
20 2 0.6 0.1 2
20.25 2 0.6 0.1 0
!!node 1!!
20.25 2 0.6 0.1 1
20.25 2 0.6 0.1 2
20.5 2 0.6 0.1 0
20.5 2 0.6 0.1 1
20.5 2 0.6 0.1 2
20.75 2 0.6 0.1 0
20.75 2 0.6 0.1 1
20.75 2 0.6 0.1 2
21 2 0.6 0.1 0
21 2 0.6 0.1 1
21 2 0.6 0.1 2
21.25 2 0.6 0.1 0
21.25 2 0.6 0.1 1
21.25 2 0.6 0.1 2
21.5 2 0.6 0.1 0
21.5 2 0.6 0.1 1
21.5 2 0.6 0.1 2
21.75 2 0.6 0.1 0
21.75 2 0.6 0.1 1
21.75 2 0.6 0.1 2
22 2 0.6 0.1 0
22 2 0.6 0.1 1
22 2 0.6 0.1 2
22.25 2 0.6 0.1 0
22.25 2 0.6 0.1 1
22.25 2 0.6 0.1 2
22.5 2 0.6 0.1 0
22.5 2 0.6 0.1 1
22.5 2 0.6 0.1 2
22.75 2 0.6 0.1 0
22.75 2 0.6 0.1 1
22.75 2 0.6 0.1 2
23 2 0.6 0.1 0
23 2 0.6 0.1 1
23 2 0.6 0.1 2
23.25 2 0.6 0.1 0
23.25 2 0.6 0.1 1
23.25 2 0.6 0.1 2
23.5 2 0.6 0.1 0
23.5 2 0.6 0.1 1
!!node 2!!
23.5 2 0.6 0.1 2
23.75 2 0.6 0.1 0
23.75 2 0.6 0.1 1
23.75 2 0.6 0.1 2
24 2 0.6 0.1 0
24 2 0.6 0.1 1
24 2 0.6 0.1 2
24.25 2 0.6 0.1 0
24.25 2 0.6 0.1 1
24.25 2 0.6 0.1 2
24.5 2 0.6 0.1 0
24.5 2 0.6 0.1 1
24.5 2 0.6 0.1 2
24.75 2 0.6 0.1 0
24.75 2 0.6 0.1 1
24.75 2 0.6 0.1 2
25 2 0.6 0.1 0
25 2 0.6 0.1 1
25 2 0.6 0.1 2
25.25 2 0.6 0.1 0
25.25 2 0.6 0.1 1
25.25 2 0.6 0.1 2
25.5 2 0.6 0.1 0
25.5 2 0.6 0.1 1
25.5 2 0.6 0.1 2
25.75 2 0.6 0.1 0
25.75 2 0.6 0.1 1
25.75 2 0.6 0.1 2
26 2 0.6 0.1 0
26 2 0.6 0.1 1
26 2 0.6 0.1 2
26.25 2 0.6 0.1 0
26.25 2 0.6 0.1 1
26.25 2 0.6 0.1 2
26.5 2 0.6 0.1 0
26.5 2 0.6 0.1 1
26.5 2 0.6 0.1 2
26.75 2 0.6 0.1 0
26.75 2 0.6 0.1 1
26.75 2 0.6 0.1 2
