!!node 0!!
14 2 0.6 0.1 0
!!node 1!!
14 2 0.6 0.1 1
!!node 2!!
14 2 0.6 0.1 2
!!node 3!!
14 2 0.6 0.1 3
!!node 4!!
14 2 0.6 0.1 4
!!node 5!!
14 2 0.6 0.1 5
!!node 6!!
14 2 0.6 0.1 6
!!node 7!!
14 2 0.6 0.1 7
!!node 8!!
14 2 0.6 0.1 8
!!node 9!!
14 2 0.6 0.1 9
!!node 10!!
14 2 0.6 0.1 10
!!node 11!!
14 2 0.6 0.1 11
!!node 12!!
14 2 0.6 0.1 12
!!node 13!!
14 2 0.6 0.1 13
!!node 14!!
14 2 0.6 0.1 14
!!node 15!!
14 2 0.6 0.1 15
!!node 16!!
14 2 0.6 0.1 16
!!node 17!!
14 2 0.6 0.1 17
!!node 18!!
14 2 0.6 0.1 18
!!node 19!!
14 2 0.6 0.1 19
!!node 20!!
14 2 0.6 0.1 20
!!node 21!!
14 2 0.6 0.1 21
!!node 22!!
14 2 0.6 0.1 22
!!node 23!!
14 2 0.6 0.1 23
!!node 24!!
14 2 0.6 0.1 24
!!node 25!!
14 2 0.6 0.1 25
!!node 26!!
14 2 0.6 0.1 26
!!node 27!!
14 2 0.6 0.1 27
!!node 28!!
14 2 0.6 0.1 28
!!node 29!!
14 2 0.6 0.1 29
!!node 30!!
14 2 0.6 0.1 30
!!node 31!!
14 2 0.6 0.1 31
!!node 32!!
14 2 0.6 0.1 32
!!node 33!!
14 2 0.6 0.1 33
!!node 34!!
14 2 0.6 0.1 34
!!node 35!!
14 2 0.6 0.1 35
!!node 36!!
14 2 0.6 0.1 36
!!node 37!!
14 2 0.6 0.1 37
!!node 38!!
14 2 0.6 0.1 38
!!node 39!!
14 2 0.6 0.1 39
!!node 40!!
14 2 0.6 0.1 40
!!node 41!!
14 2 0.6 0.1 41
!!node 42!!
14 2 0.6 0.1 42
!!node 43!!
14 2 0.6 0.1 43
!!node 44!!
14 2 0.6 0.1 44
!!node 45!!
14 2 0.6 0.1 45
!!node 46!!
14 2 0.6 0.1 46
!!node 47!!
14 2 0.6 0.1 47
!!node 48!!
14 2 0.6 0.1 48
!!node 49!!
14 2 0.6 0.1 49
!!node 50!!
14 2 0.6 0.1 50
!!node 51!!
14 2 0.6 0.1 51
!!node 52!!
14 2 0.6 0.1 52
!!node 53!!
14 2 0.6 0.1 53
!!node 54!!
14 2 0.6 0.1 54
!!node 55!!
14 2 0.6 0.1 55
!!node 56!!
14 2 0.6 0.1 56
!!node 57!!
14 2 0.6 0.1 57
!!node 58!!
14 2 0.6 0.1 58
!!node 59!!
14 2 0.6 0.1 59
!!node 60!!
14 2 0.6 0.1 60
!!node 61!!
14 2 0.6 0.1 61
!!node 62!!
14 2 0.6 0.1 62
!!node 63!!
14 2 0.6 0.1 63
!!node 64!!
14 2 0.6 0.1 64
!!node 65!!
14 2 0.6 0.1 65
!!node 66!!
14 2 0.6 0.1 66
!!node 67!!
14 2 0.6 0.1 67
!!node 68!!
14 2 0.6 0.1 68
!!node 69!!
14 2 0.6 0.1 69
!!node 70!!
14 2 0.6 0.1 70
!!node 71!!
14 2 0.6 0.1 71
!!node 72!!
14 2 0.6 0.1 72
!!node 73!!
14 2 0.6 0.1 73
!!node 74!!
14 2 0.6 0.1 74
!!node 75!!
14 2 0.6 0.1 75
!!node 76!!
14 2 0.6 0.1 76
!!node 77!!
14 2 0.6 0.1 77
!!node 78!!
14 2 0.6 0.1 78
!!node 79!!
14 2 0.6 0.1 79
!!node 80!!
14 2 0.6 0.1 80
!!node 81!!
14 2 0.6 0.1 81
!!node 82!!
14 2 0.6 0.1 82
!!node 83!!
14 2 0.6 0.1 83
!!node 84!!
14 2 0.6 0.1 84
!!node 85!!
14 2 0.6 0.1 85
!!node 86!!
14 2 0.6 0.1 86
!!node 87!!
14 2 0.6 0.1 87
!!node 88!!
14 2 0.6 0.1 88
!!node 89!!
14 2 0.6 0.1 89
!!node 90!!
14 2 0.6 0.1 90
!!node 91!!
14 2 0.6 0.1 91
!!node 92!!
14 2 0.6 0.1 92
!!node 93!!
14 2 0.6 0.1 93
!!node 94!!
14 2 0.6 0.1 94
!!node 95!!
14 2 0.6 0.1 95
!!node 96!!
14 2 0.6 0.1 96
!!node 97!!
14 2 0.6 0.1 97
!!node 98!!
14 2 0.6 0.1 98
!!node 99!!
14 2 0.6 0.1 99
