!!node 0!!
7 -1 0 0 0
7 -1 0 0 1
7 -1 0 0 2
7 -1 0 0 3
7.15 -1 0 0 0
7.15 -1 0 0 1
7.15 -1 0 0 2
7.15 -1 0 0 3
7.3 -1 0 0 0
7.3 -1 0 0 1
7.3 -1 0 0 2
7.3 -1 0 0 3
7.45 -1 0 0 0
7.45 -1 0 0 1
7.45 -1 0 0 2
7.45 -1 0 0 3
7.6 -1 0 0 0
7.6 -1 0 0 1
7.6 -1 0 0 2
7.6 -1 0 0 3
7.75 -1 0 0 0
7.75 -1 0 0 1
7.75 -1 0 0 2
7.75 -1 0 0 3
7.9 -1 0 0 0
7.9 -1 0 0 1
7.9 -1 0 0 2
7.9 -1 0 0 3
8.05 -1 0 0 0
8.05 -1 0 0 1
8.05 -1 0 0 2
8.05 -1 0 0 3
8.2 -1 0 0 0
8.2 -1 0 0 1
8.2 -1 0 0 2
8.2 -1 0 0 3
8.35 -1 0 0 0
8.35 -1 0 0 1
8.35 -1 0 0 2
8.35 -1 0 0 3
!!node 1!!
8.5 -1 0 0 0
8.5 -1 0 0 1
8.5 -1 0 0 2
8.5 -1 0 0 3
8.65 -1 0 0 0
8.65 -1 0 0 1
8.65 -1 0 0 2
8.65 -1 0 0 3
8.8 -1 0 0 0
8.8 -1 0 0 1
8.8 -1 0 0 2
8.8 -1 0 0 3
8.95 -1 0 0 0
8.95 -1 0 0 1
8.95 -1 0 0 2
8.95 -1 0 0 3
9.1 -1 0 0 0
9.1 -1 0 0 1
9.1 -1 0 0 2
9.1 -1 0 0 3
9.25 -1 0 0 0
9.25 -1 0 0 1
9.25 -1 0 0 2
9.25 -1 0 0 3
9.4 -1 0 0 0
9.4 -1 0 0 1
9.4 -1 0 0 2
9.4 -1 0 0 3
9.55 -1 0 0 0
9.55 -1 0 0 1
9.55 -1 0 0 2
9.55 -1 0 0 3
9.7 -1 0 0 0
9.7 -1 0 0 1
9.7 -1 0 0 2
9.7 -1 0 0 3
9.85 -1 0 0 0
9.85 -1 0 0 1
9.85 -1 0 0 2
9.85 -1 0 0 3
