!!node 0!!
5 4 0
5 4 1
5 4 2
5 4 3
5 4 4
5 4 5
5 4 6
5 4 7
5 4 8
5 4 9
5 4 10
5 4 11
5 4 12
5 4 13
5 4 14
5 4 15
5 4 16
5 4 17
5 4 18
5 4 19
5 4 20
5 4 21
5 4 22
5 4 23
5 4 24
5 4 25
5 4 26
5 4 27
5 4 28
5 4 29
5 4 30
5 4 31
5 4 32
5 4 33
5 4 34
5 4 35
5 4 36
5 4 37
5 4 38
5 4 39
5 4 40
5 4 41
5 4 42
5 4 43
5 4 44
5 4 45
5 4 46
5 4 47
5 4 48
5 4 49
5 4 50
5 4 51
5 4 52
5 4 53
5 4 54
5 4 55
5 4 56
5 4 57
5 4 58
5 4 59
5 4 60
5 4 61
5 4 62
5 4 63
5 4 64
5 4 65
5 4 66
5 4 67
5 4 68
5 4 69
5 4 70
5 4 71
5 4 72
5 4 73
5 4 74
5 4 75
5 4 76
5 4 77
5 4 78
5 4 79
5 4 80
5 4 81
5 4 82
5 4 83
5 4 84
5 4 85
5 4 86
5 4 87
5 4 88
5 4 89
5 4 90
5 4 91
5 4 92
5 4 93
5 4 94
5 4 95
5 4 96
5 4 97
5 4 98
5 4 99
5 4 100
5 4 101
5 4 102
5 4 103
5 4 104
5 4 105
5 4 106
5 4 107
5 4 108
5 4 109
5 4 110
5 4 111
5 4 112
5 4 113
5 4 114
5 4 115
5 4 116
5 4 117
5 4 118
5 4 119
5 4 120
5 4 121
5 4 122
5 4 123
5 4 124
5 4 125
5 4 126
5 4 127
5 4 128
5 4 129
5 4 130
5 4 131
5 4 132
5 4 133
5 4 134
5 4 135
5 4 136
5 4 137
5 4 138
5 4 139
5 4 140
5 4 141
5 4 142
5 4 143
5 4 144
5 4 145
5 4 146
5 4 147
5 4 148
5 4 149
5 4 150
5 4 151
5 4 152
5 4 153
5 4 154
5 4 155
5 4 156
5 4 157
5 4 158
5 4 159
5 4 160
5 4 161
5 4 162
5 4 163
5 4 164
5 4 165
5 4 166
5 4 167
5 4 168
5 4 169
5 4 170
5 4 171
5 4 172
5 4 173
5 4 174
5 4 175
5 4 176
5 4 177
5 4 178
5 4 179
5 4 180
5 4 181
5 4 182
5 4 183
5 4 184
5 4 185
5 4 186
5 4 187
5 4 188
5 4 189
5 4 190
5 4 191
5 4 192
5 4 193
5 4 194
5 4 195
5 4 196
5 4 197
5 4 198
5 4 199
5 4 200
5 4 201
5 4 202
5 4 203
5 4 204
5 4 205
5 4 206
5 4 207
5 4 208
5 4 209
5 4 210
5 4 211
5 4 212
5 4 213
5 4 214
5 4 215
5 4 216
5 4 217
5 4 218
5 4 219
5 4 220
5 4 221
5 4 222
5 4 223
5 4 224
5 4 225
5 4 226
5 4 227
5 4 228
5 4 229
5 4 230
5 4 231
5 4 232
5 4 233
5 4 234
5 4 235
5 4 236
5 4 237
5 4 238
5 4 239
!!node 1!!
5.5 4 0
5.5 4 1
5.5 4 2
5.5 4 3
5.5 4 4
5.5 4 5
5.5 4 6
5.5 4 7
5.5 4 8
5.5 4 9
5.5 4 10
5.5 4 11
5.5 4 12
5.5 4 13
5.5 4 14
5.5 4 15
5.5 4 16
5.5 4 17
5.5 4 18
5.5 4 19
5.5 4 20
5.5 4 21
5.5 4 22
5.5 4 23
5.5 4 24
5.5 4 25
5.5 4 26
5.5 4 27
5.5 4 28
5.5 4 29
5.5 4 30
5.5 4 31
5.5 4 32
5.5 4 33
5.5 4 34
5.5 4 35
5.5 4 36
5.5 4 37
5.5 4 38
5.5 4 39
5.5 4 40
5.5 4 41
5.5 4 42
5.5 4 43
5.5 4 44
5.5 4 45
5.5 4 46
5.5 4 47
5.5 4 48
5.5 4 49
5.5 4 50
5.5 4 51
5.5 4 52
5.5 4 53
5.5 4 54
5.5 4 55
5.5 4 56
5.5 4 57
5.5 4 58
5.5 4 59
5.5 4 60
5.5 4 61
5.5 4 62
5.5 4 63
5.5 4 64
5.5 4 65
5.5 4 66
5.5 4 67
5.5 4 68
5.5 4 69
5.5 4 70
5.5 4 71
5.5 4 72
5.5 4 73
5.5 4 74
5.5 4 75
5.5 4 76
5.5 4 77
5.5 4 78
5.5 4 79
5.5 4 80
5.5 4 81
5.5 4 82
5.5 4 83
5.5 4 84
5.5 4 85
5.5 4 86
5.5 4 87
5.5 4 88
5.5 4 89
5.5 4 90
5.5 4 91
5.5 4 92
5.5 4 93
5.5 4 94
5.5 4 95
5.5 4 96
5.5 4 97
5.5 4 98
5.5 4 99
5.5 4 100
5.5 4 101
5.5 4 102
5.5 4 103
5.5 4 104
5.5 4 105
5.5 4 106
5.5 4 107
5.5 4 108
5.5 4 109
5.5 4 110
5.5 4 111
5.5 4 112
5.5 4 113
5.5 4 114
5.5 4 115
5.5 4 116
5.5 4 117
5.5 4 118
5.5 4 119
5.5 4 120
5.5 4 121
5.5 4 122
5.5 4 123
5.5 4 124
5.5 4 125
5.5 4 126
5.5 4 127
5.5 4 128
5.5 4 129
5.5 4 130
5.5 4 131
5.5 4 132
5.5 4 133
5.5 4 134
5.5 4 135
5.5 4 136
5.5 4 137
5.5 4 138
5.5 4 139
5.5 4 140
5.5 4 141
5.5 4 142
5.5 4 143
5.5 4 144
5.5 4 145
5.5 4 146
5.5 4 147
5.5 4 148
5.5 4 149
5.5 4 150
5.5 4 151
5.5 4 152
5.5 4 153
5.5 4 154
5.5 4 155
5.5 4 156
5.5 4 157
5.5 4 158
5.5 4 159
5.5 4 160
5.5 4 161
5.5 4 162
5.5 4 163
5.5 4 164
5.5 4 165
5.5 4 166
5.5 4 167
5.5 4 168
5.5 4 169
5.5 4 170
5.5 4 171
5.5 4 172
5.5 4 173
5.5 4 174
5.5 4 175
5.5 4 176
5.5 4 177
5.5 4 178
5.5 4 179
5.5 4 180
5.5 4 181
5.5 4 182
5.5 4 183
5.5 4 184
5.5 4 185
5.5 4 186
5.5 4 187
5.5 4 188
5.5 4 189
5.5 4 190
5.5 4 191
5.5 4 192
5.5 4 193
5.5 4 194
5.5 4 195
5.5 4 196
5.5 4 197
5.5 4 198
5.5 4 199
5.5 4 200
5.5 4 201
5.5 4 202
5.5 4 203
5.5 4 204
5.5 4 205
5.5 4 206
5.5 4 207
5.5 4 208
5.5 4 209
5.5 4 210
5.5 4 211
5.5 4 212
5.5 4 213
5.5 4 214
5.5 4 215
5.5 4 216
5.5 4 217
5.5 4 218
5.5 4 219
5.5 4 220
5.5 4 221
5.5 4 222
5.5 4 223
5.5 4 224
5.5 4 225
5.5 4 226
5.5 4 227
5.5 4 228
5.5 4 229
5.5 4 230
5.5 4 231
5.5 4 232
5.5 4 233
5.5 4 234
5.5 4 235
5.5 4 236
5.5 4 237
5.5 4 238
5.5 4 239
!!node 2!!
6 4 0
6 4 1
6 4 2
6 4 3
6 4 4
6 4 5
6 4 6
6 4 7
6 4 8
6 4 9
6 4 10
6 4 11
6 4 12
6 4 13
6 4 14
6 4 15
6 4 16
6 4 17
6 4 18
6 4 19
6 4 20
6 4 21
6 4 22
6 4 23
6 4 24
6 4 25
6 4 26
6 4 27
6 4 28
6 4 29
6 4 30
6 4 31
6 4 32
6 4 33
6 4 34
6 4 35
6 4 36
6 4 37
6 4 38
6 4 39
6 4 40
6 4 41
6 4 42
6 4 43
6 4 44
6 4 45
6 4 46
6 4 47
6 4 48
6 4 49
6 4 50
6 4 51
6 4 52
6 4 53
6 4 54
6 4 55
6 4 56
6 4 57
6 4 58
6 4 59
6 4 60
6 4 61
6 4 62
6 4 63
6 4 64
6 4 65
6 4 66
6 4 67
6 4 68
6 4 69
6 4 70
6 4 71
6 4 72
6 4 73
6 4 74
6 4 75
6 4 76
6 4 77
6 4 78
6 4 79
6 4 80
6 4 81
6 4 82
6 4 83
6 4 84
6 4 85
6 4 86
6 4 87
6 4 88
6 4 89
6 4 90
6 4 91
6 4 92
6 4 93
6 4 94
6 4 95
6 4 96
6 4 97
6 4 98
6 4 99
6 4 100
6 4 101
6 4 102
6 4 103
6 4 104
6 4 105
6 4 106
6 4 107
6 4 108
6 4 109
6 4 110
6 4 111
6 4 112
6 4 113
6 4 114
6 4 115
6 4 116
6 4 117
6 4 118
6 4 119
6 4 120
6 4 121
6 4 122
6 4 123
6 4 124
6 4 125
6 4 126
6 4 127
6 4 128
6 4 129
6 4 130
6 4 131
6 4 132
6 4 133
6 4 134
6 4 135
6 4 136
6 4 137
6 4 138
6 4 139
6 4 140
6 4 141
6 4 142
6 4 143
6 4 144
6 4 145
6 4 146
6 4 147
6 4 148
6 4 149
6 4 150
6 4 151
6 4 152
6 4 153
6 4 154
6 4 155
6 4 156
6 4 157
6 4 158
6 4 159
6 4 160
6 4 161
6 4 162
6 4 163
6 4 164
6 4 165
6 4 166
6 4 167
6 4 168
6 4 169
6 4 170
6 4 171
6 4 172
6 4 173
6 4 174
6 4 175
6 4 176
6 4 177
6 4 178
6 4 179
6 4 180
6 4 181
6 4 182
6 4 183
6 4 184
6 4 185
6 4 186
6 4 187
6 4 188
6 4 189
6 4 190
6 4 191
6 4 192
6 4 193
6 4 194
6 4 195
6 4 196
6 4 197
6 4 198
6 4 199
6 4 200
6 4 201
6 4 202
6 4 203
6 4 204
6 4 205
6 4 206
6 4 207
6 4 208
6 4 209
6 4 210
6 4 211
6 4 212
6 4 213
6 4 214
6 4 215
6 4 216
6 4 217
6 4 218
6 4 219
6 4 220
6 4 221
6 4 222
6 4 223
6 4 224
6 4 225
6 4 226
6 4 227
6 4 228
6 4 229
6 4 230
6 4 231
6 4 232
6 4 233
6 4 234
6 4 235
6 4 236
6 4 237
6 4 238
6 4 239
!!node 3!!
6.5 4 0
6.5 4 1
6.5 4 2
6.5 4 3
6.5 4 4
6.5 4 5
6.5 4 6
6.5 4 7
6.5 4 8
6.5 4 9
6.5 4 10
6.5 4 11
6.5 4 12
6.5 4 13
6.5 4 14
6.5 4 15
6.5 4 16
6.5 4 17
6.5 4 18
6.5 4 19
6.5 4 20
6.5 4 21
6.5 4 22
6.5 4 23
6.5 4 24
6.5 4 25
6.5 4 26
6.5 4 27
6.5 4 28
6.5 4 29
6.5 4 30
6.5 4 31
6.5 4 32
6.5 4 33
6.5 4 34
6.5 4 35
6.5 4 36
6.5 4 37
6.5 4 38
6.5 4 39
6.5 4 40
6.5 4 41
6.5 4 42
6.5 4 43
6.5 4 44
6.5 4 45
6.5 4 46
6.5 4 47
6.5 4 48
6.5 4 49
6.5 4 50
6.5 4 51
6.5 4 52
6.5 4 53
6.5 4 54
6.5 4 55
6.5 4 56
6.5 4 57
6.5 4 58
6.5 4 59
6.5 4 60
6.5 4 61
6.5 4 62
6.5 4 63
6.5 4 64
6.5 4 65
6.5 4 66
6.5 4 67
6.5 4 68
6.5 4 69
6.5 4 70
6.5 4 71
6.5 4 72
6.5 4 73
6.5 4 74
6.5 4 75
6.5 4 76
6.5 4 77
6.5 4 78
6.5 4 79
6.5 4 80
6.5 4 81
6.5 4 82
6.5 4 83
6.5 4 84
6.5 4 85
6.5 4 86
6.5 4 87
6.5 4 88
6.5 4 89
6.5 4 90
6.5 4 91
6.5 4 92
6.5 4 93
6.5 4 94
6.5 4 95
6.5 4 96
6.5 4 97
6.5 4 98
6.5 4 99
6.5 4 100
6.5 4 101
6.5 4 102
6.5 4 103
6.5 4 104
6.5 4 105
6.5 4 106
6.5 4 107
6.5 4 108
6.5 4 109
6.5 4 110
6.5 4 111
6.5 4 112
6.5 4 113
6.5 4 114
6.5 4 115
6.5 4 116
6.5 4 117
6.5 4 118
6.5 4 119
6.5 4 120
6.5 4 121
6.5 4 122
6.5 4 123
6.5 4 124
6.5 4 125
6.5 4 126
6.5 4 127
6.5 4 128
6.5 4 129
6.5 4 130
6.5 4 131
6.5 4 132
6.5 4 133
6.5 4 134
6.5 4 135
6.5 4 136
6.5 4 137
6.5 4 138
6.5 4 139
6.5 4 140
6.5 4 141
6.5 4 142
6.5 4 143
6.5 4 144
6.5 4 145
6.5 4 146
6.5 4 147
6.5 4 148
6.5 4 149
6.5 4 150
6.5 4 151
6.5 4 152
6.5 4 153
6.5 4 154
6.5 4 155
6.5 4 156
6.5 4 157
6.5 4 158
6.5 4 159
6.5 4 160
6.5 4 161
6.5 4 162
6.5 4 163
6.5 4 164
6.5 4 165
6.5 4 166
6.5 4 167
6.5 4 168
6.5 4 169
6.5 4 170
6.5 4 171
6.5 4 172
6.5 4 173
6.5 4 174
6.5 4 175
6.5 4 176
6.5 4 177
6.5 4 178
6.5 4 179
6.5 4 180
6.5 4 181
6.5 4 182
6.5 4 183
6.5 4 184
6.5 4 185
6.5 4 186
6.5 4 187
6.5 4 188
6.5 4 189
6.5 4 190
6.5 4 191
6.5 4 192
6.5 4 193
6.5 4 194
6.5 4 195
6.5 4 196
6.5 4 197
6.5 4 198
6.5 4 199
6.5 4 200
6.5 4 201
6.5 4 202
6.5 4 203
6.5 4 204
6.5 4 205
6.5 4 206
6.5 4 207
6.5 4 208
6.5 4 209
6.5 4 210
6.5 4 211
6.5 4 212
6.5 4 213
6.5 4 214
6.5 4 215
6.5 4 216
6.5 4 217
6.5 4 218
6.5 4 219
6.5 4 220
6.5 4 221
6.5 4 222
6.5 4 223
6.5 4 224
6.5 4 225
6.5 4 226
6.5 4 227
6.5 4 228
6.5 4 229
6.5 4 230
6.5 4 231
6.5 4 232
6.5 4 233
6.5 4 234
6.5 4 235
6.5 4 236
6.5 4 237
6.5 4 238
6.5 4 239
!!node 4!!
7 4 0
7 4 1
7 4 2
7 4 3
7 4 4
7 4 5
7 4 6
7 4 7
7 4 8
7 4 9
7 4 10
7 4 11
7 4 12
7 4 13
7 4 14
7 4 15
7 4 16
7 4 17
7 4 18
7 4 19
7 4 20
7 4 21
7 4 22
7 4 23
7 4 24
7 4 25
7 4 26
7 4 27
7 4 28
7 4 29
7 4 30
7 4 31
7 4 32
7 4 33
7 4 34
7 4 35
7 4 36
7 4 37
7 4 38
7 4 39
7 4 40
7 4 41
7 4 42
7 4 43
7 4 44
7 4 45
7 4 46
7 4 47
7 4 48
7 4 49
7 4 50
7 4 51
7 4 52
7 4 53
7 4 54
7 4 55
7 4 56
7 4 57
7 4 58
7 4 59
7 4 60
7 4 61
7 4 62
7 4 63
7 4 64
7 4 65
7 4 66
7 4 67
7 4 68
7 4 69
7 4 70
7 4 71
7 4 72
7 4 73
7 4 74
7 4 75
7 4 76
7 4 77
7 4 78
7 4 79
7 4 80
7 4 81
7 4 82
7 4 83
7 4 84
7 4 85
7 4 86
7 4 87
7 4 88
7 4 89
7 4 90
7 4 91
7 4 92
7 4 93
7 4 94
7 4 95
7 4 96
7 4 97
7 4 98
7 4 99
7 4 100
7 4 101
7 4 102
7 4 103
7 4 104
7 4 105
7 4 106
7 4 107
7 4 108
7 4 109
7 4 110
7 4 111
7 4 112
7 4 113
7 4 114
7 4 115
7 4 116
7 4 117
7 4 118
7 4 119
7 4 120
7 4 121
7 4 122
7 4 123
7 4 124
7 4 125
7 4 126
7 4 127
7 4 128
7 4 129
7 4 130
7 4 131
7 4 132
7 4 133
7 4 134
7 4 135
7 4 136
7 4 137
7 4 138
7 4 139
7 4 140
7 4 141
7 4 142
7 4 143
7 4 144
7 4 145
7 4 146
7 4 147
7 4 148
7 4 149
7 4 150
7 4 151
7 4 152
7 4 153
7 4 154
7 4 155
7 4 156
7 4 157
7 4 158
7 4 159
7 4 160
7 4 161
7 4 162
7 4 163
7 4 164
7 4 165
7 4 166
7 4 167
7 4 168
7 4 169
7 4 170
7 4 171
7 4 172
7 4 173
7 4 174
7 4 175
7 4 176
7 4 177
7 4 178
7 4 179
7 4 180
7 4 181
7 4 182
7 4 183
7 4 184
7 4 185
7 4 186
7 4 187
7 4 188
7 4 189
7 4 190
7 4 191
7 4 192
7 4 193
7 4 194
7 4 195
7 4 196
7 4 197
7 4 198
7 4 199
7 4 200
7 4 201
7 4 202
7 4 203
7 4 204
7 4 205
7 4 206
7 4 207
7 4 208
7 4 209
7 4 210
7 4 211
7 4 212
7 4 213
7 4 214
7 4 215
7 4 216
7 4 217
7 4 218
7 4 219
7 4 220
7 4 221
7 4 222
7 4 223
7 4 224
7 4 225
7 4 226
7 4 227
7 4 228
7 4 229
7 4 230
7 4 231
7 4 232
7 4 233
7 4 234
7 4 235
7 4 236
7 4 237
7 4 238
7 4 239
!!node 5!!
7.5 4 0
7.5 4 1
7.5 4 2
7.5 4 3
7.5 4 4
7.5 4 5
7.5 4 6
7.5 4 7
7.5 4 8
7.5 4 9
7.5 4 10
7.5 4 11
7.5 4 12
7.5 4 13
7.5 4 14
7.5 4 15
7.5 4 16
7.5 4 17
7.5 4 18
7.5 4 19
7.5 4 20
7.5 4 21
7.5 4 22
7.5 4 23
7.5 4 24
7.5 4 25
7.5 4 26
7.5 4 27
7.5 4 28
7.5 4 29
7.5 4 30
7.5 4 31
7.5 4 32
7.5 4 33
7.5 4 34
7.5 4 35
7.5 4 36
7.5 4 37
7.5 4 38
7.5 4 39
7.5 4 40
7.5 4 41
7.5 4 42
7.5 4 43
7.5 4 44
7.5 4 45
7.5 4 46
7.5 4 47
7.5 4 48
7.5 4 49
7.5 4 50
7.5 4 51
7.5 4 52
7.5 4 53
7.5 4 54
7.5 4 55
7.5 4 56
7.5 4 57
7.5 4 58
7.5 4 59
7.5 4 60
7.5 4 61
7.5 4 62
7.5 4 63
7.5 4 64
7.5 4 65
7.5 4 66
7.5 4 67
7.5 4 68
7.5 4 69
7.5 4 70
7.5 4 71
7.5 4 72
7.5 4 73
7.5 4 74
7.5 4 75
7.5 4 76
7.5 4 77
7.5 4 78
7.5 4 79
7.5 4 80
7.5 4 81
7.5 4 82
7.5 4 83
7.5 4 84
7.5 4 85
7.5 4 86
7.5 4 87
7.5 4 88
7.5 4 89
7.5 4 90
7.5 4 91
7.5 4 92
7.5 4 93
7.5 4 94
7.5 4 95
7.5 4 96
7.5 4 97
7.5 4 98
7.5 4 99
7.5 4 100
7.5 4 101
7.5 4 102
7.5 4 103
7.5 4 104
7.5 4 105
7.5 4 106
7.5 4 107
7.5 4 108
7.5 4 109
7.5 4 110
7.5 4 111
7.5 4 112
7.5 4 113
7.5 4 114
7.5 4 115
7.5 4 116
7.5 4 117
7.5 4 118
7.5 4 119
7.5 4 120
7.5 4 121
7.5 4 122
7.5 4 123
7.5 4 124
7.5 4 125
7.5 4 126
7.5 4 127
7.5 4 128
7.5 4 129
7.5 4 130
7.5 4 131
7.5 4 132
7.5 4 133
7.5 4 134
7.5 4 135
7.5 4 136
7.5 4 137
7.5 4 138
7.5 4 139
7.5 4 140
7.5 4 141
7.5 4 142
7.5 4 143
7.5 4 144
7.5 4 145
7.5 4 146
7.5 4 147
7.5 4 148
7.5 4 149
7.5 4 150
7.5 4 151
7.5 4 152
7.5 4 153
7.5 4 154
7.5 4 155
7.5 4 156
7.5 4 157
7.5 4 158
7.5 4 159
7.5 4 160
7.5 4 161
7.5 4 162
7.5 4 163
7.5 4 164
7.5 4 165
7.5 4 166
7.5 4 167
7.5 4 168
7.5 4 169
7.5 4 170
7.5 4 171
7.5 4 172
7.5 4 173
7.5 4 174
7.5 4 175
7.5 4 176
7.5 4 177
7.5 4 178
7.5 4 179
7.5 4 180
7.5 4 181
7.5 4 182
7.5 4 183
7.5 4 184
7.5 4 185
7.5 4 186
7.5 4 187
7.5 4 188
7.5 4 189
7.5 4 190
7.5 4 191
7.5 4 192
7.5 4 193
7.5 4 194
7.5 4 195
7.5 4 196
7.5 4 197
7.5 4 198
7.5 4 199
7.5 4 200
7.5 4 201
7.5 4 202
7.5 4 203
7.5 4 204
7.5 4 205
7.5 4 206
7.5 4 207
7.5 4 208
7.5 4 209
7.5 4 210
7.5 4 211
7.5 4 212
7.5 4 213
7.5 4 214
7.5 4 215
7.5 4 216
7.5 4 217
7.5 4 218
7.5 4 219
7.5 4 220
7.5 4 221
7.5 4 222
7.5 4 223
7.5 4 224
7.5 4 225
7.5 4 226
7.5 4 227
7.5 4 228
7.5 4 229
7.5 4 230
7.5 4 231
7.5 4 232
7.5 4 233
7.5 4 234
7.5 4 235
7.5 4 236
7.5 4 237
7.5 4 238
7.5 4 239
!!node 6!!
8 4 0
8 4 1
8 4 2
8 4 3
8 4 4
8 4 5
8 4 6
8 4 7
8 4 8
8 4 9
8 4 10
8 4 11
8 4 12
8 4 13
8 4 14
8 4 15
8 4 16
8 4 17
8 4 18
8 4 19
8 4 20
8 4 21
8 4 22
8 4 23
8 4 24
8 4 25
8 4 26
8 4 27
8 4 28
8 4 29
8 4 30
8 4 31
8 4 32
8 4 33
8 4 34
8 4 35
8 4 36
8 4 37
8 4 38
8 4 39
8 4 40
8 4 41
8 4 42
8 4 43
8 4 44
8 4 45
8 4 46
8 4 47
8 4 48
8 4 49
8 4 50
8 4 51
8 4 52
8 4 53
8 4 54
8 4 55
8 4 56
8 4 57
8 4 58
8 4 59
8 4 60
8 4 61
8 4 62
8 4 63
8 4 64
8 4 65
8 4 66
8 4 67
8 4 68
8 4 69
8 4 70
8 4 71
8 4 72
8 4 73
8 4 74
8 4 75
8 4 76
8 4 77
8 4 78
8 4 79
8 4 80
8 4 81
8 4 82
8 4 83
8 4 84
8 4 85
8 4 86
8 4 87
8 4 88
8 4 89
8 4 90
8 4 91
8 4 92
8 4 93
8 4 94
8 4 95
8 4 96
8 4 97
8 4 98
8 4 99
8 4 100
8 4 101
8 4 102
8 4 103
8 4 104
8 4 105
8 4 106
8 4 107
8 4 108
8 4 109
8 4 110
8 4 111
8 4 112
8 4 113
8 4 114
8 4 115
8 4 116
8 4 117
8 4 118
8 4 119
8 4 120
8 4 121
8 4 122
8 4 123
8 4 124
8 4 125
8 4 126
8 4 127
8 4 128
8 4 129
8 4 130
8 4 131
8 4 132
8 4 133
8 4 134
8 4 135
8 4 136
8 4 137
8 4 138
8 4 139
8 4 140
8 4 141
8 4 142
8 4 143
8 4 144
8 4 145
8 4 146
8 4 147
8 4 148
8 4 149
8 4 150
8 4 151
8 4 152
8 4 153
8 4 154
8 4 155
8 4 156
8 4 157
8 4 158
8 4 159
8 4 160
8 4 161
8 4 162
8 4 163
8 4 164
8 4 165
8 4 166
8 4 167
8 4 168
8 4 169
8 4 170
8 4 171
8 4 172
8 4 173
8 4 174
8 4 175
8 4 176
8 4 177
8 4 178
8 4 179
8 4 180
8 4 181
8 4 182
8 4 183
8 4 184
8 4 185
8 4 186
8 4 187
8 4 188
8 4 189
8 4 190
8 4 191
8 4 192
8 4 193
8 4 194
8 4 195
8 4 196
8 4 197
8 4 198
8 4 199
8 4 200
8 4 201
8 4 202
8 4 203
8 4 204
8 4 205
8 4 206
8 4 207
8 4 208
8 4 209
8 4 210
8 4 211
8 4 212
8 4 213
8 4 214
8 4 215
8 4 216
8 4 217
8 4 218
8 4 219
8 4 220
8 4 221
8 4 222
8 4 223
8 4 224
8 4 225
8 4 226
8 4 227
8 4 228
8 4 229
8 4 230
8 4 231
8 4 232
8 4 233
8 4 234
8 4 235
8 4 236
8 4 237
8 4 238
8 4 239
!!node 7!!
8.5 4 0
8.5 4 1
8.5 4 2
8.5 4 3
8.5 4 4
8.5 4 5
8.5 4 6
8.5 4 7
8.5 4 8
8.5 4 9
8.5 4 10
8.5 4 11
8.5 4 12
8.5 4 13
8.5 4 14
8.5 4 15
8.5 4 16
8.5 4 17
8.5 4 18
8.5 4 19
8.5 4 20
8.5 4 21
8.5 4 22
8.5 4 23
8.5 4 24
8.5 4 25
8.5 4 26
8.5 4 27
8.5 4 28
8.5 4 29
8.5 4 30
8.5 4 31
8.5 4 32
8.5 4 33
8.5 4 34
8.5 4 35
8.5 4 36
8.5 4 37
8.5 4 38
8.5 4 39
8.5 4 40
8.5 4 41
8.5 4 42
8.5 4 43
8.5 4 44
8.5 4 45
8.5 4 46
8.5 4 47
8.5 4 48
8.5 4 49
8.5 4 50
8.5 4 51
8.5 4 52
8.5 4 53
8.5 4 54
8.5 4 55
8.5 4 56
8.5 4 57
8.5 4 58
8.5 4 59
8.5 4 60
8.5 4 61
8.5 4 62
8.5 4 63
8.5 4 64
8.5 4 65
8.5 4 66
8.5 4 67
8.5 4 68
8.5 4 69
8.5 4 70
8.5 4 71
8.5 4 72
8.5 4 73
8.5 4 74
8.5 4 75
8.5 4 76
8.5 4 77
8.5 4 78
8.5 4 79
8.5 4 80
8.5 4 81
8.5 4 82
8.5 4 83
8.5 4 84
8.5 4 85
8.5 4 86
8.5 4 87
8.5 4 88
8.5 4 89
8.5 4 90
8.5 4 91
8.5 4 92
8.5 4 93
8.5 4 94
8.5 4 95
8.5 4 96
8.5 4 97
8.5 4 98
8.5 4 99
8.5 4 100
8.5 4 101
8.5 4 102
8.5 4 103
8.5 4 104
8.5 4 105
8.5 4 106
8.5 4 107
8.5 4 108
8.5 4 109
8.5 4 110
8.5 4 111
8.5 4 112
8.5 4 113
8.5 4 114
8.5 4 115
8.5 4 116
8.5 4 117
8.5 4 118
8.5 4 119
8.5 4 120
8.5 4 121
8.5 4 122
8.5 4 123
8.5 4 124
8.5 4 125
8.5 4 126
8.5 4 127
8.5 4 128
8.5 4 129
8.5 4 130
8.5 4 131
8.5 4 132
8.5 4 133
8.5 4 134
8.5 4 135
8.5 4 136
8.5 4 137
8.5 4 138
8.5 4 139
8.5 4 140
8.5 4 141
8.5 4 142
8.5 4 143
8.5 4 144
8.5 4 145
8.5 4 146
8.5 4 147
8.5 4 148
8.5 4 149
8.5 4 150
8.5 4 151
8.5 4 152
8.5 4 153
8.5 4 154
8.5 4 155
8.5 4 156
8.5 4 157
8.5 4 158
8.5 4 159
8.5 4 160
8.5 4 161
8.5 4 162
8.5 4 163
8.5 4 164
8.5 4 165
8.5 4 166
8.5 4 167
8.5 4 168
8.5 4 169
8.5 4 170
8.5 4 171
8.5 4 172
8.5 4 173
8.5 4 174
8.5 4 175
8.5 4 176
8.5 4 177
8.5 4 178
8.5 4 179
8.5 4 180
8.5 4 181
8.5 4 182
8.5 4 183
8.5 4 184
8.5 4 185
8.5 4 186
8.5 4 187
8.5 4 188
8.5 4 189
8.5 4 190
8.5 4 191
8.5 4 192
8.5 4 193
8.5 4 194
8.5 4 195
8.5 4 196
8.5 4 197
8.5 4 198
8.5 4 199
8.5 4 200
8.5 4 201
8.5 4 202
8.5 4 203
8.5 4 204
8.5 4 205
8.5 4 206
8.5 4 207
8.5 4 208
8.5 4 209
8.5 4 210
8.5 4 211
8.5 4 212
8.5 4 213
8.5 4 214
8.5 4 215
8.5 4 216
8.5 4 217
8.5 4 218
8.5 4 219
8.5 4 220
8.5 4 221
8.5 4 222
8.5 4 223
8.5 4 224
8.5 4 225
8.5 4 226
8.5 4 227
8.5 4 228
8.5 4 229
8.5 4 230
8.5 4 231
8.5 4 232
8.5 4 233
8.5 4 234
8.5 4 235
8.5 4 236
8.5 4 237
8.5 4 238
8.5 4 239
!!node 8!!
9 4 0
9 4 1
9 4 2
9 4 3
9 4 4
9 4 5
9 4 6
9 4 7
9 4 8
9 4 9
9 4 10
9 4 11
9 4 12
9 4 13
9 4 14
9 4 15
9 4 16
9 4 17
9 4 18
9 4 19
9 4 20
9 4 21
9 4 22
9 4 23
9 4 24
9 4 25
9 4 26
9 4 27
9 4 28
9 4 29
9 4 30
9 4 31
9 4 32
9 4 33
9 4 34
9 4 35
9 4 36
9 4 37
9 4 38
9 4 39
9 4 40
9 4 41
9 4 42
9 4 43
9 4 44
9 4 45
9 4 46
9 4 47
9 4 48
9 4 49
9 4 50
9 4 51
9 4 52
9 4 53
9 4 54
9 4 55
9 4 56
9 4 57
9 4 58
9 4 59
9 4 60
9 4 61
9 4 62
9 4 63
9 4 64
9 4 65
9 4 66
9 4 67
9 4 68
9 4 69
9 4 70
9 4 71
9 4 72
9 4 73
9 4 74
9 4 75
9 4 76
9 4 77
9 4 78
9 4 79
9 4 80
9 4 81
9 4 82
9 4 83
9 4 84
9 4 85
9 4 86
9 4 87
9 4 88
9 4 89
9 4 90
9 4 91
9 4 92
9 4 93
9 4 94
9 4 95
9 4 96
9 4 97
9 4 98
9 4 99
9 4 100
9 4 101
9 4 102
9 4 103
9 4 104
9 4 105
9 4 106
9 4 107
9 4 108
9 4 109
9 4 110
9 4 111
9 4 112
9 4 113
9 4 114
9 4 115
9 4 116
9 4 117
9 4 118
9 4 119
9 4 120
9 4 121
9 4 122
9 4 123
9 4 124
9 4 125
9 4 126
9 4 127
9 4 128
9 4 129
9 4 130
9 4 131
9 4 132
9 4 133
9 4 134
9 4 135
9 4 136
9 4 137
9 4 138
9 4 139
9 4 140
9 4 141
9 4 142
9 4 143
9 4 144
9 4 145
9 4 146
9 4 147
9 4 148
9 4 149
9 4 150
9 4 151
9 4 152
9 4 153
9 4 154
9 4 155
9 4 156
9 4 157
9 4 158
9 4 159
9 4 160
9 4 161
9 4 162
9 4 163
9 4 164
9 4 165
9 4 166
9 4 167
9 4 168
9 4 169
9 4 170
9 4 171
9 4 172
9 4 173
9 4 174
9 4 175
9 4 176
9 4 177
9 4 178
9 4 179
9 4 180
9 4 181
9 4 182
9 4 183
9 4 184
9 4 185
9 4 186
9 4 187
9 4 188
9 4 189
9 4 190
9 4 191
9 4 192
9 4 193
9 4 194
9 4 195
9 4 196
9 4 197
9 4 198
9 4 199
9 4 200
9 4 201
9 4 202
9 4 203
9 4 204
9 4 205
9 4 206
9 4 207
9 4 208
9 4 209
9 4 210
9 4 211
9 4 212
9 4 213
9 4 214
9 4 215
9 4 216
9 4 217
9 4 218
9 4 219
9 4 220
9 4 221
9 4 222
9 4 223
9 4 224
9 4 225
9 4 226
9 4 227
9 4 228
9 4 229
9 4 230
9 4 231
9 4 232
9 4 233
9 4 234
9 4 235
9 4 236
9 4 237
9 4 238
9 4 239
!!node 9!!
9.5 4 0
9.5 4 1
9.5 4 2
9.5 4 3
9.5 4 4
9.5 4 5
9.5 4 6
9.5 4 7
9.5 4 8
9.5 4 9
9.5 4 10
9.5 4 11
9.5 4 12
9.5 4 13
9.5 4 14
9.5 4 15
9.5 4 16
9.5 4 17
9.5 4 18
9.5 4 19
9.5 4 20
9.5 4 21
9.5 4 22
9.5 4 23
9.5 4 24
9.5 4 25
9.5 4 26
9.5 4 27
9.5 4 28
9.5 4 29
9.5 4 30
9.5 4 31
9.5 4 32
9.5 4 33
9.5 4 34
9.5 4 35
9.5 4 36
9.5 4 37
9.5 4 38
9.5 4 39
9.5 4 40
9.5 4 41
9.5 4 42
9.5 4 43
9.5 4 44
9.5 4 45
9.5 4 46
9.5 4 47
9.5 4 48
9.5 4 49
9.5 4 50
9.5 4 51
9.5 4 52
9.5 4 53
9.5 4 54
9.5 4 55
9.5 4 56
9.5 4 57
9.5 4 58
9.5 4 59
9.5 4 60
9.5 4 61
9.5 4 62
9.5 4 63
9.5 4 64
9.5 4 65
9.5 4 66
9.5 4 67
9.5 4 68
9.5 4 69
9.5 4 70
9.5 4 71
9.5 4 72
9.5 4 73
9.5 4 74
9.5 4 75
9.5 4 76
9.5 4 77
9.5 4 78
9.5 4 79
9.5 4 80
9.5 4 81
9.5 4 82
9.5 4 83
9.5 4 84
9.5 4 85
9.5 4 86
9.5 4 87
9.5 4 88
9.5 4 89
9.5 4 90
9.5 4 91
9.5 4 92
9.5 4 93
9.5 4 94
9.5 4 95
9.5 4 96
9.5 4 97
9.5 4 98
9.5 4 99
9.5 4 100
9.5 4 101
9.5 4 102
9.5 4 103
9.5 4 104
9.5 4 105
9.5 4 106
9.5 4 107
9.5 4 108
9.5 4 109
9.5 4 110
9.5 4 111
9.5 4 112
9.5 4 113
9.5 4 114
9.5 4 115
9.5 4 116
9.5 4 117
9.5 4 118
9.5 4 119
9.5 4 120
9.5 4 121
9.5 4 122
9.5 4 123
9.5 4 124
9.5 4 125
9.5 4 126
9.5 4 127
9.5 4 128
9.5 4 129
9.5 4 130
9.5 4 131
9.5 4 132
9.5 4 133
9.5 4 134
9.5 4 135
9.5 4 136
9.5 4 137
9.5 4 138
9.5 4 139
9.5 4 140
9.5 4 141
9.5 4 142
9.5 4 143
9.5 4 144
9.5 4 145
9.5 4 146
9.5 4 147
9.5 4 148
9.5 4 149
9.5 4 150
9.5 4 151
9.5 4 152
9.5 4 153
9.5 4 154
9.5 4 155
9.5 4 156
9.5 4 157
9.5 4 158
9.5 4 159
9.5 4 160
9.5 4 161
9.5 4 162
9.5 4 163
9.5 4 164
9.5 4 165
9.5 4 166
9.5 4 167
9.5 4 168
9.5 4 169
9.5 4 170
9.5 4 171
9.5 4 172
9.5 4 173
9.5 4 174
9.5 4 175
9.5 4 176
9.5 4 177
9.5 4 178
9.5 4 179
9.5 4 180
9.5 4 181
9.5 4 182
9.5 4 183
9.5 4 184
9.5 4 185
9.5 4 186
9.5 4 187
9.5 4 188
9.5 4 189
9.5 4 190
9.5 4 191
9.5 4 192
9.5 4 193
9.5 4 194
9.5 4 195
9.5 4 196
9.5 4 197
9.5 4 198
9.5 4 199
9.5 4 200
9.5 4 201
9.5 4 202
9.5 4 203
9.5 4 204
9.5 4 205
9.5 4 206
9.5 4 207
9.5 4 208
9.5 4 209
9.5 4 210
9.5 4 211
9.5 4 212
9.5 4 213
9.5 4 214
9.5 4 215
9.5 4 216
9.5 4 217
9.5 4 218
9.5 4 219
9.5 4 220
9.5 4 221
9.5 4 222
9.5 4 223
9.5 4 224
9.5 4 225
9.5 4 226
9.5 4 227
9.5 4 228
9.5 4 229
9.5 4 230
9.5 4 231
9.5 4 232
9.5 4 233
9.5 4 234
9.5 4 235
9.5 4 236
9.5 4 237
9.5 4 238
9.5 4 239
!!node 10!!
10 4 0
10 4 1
10 4 2
10 4 3
10 4 4
10 4 5
10 4 6
10 4 7
10 4 8
10 4 9
10 4 10
10 4 11
10 4 12
10 4 13
10 4 14
10 4 15
10 4 16
10 4 17
10 4 18
10 4 19
10 4 20
10 4 21
10 4 22
10 4 23
10 4 24
10 4 25
10 4 26
10 4 27
10 4 28
10 4 29
10 4 30
10 4 31
10 4 32
10 4 33
10 4 34
10 4 35
10 4 36
10 4 37
10 4 38
10 4 39
10 4 40
10 4 41
10 4 42
10 4 43
10 4 44
10 4 45
10 4 46
10 4 47
10 4 48
10 4 49
10 4 50
10 4 51
10 4 52
10 4 53
10 4 54
10 4 55
10 4 56
10 4 57
10 4 58
10 4 59
10 4 60
10 4 61
10 4 62
10 4 63
10 4 64
10 4 65
10 4 66
10 4 67
10 4 68
10 4 69
10 4 70
10 4 71
10 4 72
10 4 73
10 4 74
10 4 75
10 4 76
10 4 77
10 4 78
10 4 79
10 4 80
10 4 81
10 4 82
10 4 83
10 4 84
10 4 85
10 4 86
10 4 87
10 4 88
10 4 89
10 4 90
10 4 91
10 4 92
10 4 93
10 4 94
10 4 95
10 4 96
10 4 97
10 4 98
10 4 99
10 4 100
10 4 101
10 4 102
10 4 103
10 4 104
10 4 105
10 4 106
10 4 107
10 4 108
10 4 109
10 4 110
10 4 111
10 4 112
10 4 113
10 4 114
10 4 115
10 4 116
10 4 117
10 4 118
10 4 119
10 4 120
10 4 121
10 4 122
10 4 123
10 4 124
10 4 125
10 4 126
10 4 127
10 4 128
10 4 129
10 4 130
10 4 131
10 4 132
10 4 133
10 4 134
10 4 135
10 4 136
10 4 137
10 4 138
10 4 139
10 4 140
10 4 141
10 4 142
10 4 143
10 4 144
10 4 145
10 4 146
10 4 147
10 4 148
10 4 149
10 4 150
10 4 151
10 4 152
10 4 153
10 4 154
10 4 155
10 4 156
10 4 157
10 4 158
10 4 159
10 4 160
10 4 161
10 4 162
10 4 163
10 4 164
10 4 165
10 4 166
10 4 167
10 4 168
10 4 169
10 4 170
10 4 171
10 4 172
10 4 173
10 4 174
10 4 175
10 4 176
10 4 177
10 4 178
10 4 179
10 4 180
10 4 181
10 4 182
10 4 183
10 4 184
10 4 185
10 4 186
10 4 187
10 4 188
10 4 189
10 4 190
10 4 191
10 4 192
10 4 193
10 4 194
10 4 195
10 4 196
10 4 197
10 4 198
10 4 199
10 4 200
10 4 201
10 4 202
10 4 203
10 4 204
10 4 205
10 4 206
10 4 207
10 4 208
10 4 209
10 4 210
10 4 211
10 4 212
10 4 213
10 4 214
10 4 215
10 4 216
10 4 217
10 4 218
10 4 219
10 4 220
10 4 221
10 4 222
10 4 223
10 4 224
10 4 225
10 4 226
10 4 227
10 4 228
10 4 229
10 4 230
10 4 231
10 4 232
10 4 233
10 4 234
10 4 235
10 4 236
10 4 237
10 4 238
10 4 239
!!node 11!!
10.5 4 0
10.5 4 1
10.5 4 2
10.5 4 3
10.5 4 4
10.5 4 5
10.5 4 6
10.5 4 7
10.5 4 8
10.5 4 9
10.5 4 10
10.5 4 11
10.5 4 12
10.5 4 13
10.5 4 14
10.5 4 15
10.5 4 16
10.5 4 17
10.5 4 18
10.5 4 19
10.5 4 20
10.5 4 21
10.5 4 22
10.5 4 23
10.5 4 24
10.5 4 25
10.5 4 26
10.5 4 27
10.5 4 28
10.5 4 29
10.5 4 30
10.5 4 31
10.5 4 32
10.5 4 33
10.5 4 34
10.5 4 35
10.5 4 36
10.5 4 37
10.5 4 38
10.5 4 39
10.5 4 40
10.5 4 41
10.5 4 42
10.5 4 43
10.5 4 44
10.5 4 45
10.5 4 46
10.5 4 47
10.5 4 48
10.5 4 49
10.5 4 50
10.5 4 51
10.5 4 52
10.5 4 53
10.5 4 54
10.5 4 55
10.5 4 56
10.5 4 57
10.5 4 58
10.5 4 59
10.5 4 60
10.5 4 61
10.5 4 62
10.5 4 63
10.5 4 64
10.5 4 65
10.5 4 66
10.5 4 67
10.5 4 68
10.5 4 69
10.5 4 70
10.5 4 71
10.5 4 72
10.5 4 73
10.5 4 74
10.5 4 75
10.5 4 76
10.5 4 77
10.5 4 78
10.5 4 79
10.5 4 80
10.5 4 81
10.5 4 82
10.5 4 83
10.5 4 84
10.5 4 85
10.5 4 86
10.5 4 87
10.5 4 88
10.5 4 89
10.5 4 90
10.5 4 91
10.5 4 92
10.5 4 93
10.5 4 94
10.5 4 95
10.5 4 96
10.5 4 97
10.5 4 98
10.5 4 99
10.5 4 100
10.5 4 101
10.5 4 102
10.5 4 103
10.5 4 104
10.5 4 105
10.5 4 106
10.5 4 107
10.5 4 108
10.5 4 109
10.5 4 110
10.5 4 111
10.5 4 112
10.5 4 113
10.5 4 114
10.5 4 115
10.5 4 116
10.5 4 117
10.5 4 118
10.5 4 119
10.5 4 120
10.5 4 121
10.5 4 122
10.5 4 123
10.5 4 124
10.5 4 125
10.5 4 126
10.5 4 127
10.5 4 128
10.5 4 129
10.5 4 130
10.5 4 131
10.5 4 132
10.5 4 133
10.5 4 134
10.5 4 135
10.5 4 136
10.5 4 137
10.5 4 138
10.5 4 139
10.5 4 140
10.5 4 141
10.5 4 142
10.5 4 143
10.5 4 144
10.5 4 145
10.5 4 146
10.5 4 147
10.5 4 148
10.5 4 149
10.5 4 150
10.5 4 151
10.5 4 152
10.5 4 153
10.5 4 154
10.5 4 155
10.5 4 156
10.5 4 157
10.5 4 158
10.5 4 159
10.5 4 160
10.5 4 161
10.5 4 162
10.5 4 163
10.5 4 164
10.5 4 165
10.5 4 166
10.5 4 167
10.5 4 168
10.5 4 169
10.5 4 170
10.5 4 171
10.5 4 172
10.5 4 173
10.5 4 174
10.5 4 175
10.5 4 176
10.5 4 177
10.5 4 178
10.5 4 179
10.5 4 180
10.5 4 181
10.5 4 182
10.5 4 183
10.5 4 184
10.5 4 185
10.5 4 186
10.5 4 187
10.5 4 188
10.5 4 189
10.5 4 190
10.5 4 191
10.5 4 192
10.5 4 193
10.5 4 194
10.5 4 195
10.5 4 196
10.5 4 197
10.5 4 198
10.5 4 199
10.5 4 200
10.5 4 201
10.5 4 202
10.5 4 203
10.5 4 204
10.5 4 205
10.5 4 206
10.5 4 207
10.5 4 208
10.5 4 209
10.5 4 210
10.5 4 211
10.5 4 212
10.5 4 213
10.5 4 214
10.5 4 215
10.5 4 216
10.5 4 217
10.5 4 218
10.5 4 219
10.5 4 220
10.5 4 221
10.5 4 222
10.5 4 223
10.5 4 224
10.5 4 225
10.5 4 226
10.5 4 227
10.5 4 228
10.5 4 229
10.5 4 230
10.5 4 231
10.5 4 232
10.5 4 233
10.5 4 234
10.5 4 235
10.5 4 236
10.5 4 237
10.5 4 238
10.5 4 239
