!!node 0!!
5 5 0
5 5 1
5 5 2
5 5 3
5 5 4
5 5 5
5 5 6
5 5 7
5 5 8
5 5 9
5 5 10
5 5 11
5 5 12
5 5 13
5 5 14
5 5 15
5 5 16
5 5 17
5 5 18
5 5 19
5 5 20
5 5 21
5 5 22
5 5 23
5 5 24
5 5 25
5 5 26
5 5 27
5 5 28
5 5 29
5 5 30
5 5 31
5 5 32
5 5 33
5 5 34
5 5 35
5 5 36
5 5 37
5 5 38
5 5 39
5 5 40
5 5 41
5 5 42
5 5 43
5 5 44
5 5 45
5 5 46
5 5 47
5 5 48
5 5 49
5 5 50
5 5 51
5 5 52
5 5 53
5 5 54
5 5 55
5 5 56
5 5 57
5 5 58
5 5 59
5 5 60
5 5 61
5 5 62
5 5 63
5 5 64
5 5 65
5 5 66
5 5 67
5 5 68
5 5 69
5 5 70
5 5 71
5 5 72
5 5 73
5 5 74
5 5 75
5 5 76
5 5 77
5 5 78
5 5 79
5 5 80
5 5 81
5 5 82
5 5 83
5 5 84
5 5 85
5 5 86
5 5 87
5 5 88
5 5 89
5 5 90
5 5 91
5 5 92
5 5 93
5 5 94
5 5 95
5 5 96
5 5 97
5 5 98
5 5 99
5 5 100
5 5 101
5 5 102
5 5 103
5 5 104
5 5 105
5 5 106
5 5 107
5 5 108
5 5 109
5 5 110
5 5 111
5 5 112
5 5 113
5 5 114
5 5 115
5 5 116
5 5 117
5 5 118
5 5 119
5 5 120
5 5 121
5 5 122
5 5 123
5 5 124
5 5 125
5 5 126
5 5 127
5 5 128
5 5 129
5 5 130
5 5 131
5 5 132
5 5 133
5 5 134
5 5 135
5 5 136
5 5 137
5 5 138
5 5 139
5 5 140
5 5 141
5 5 142
5 5 143
5 5 144
5 5 145
5 5 146
5 5 147
5 5 148
5 5 149
5 5 150
5 5 151
5 5 152
5 5 153
5 5 154
5 5 155
5 5 156
5 5 157
5 5 158
5 5 159
5 5 160
5 5 161
5 5 162
5 5 163
5 5 164
5 5 165
5 5 166
5 5 167
5 5 168
5 5 169
5 5 170
5 5 171
5 5 172
5 5 173
5 5 174
5 5 175
5 5 176
5 5 177
5 5 178
5 5 179
5 5 180
5 5 181
5 5 182
5 5 183
5 5 184
5 5 185
5 5 186
5 5 187
5 5 188
5 5 189
5 5 190
5 5 191
5 5 192
5 5 193
5 5 194
5 5 195
5 5 196
5 5 197
5 5 198
5 5 199
5 5 200
5 5 201
5 5 202
5 5 203
5 5 204
5 5 205
5 5 206
5 5 207
5 5 208
5 5 209
5 5 210
5 5 211
5 5 212
5 5 213
5 5 214
5 5 215
5 5 216
5 5 217
5 5 218
5 5 219
5 5 220
5 5 221
5 5 222
5 5 223
5 5 224
5 5 225
5 5 226
5 5 227
5 5 228
5 5 229
5 5 230
5 5 231
5 5 232
5 5 233
5 5 234
5 5 235
5 5 236
5 5 237
5 5 238
5 5 239
5 5 240
5 5 241
5 5 242
5 5 243
5 5 244
5 5 245
5 5 246
5 5 247
5 5 248
5 5 249
5 5 250
5 5 251
5 5 252
5 5 253
5 5 254
5 5 255
5 5 256
5 5 257
5 5 258
5 5 259
5 5 260
5 5 261
5 5 262
5 5 263
5 5 264
5 5 265
5 5 266
5 5 267
5 5 268
5 5 269
5 5 270
5 5 271
5 5 272
5 5 273
5 5 274
5 5 275
5 5 276
5 5 277
5 5 278
5 5 279
5 5 280
5 5 281
5 5 282
5 5 283
5 5 284
5 5 285
5 5 286
5 5 287
5 5 288
5 5 289
5 5 290
5 5 291
5 5 292
5 5 293
5 5 294
5 5 295
5 5 296
5 5 297
5 5 298
5 5 299
5 5 300
5 5 301
5 5 302
5 5 303
5 5 304
5 5 305
5 5 306
5 5 307
5 5 308
5 5 309
5 5 310
5 5 311
5 5 312
5 5 313
5 5 314
5 5 315
5 5 316
5 5 317
5 5 318
5 5 319
5 5 320
5 5 321
5 5 322
5 5 323
5 5 324
5 5 325
5 5 326
5 5 327
5 5 328
5 5 329
5 5 330
5 5 331
5 5 332
5 5 333
5 5 334
5 5 335
5 5 336
5 5 337
5 5 338
5 5 339
5 5 340
5 5 341
5 5 342
5 5 343
5 5 344
5 5 345
5 5 346
5 5 347
5 5 348
5 5 349
5 5 350
5 5 351
5 5 352
5 5 353
5 5 354
5 5 355
5 5 356
5 5 357
5 5 358
5 5 359
5 5 360
5 5 361
5 5 362
5 5 363
5 5 364
5 5 365
5 5 366
5 5 367
5 5 368
5 5 369
5 5 370
5 5 371
5 5 372
5 5 373
5 5 374
5 5 375
5 5 376
5 5 377
5 5 378
5 5 379
5 5 380
5 5 381
5 5 382
5 5 383
5 5 384
5 5 385
5 5 386
5 5 387
5 5 388
5 5 389
5 5 390
5 5 391
5 5 392
5 5 393
5 5 394
5 5 395
5 5 396
5 5 397
5 5 398
5 5 399
5 5 400
5 5 401
5 5 402
5 5 403
5 5 404
5 5 405
5 5 406
5 5 407
5 5 408
5 5 409
5 5 410
5 5 411
5 5 412
5 5 413
5 5 414
5 5 415
5 5 416
5 5 417
5 5 418
5 5 419
5 5 420
5 5 421
5 5 422
5 5 423
5 5 424
5 5 425
5 5 426
5 5 427
5 5 428
5 5 429
5 5 430
5 5 431
5 5 432
5 5 433
5 5 434
5 5 435
5 5 436
5 5 437
5 5 438
5 5 439
5 5 440
5 5 441
5 5 442
5 5 443
5 5 444
5 5 445
5 5 446
5 5 447
5 5 448
5 5 449
5 5 450
5 5 451
5 5 452
5 5 453
5 5 454
5 5 455
5 5 456
5 5 457
5 5 458
5 5 459
5 5 460
5 5 461
5 5 462
5 5 463
5 5 464
5 5 465
5 5 466
5 5 467
5 5 468
5 5 469
5 5 470
5 5 471
5 5 472
5 5 473
5 5 474
5 5 475
5 5 476
5 5 477
5 5 478
5 5 479
5 5 480
5 5 481
5 5 482
5 5 483
5 5 484
5 5 485
5 5 486
5 5 487
5 5 488
5 5 489
5 5 490
5 5 491
5 5 492
5 5 493
5 5 494
5 5 495
5 5 496
5 5 497
5 5 498
5 5 499
5 5 500
5 5 501
5 5 502
5 5 503
5 5 504
5 5 505
5 5 506
5 5 507
5 5 508
5 5 509
5 5 510
5 5 511
5 5 512
5 5 513
5 5 514
5 5 515
5 5 516
5 5 517
5 5 518
5 5 519
5 5 520
5 5 521
5 5 522
5 5 523
5 5 524
5 5 525
5 5 526
5 5 527
5 5 528
5 5 529
5 5 530
5 5 531
5 5 532
5 5 533
5 5 534
5 5 535
5 5 536
5 5 537
5 5 538
5 5 539
5 5 540
5 5 541
5 5 542
5 5 543
5 5 544
5 5 545
5 5 546
5 5 547
5 5 548
5 5 549
5 5 550
5 5 551
5 5 552
5 5 553
5 5 554
5 5 555
5 5 556
5 5 557
5 5 558
5 5 559
5 5 560
5 5 561
5 5 562
5 5 563
5 5 564
5 5 565
5 5 566
5 5 567
5 5 568
5 5 569
5 5 570
5 5 571
5 5 572
5 5 573
5 5 574
5 5 575
5 5 576
5 5 577
5 5 578
5 5 579
5 5 580
5 5 581
5 5 582
5 5 583
5 5 584
5 5 585
5 5 586
5 5 587
5 5 588
5 5 589
5 5 590
5 5 591
5 5 592
5 5 593
5 5 594
5 5 595
5 5 596
5 5 597
5 5 598
5 5 599
5 5 600
5 5 601
5 5 602
5 5 603
5 5 604
5 5 605
5 5 606
5 5 607
5 5 608
5 5 609
5 5 610
5 5 611
5 5 612
5 5 613
5 5 614
5 5 615
5 5 616
5 5 617
5 5 618
5 5 619
5 5 620
5 5 621
5 5 622
5 5 623
5 5 624
5 5 625
5 5 626
5 5 627
5 5 628
5 5 629
5 5 630
5 5 631
5 5 632
5 5 633
5 5 634
5 5 635
5 5 636
5 5 637
5 5 638
5 5 639
5 5 640
5 5 641
5 5 642
5 5 643
5 5 644
5 5 645
5 5 646
5 5 647
5 5 648
5 5 649
5 5 650
5 5 651
5 5 652
5 5 653
5 5 654
5 5 655
5 5 656
5 5 657
5 5 658
5 5 659
5 5 660
5 5 661
5 5 662
5 5 663
5 5 664
5 5 665
5 5 666
5 5 667
5 5 668
5 5 669
5 5 670
5 5 671
5 5 672
5 5 673
5 5 674
5 5 675
5 5 676
5 5 677
5 5 678
5 5 679
5 5 680
5 5 681
5 5 682
5 5 683
5 5 684
5 5 685
5 5 686
5 5 687
5 5 688
5 5 689
5 5 690
5 5 691
5 5 692
5 5 693
5 5 694
5 5 695
5 5 696
5 5 697
5 5 698
5 5 699
5 5 700
5 5 701
5 5 702
5 5 703
5 5 704
5 5 705
5 5 706
5 5 707
5 5 708
5 5 709
5 5 710
5 5 711
5 5 712
5 5 713
5 5 714
5 5 715
5 5 716
5 5 717
5 5 718
5 5 719
5 5 720
5 5 721
5 5 722
5 5 723
5 5 724
5 5 725
5 5 726
5 5 727
5 5 728
5 5 729
5 5 730
5 5 731
5 5 732
5 5 733
5 5 734
5 5 735
5 5 736
5 5 737
5 5 738
5 5 739
5 5 740
5 5 741
5 5 742
5 5 743
5 5 744
5 5 745
5 5 746
5 5 747
5 5 748
5 5 749
5 5 750
5 5 751
5 5 752
5 5 753
5 5 754
5 5 755
5 5 756
5 5 757
5 5 758
5 5 759
5 5 760
5 5 761
5 5 762
5 5 763
5 5 764
5 5 765
5 5 766
5 5 767
5 5 768
5 5 769
5 5 770
5 5 771
5 5 772
5 5 773
5 5 774
5 5 775
5 5 776
5 5 777
5 5 778
5 5 779
5 5 780
5 5 781
5 5 782
5 5 783
5 5 784
5 5 785
5 5 786
5 5 787
5 5 788
5 5 789
5 5 790
5 5 791
5 5 792
5 5 793
5 5 794
5 5 795
5 5 796
5 5 797
5 5 798
5 5 799
5 5 800
5 5 801
5 5 802
5 5 803
5 5 804
5 5 805
5 5 806
5 5 807
5 5 808
5 5 809
5 5 810
5 5 811
5 5 812
5 5 813
5 5 814
5 5 815
5 5 816
5 5 817
5 5 818
5 5 819
5 5 820
5 5 821
5 5 822
5 5 823
5 5 824
5 5 825
5 5 826
5 5 827
5 5 828
5 5 829
5 5 830
5 5 831
5 5 832
5 5 833
5 5 834
5 5 835
5 5 836
5 5 837
5 5 838
5 5 839
5 5 840
5 5 841
5 5 842
5 5 843
5 5 844
5 5 845
5 5 846
5 5 847
5 5 848
5 5 849
5 5 850
5 5 851
5 5 852
5 5 853
5 5 854
5 5 855
5 5 856
5 5 857
5 5 858
5 5 859
5 5 860
5 5 861
5 5 862
5 5 863
5 5 864
5 5 865
5 5 866
5 5 867
5 5 868
5 5 869
5 5 870
5 5 871
5 5 872
5 5 873
5 5 874
5 5 875
5 5 876
5 5 877
5 5 878
5 5 879
5 5 880
5 5 881
5 5 882
5 5 883
5 5 884
5 5 885
5 5 886
5 5 887
5 5 888
5 5 889
5 5 890
5 5 891
5 5 892
5 5 893
5 5 894
5 5 895
5 5 896
5 5 897
5 5 898
5 5 899
5 5 900
5 5 901
5 5 902
5 5 903
5 5 904
5 5 905
5 5 906
5 5 907
5 5 908
5 5 909
5 5 910
5 5 911
5 5 912
5 5 913
5 5 914
5 5 915
5 5 916
5 5 917
5 5 918
5 5 919
5 5 920
5 5 921
5 5 922
5 5 923
5 5 924
5 5 925
5 5 926
5 5 927
5 5 928
5 5 929
5 5 930
5 5 931
5 5 932
5 5 933
5 5 934
5 5 935
5 5 936
5 5 937
5 5 938
5 5 939
5 5 940
5 5 941
5 5 942
5 5 943
5 5 944
5 5 945
5 5 946
5 5 947
5 5 948
5 5 949
5 5 950
5 5 951
5 5 952
5 5 953
5 5 954
5 5 955
5 5 956
5 5 957
5 5 958
5 5 959
5 5 960
5 5 961
5 5 962
5 5 963
5 5 964
5 5 965
5 5 966
5 5 967
5 5 968
5 5 969
5 5 970
5 5 971
5 5 972
5 5 973
5 5 974
5 5 975
5 5 976
5 5 977
5 5 978
5 5 979
5 5 980
5 5 981
5 5 982
5 5 983
5 5 984
5 5 985
5 5 986
5 5 987
5 5 988
5 5 989
5 5 990
5 5 991
5 5 992
5 5 993
5 5 994
5 5 995
5 5 996
5 5 997
5 5 998
5 5 999
5.5 5 0
5.5 5 1
5.5 5 2
5.5 5 3
5.5 5 4
5.5 5 5
5.5 5 6
5.5 5 7
5.5 5 8
5.5 5 9
5.5 5 10
5.5 5 11
5.5 5 12
5.5 5 13
5.5 5 14
5.5 5 15
5.5 5 16
5.5 5 17
5.5 5 18
5.5 5 19
5.5 5 20
5.5 5 21
5.5 5 22
5.5 5 23
5.5 5 24
5.5 5 25
5.5 5 26
5.5 5 27
5.5 5 28
5.5 5 29
5.5 5 30
5.5 5 31
5.5 5 32
5.5 5 33
5.5 5 34
5.5 5 35
5.5 5 36
5.5 5 37
5.5 5 38
5.5 5 39
5.5 5 40
5.5 5 41
5.5 5 42
5.5 5 43
5.5 5 44
5.5 5 45
5.5 5 46
5.5 5 47
5.5 5 48
5.5 5 49
5.5 5 50
5.5 5 51
5.5 5 52
5.5 5 53
5.5 5 54
5.5 5 55
5.5 5 56
5.5 5 57
5.5 5 58
5.5 5 59
5.5 5 60
5.5 5 61
5.5 5 62
5.5 5 63
5.5 5 64
5.5 5 65
5.5 5 66
5.5 5 67
5.5 5 68
5.5 5 69
5.5 5 70
5.5 5 71
5.5 5 72
5.5 5 73
5.5 5 74
5.5 5 75
5.5 5 76
5.5 5 77
5.5 5 78
5.5 5 79
5.5 5 80
5.5 5 81
5.5 5 82
5.5 5 83
5.5 5 84
5.5 5 85
5.5 5 86
5.5 5 87
5.5 5 88
5.5 5 89
5.5 5 90
5.5 5 91
5.5 5 92
5.5 5 93
5.5 5 94
5.5 5 95
5.5 5 96
5.5 5 97
5.5 5 98
5.5 5 99
5.5 5 100
5.5 5 101
5.5 5 102
5.5 5 103
5.5 5 104
5.5 5 105
5.5 5 106
5.5 5 107
5.5 5 108
5.5 5 109
5.5 5 110
5.5 5 111
5.5 5 112
5.5 5 113
5.5 5 114
5.5 5 115
5.5 5 116
5.5 5 117
5.5 5 118
5.5 5 119
5.5 5 120
5.5 5 121
5.5 5 122
5.5 5 123
5.5 5 124
5.5 5 125
5.5 5 126
5.5 5 127
5.5 5 128
5.5 5 129
5.5 5 130
5.5 5 131
5.5 5 132
5.5 5 133
5.5 5 134
5.5 5 135
5.5 5 136
5.5 5 137
5.5 5 138
5.5 5 139
5.5 5 140
5.5 5 141
5.5 5 142
5.5 5 143
5.5 5 144
5.5 5 145
5.5 5 146
5.5 5 147
5.5 5 148
5.5 5 149
5.5 5 150
5.5 5 151
5.5 5 152
5.5 5 153
5.5 5 154
5.5 5 155
5.5 5 156
5.5 5 157
5.5 5 158
5.5 5 159
5.5 5 160
5.5 5 161
5.5 5 162
5.5 5 163
5.5 5 164
5.5 5 165
5.5 5 166
5.5 5 167
5.5 5 168
5.5 5 169
5.5 5 170
5.5 5 171
5.5 5 172
5.5 5 173
5.5 5 174
5.5 5 175
5.5 5 176
5.5 5 177
5.5 5 178
5.5 5 179
5.5 5 180
5.5 5 181
5.5 5 182
5.5 5 183
5.5 5 184
5.5 5 185
5.5 5 186
5.5 5 187
5.5 5 188
5.5 5 189
5.5 5 190
5.5 5 191
5.5 5 192
5.5 5 193
5.5 5 194
5.5 5 195
5.5 5 196
5.5 5 197
5.5 5 198
5.5 5 199
!!node 1!!
5.5 5 200
5.5 5 201
5.5 5 202
5.5 5 203
5.5 5 204
5.5 5 205
5.5 5 206
5.5 5 207
5.5 5 208
5.5 5 209
5.5 5 210
5.5 5 211
5.5 5 212
5.5 5 213
5.5 5 214
5.5 5 215
5.5 5 216
5.5 5 217
5.5 5 218
5.5 5 219
5.5 5 220
5.5 5 221
5.5 5 222
5.5 5 223
5.5 5 224
5.5 5 225
5.5 5 226
5.5 5 227
5.5 5 228
5.5 5 229
5.5 5 230
5.5 5 231
5.5 5 232
5.5 5 233
5.5 5 234
5.5 5 235
5.5 5 236
5.5 5 237
5.5 5 238
5.5 5 239
5.5 5 240
5.5 5 241
5.5 5 242
5.5 5 243
5.5 5 244
5.5 5 245
5.5 5 246
5.5 5 247
5.5 5 248
5.5 5 249
5.5 5 250
5.5 5 251
5.5 5 252
5.5 5 253
5.5 5 254
5.5 5 255
5.5 5 256
5.5 5 257
5.5 5 258
5.5 5 259
5.5 5 260
5.5 5 261
5.5 5 262
5.5 5 263
5.5 5 264
5.5 5 265
5.5 5 266
5.5 5 267
5.5 5 268
5.5 5 269
5.5 5 270
5.5 5 271
5.5 5 272
5.5 5 273
5.5 5 274
5.5 5 275
5.5 5 276
5.5 5 277
5.5 5 278
5.5 5 279
5.5 5 280
5.5 5 281
5.5 5 282
5.5 5 283
5.5 5 284
5.5 5 285
5.5 5 286
5.5 5 287
5.5 5 288
5.5 5 289
5.5 5 290
5.5 5 291
5.5 5 292
5.5 5 293
5.5 5 294
5.5 5 295
5.5 5 296
5.5 5 297
5.5 5 298
5.5 5 299
5.5 5 300
5.5 5 301
5.5 5 302
5.5 5 303
5.5 5 304
5.5 5 305
5.5 5 306
5.5 5 307
5.5 5 308
5.5 5 309
5.5 5 310
5.5 5 311
5.5 5 312
5.5 5 313
5.5 5 314
5.5 5 315
5.5 5 316
5.5 5 317
5.5 5 318
5.5 5 319
5.5 5 320
5.5 5 321
5.5 5 322
5.5 5 323
5.5 5 324
5.5 5 325
5.5 5 326
5.5 5 327
5.5 5 328
5.5 5 329
5.5 5 330
5.5 5 331
5.5 5 332
5.5 5 333
5.5 5 334
5.5 5 335
5.5 5 336
5.5 5 337
5.5 5 338
5.5 5 339
5.5 5 340
5.5 5 341
5.5 5 342
5.5 5 343
5.5 5 344
5.5 5 345
5.5 5 346
5.5 5 347
5.5 5 348
5.5 5 349
5.5 5 350
5.5 5 351
5.5 5 352
5.5 5 353
5.5 5 354
5.5 5 355
5.5 5 356
5.5 5 357
5.5 5 358
5.5 5 359
5.5 5 360
5.5 5 361
5.5 5 362
5.5 5 363
5.5 5 364
5.5 5 365
5.5 5 366
5.5 5 367
5.5 5 368
5.5 5 369
5.5 5 370
5.5 5 371
5.5 5 372
5.5 5 373
5.5 5 374
5.5 5 375
5.5 5 376
5.5 5 377
5.5 5 378
5.5 5 379
5.5 5 380
5.5 5 381
5.5 5 382
5.5 5 383
5.5 5 384
5.5 5 385
5.5 5 386
5.5 5 387
5.5 5 388
5.5 5 389
5.5 5 390
5.5 5 391
5.5 5 392
5.5 5 393
5.5 5 394
5.5 5 395
5.5 5 396
5.5 5 397
5.5 5 398
5.5 5 399
5.5 5 400
5.5 5 401
5.5 5 402
5.5 5 403
5.5 5 404
5.5 5 405
5.5 5 406
5.5 5 407
5.5 5 408
5.5 5 409
5.5 5 410
5.5 5 411
5.5 5 412
5.5 5 413
5.5 5 414
5.5 5 415
5.5 5 416
5.5 5 417
5.5 5 418
5.5 5 419
5.5 5 420
5.5 5 421
5.5 5 422
5.5 5 423
5.5 5 424
5.5 5 425
5.5 5 426
5.5 5 427
5.5 5 428
5.5 5 429
5.5 5 430
5.5 5 431
5.5 5 432
5.5 5 433
5.5 5 434
5.5 5 435
5.5 5 436
5.5 5 437
5.5 5 438
5.5 5 439
5.5 5 440
5.5 5 441
5.5 5 442
5.5 5 443
5.5 5 444
5.5 5 445
5.5 5 446
5.5 5 447
5.5 5 448
5.5 5 449
5.5 5 450
5.5 5 451
5.5 5 452
5.5 5 453
5.5 5 454
5.5 5 455
5.5 5 456
5.5 5 457
5.5 5 458
5.5 5 459
5.5 5 460
5.5 5 461
5.5 5 462
5.5 5 463
5.5 5 464
5.5 5 465
5.5 5 466
5.5 5 467
5.5 5 468
5.5 5 469
5.5 5 470
5.5 5 471
5.5 5 472
5.5 5 473
5.5 5 474
5.5 5 475
5.5 5 476
5.5 5 477
5.5 5 478
5.5 5 479
5.5 5 480
5.5 5 481
5.5 5 482
5.5 5 483
5.5 5 484
5.5 5 485
5.5 5 486
5.5 5 487
5.5 5 488
5.5 5 489
5.5 5 490
5.5 5 491
5.5 5 492
5.5 5 493
5.5 5 494
5.5 5 495
5.5 5 496
5.5 5 497
5.5 5 498
5.5 5 499
5.5 5 500
5.5 5 501
5.5 5 502
5.5 5 503
5.5 5 504
5.5 5 505
5.5 5 506
5.5 5 507
5.5 5 508
5.5 5 509
5.5 5 510
5.5 5 511
5.5 5 512
5.5 5 513
5.5 5 514
5.5 5 515
5.5 5 516
5.5 5 517
5.5 5 518
5.5 5 519
5.5 5 520
5.5 5 521
5.5 5 522
5.5 5 523
5.5 5 524
5.5 5 525
5.5 5 526
5.5 5 527
5.5 5 528
5.5 5 529
5.5 5 530
5.5 5 531
5.5 5 532
5.5 5 533
5.5 5 534
5.5 5 535
5.5 5 536
5.5 5 537
5.5 5 538
5.5 5 539
5.5 5 540
5.5 5 541
5.5 5 542
5.5 5 543
5.5 5 544
5.5 5 545
5.5 5 546
5.5 5 547
5.5 5 548
5.5 5 549
5.5 5 550
5.5 5 551
5.5 5 552
5.5 5 553
5.5 5 554
5.5 5 555
5.5 5 556
5.5 5 557
5.5 5 558
5.5 5 559
5.5 5 560
5.5 5 561
5.5 5 562
5.5 5 563
5.5 5 564
5.5 5 565
5.5 5 566
5.5 5 567
5.5 5 568
5.5 5 569
5.5 5 570
5.5 5 571
5.5 5 572
5.5 5 573
5.5 5 574
5.5 5 575
5.5 5 576
5.5 5 577
5.5 5 578
5.5 5 579
5.5 5 580
5.5 5 581
5.5 5 582
5.5 5 583
5.5 5 584
5.5 5 585
5.5 5 586
5.5 5 587
5.5 5 588
5.5 5 589
5.5 5 590
5.5 5 591
5.5 5 592
5.5 5 593
5.5 5 594
5.5 5 595
5.5 5 596
5.5 5 597
5.5 5 598
5.5 5 599
5.5 5 600
5.5 5 601
5.5 5 602
5.5 5 603
5.5 5 604
5.5 5 605
5.5 5 606
5.5 5 607
5.5 5 608
5.5 5 609
5.5 5 610
5.5 5 611
5.5 5 612
5.5 5 613
5.5 5 614
5.5 5 615
5.5 5 616
5.5 5 617
5.5 5 618
5.5 5 619
5.5 5 620
5.5 5 621
5.5 5 622
5.5 5 623
5.5 5 624
5.5 5 625
5.5 5 626
5.5 5 627
5.5 5 628
5.5 5 629
5.5 5 630
5.5 5 631
5.5 5 632
5.5 5 633
5.5 5 634
5.5 5 635
5.5 5 636
5.5 5 637
5.5 5 638
5.5 5 639
5.5 5 640
5.5 5 641
5.5 5 642
5.5 5 643
5.5 5 644
5.5 5 645
5.5 5 646
5.5 5 647
5.5 5 648
5.5 5 649
5.5 5 650
5.5 5 651
5.5 5 652
5.5 5 653
5.5 5 654
5.5 5 655
5.5 5 656
5.5 5 657
5.5 5 658
5.5 5 659
5.5 5 660
5.5 5 661
5.5 5 662
5.5 5 663
5.5 5 664
5.5 5 665
5.5 5 666
5.5 5 667
5.5 5 668
5.5 5 669
5.5 5 670
5.5 5 671
5.5 5 672
5.5 5 673
5.5 5 674
5.5 5 675
5.5 5 676
5.5 5 677
5.5 5 678
5.5 5 679
5.5 5 680
5.5 5 681
5.5 5 682
5.5 5 683
5.5 5 684
5.5 5 685
5.5 5 686
5.5 5 687
5.5 5 688
5.5 5 689
5.5 5 690
5.5 5 691
5.5 5 692
5.5 5 693
5.5 5 694
5.5 5 695
5.5 5 696
5.5 5 697
5.5 5 698
5.5 5 699
5.5 5 700
5.5 5 701
5.5 5 702
5.5 5 703
5.5 5 704
5.5 5 705
5.5 5 706
5.5 5 707
5.5 5 708
5.5 5 709
5.5 5 710
5.5 5 711
5.5 5 712
5.5 5 713
5.5 5 714
5.5 5 715
5.5 5 716
5.5 5 717
5.5 5 718
5.5 5 719
5.5 5 720
5.5 5 721
5.5 5 722
5.5 5 723
5.5 5 724
5.5 5 725
5.5 5 726
5.5 5 727
5.5 5 728
5.5 5 729
5.5 5 730
5.5 5 731
5.5 5 732
5.5 5 733
5.5 5 734
5.5 5 735
5.5 5 736
5.5 5 737
5.5 5 738
5.5 5 739
5.5 5 740
5.5 5 741
5.5 5 742
5.5 5 743
5.5 5 744
5.5 5 745
5.5 5 746
5.5 5 747
5.5 5 748
5.5 5 749
5.5 5 750
5.5 5 751
5.5 5 752
5.5 5 753
5.5 5 754
5.5 5 755
5.5 5 756
5.5 5 757
5.5 5 758
5.5 5 759
5.5 5 760
5.5 5 761
5.5 5 762
5.5 5 763
5.5 5 764
5.5 5 765
5.5 5 766
5.5 5 767
5.5 5 768
5.5 5 769
5.5 5 770
5.5 5 771
5.5 5 772
5.5 5 773
5.5 5 774
5.5 5 775
5.5 5 776
5.5 5 777
5.5 5 778
5.5 5 779
5.5 5 780
5.5 5 781
5.5 5 782
5.5 5 783
5.5 5 784
5.5 5 785
5.5 5 786
5.5 5 787
5.5 5 788
5.5 5 789
5.5 5 790
5.5 5 791
5.5 5 792
5.5 5 793
5.5 5 794
5.5 5 795
5.5 5 796
5.5 5 797
5.5 5 798
5.5 5 799
5.5 5 800
5.5 5 801
5.5 5 802
5.5 5 803
5.5 5 804
5.5 5 805
5.5 5 806
5.5 5 807
5.5 5 808
5.5 5 809
5.5 5 810
5.5 5 811
5.5 5 812
5.5 5 813
5.5 5 814
5.5 5 815
5.5 5 816
5.5 5 817
5.5 5 818
5.5 5 819
5.5 5 820
5.5 5 821
5.5 5 822
5.5 5 823
5.5 5 824
5.5 5 825
5.5 5 826
5.5 5 827
5.5 5 828
5.5 5 829
5.5 5 830
5.5 5 831
5.5 5 832
5.5 5 833
5.5 5 834
5.5 5 835
5.5 5 836
5.5 5 837
5.5 5 838
5.5 5 839
5.5 5 840
5.5 5 841
5.5 5 842
5.5 5 843
5.5 5 844
5.5 5 845
5.5 5 846
5.5 5 847
5.5 5 848
5.5 5 849
5.5 5 850
5.5 5 851
5.5 5 852
5.5 5 853
5.5 5 854
5.5 5 855
5.5 5 856
5.5 5 857
5.5 5 858
5.5 5 859
5.5 5 860
5.5 5 861
5.5 5 862
5.5 5 863
5.5 5 864
5.5 5 865
5.5 5 866
5.5 5 867
5.5 5 868
5.5 5 869
5.5 5 870
5.5 5 871
5.5 5 872
5.5 5 873
5.5 5 874
5.5 5 875
5.5 5 876
5.5 5 877
5.5 5 878
5.5 5 879
5.5 5 880
5.5 5 881
5.5 5 882
5.5 5 883
5.5 5 884
5.5 5 885
5.5 5 886
5.5 5 887
5.5 5 888
5.5 5 889
5.5 5 890
5.5 5 891
5.5 5 892
5.5 5 893
5.5 5 894
5.5 5 895
5.5 5 896
5.5 5 897
5.5 5 898
5.5 5 899
5.5 5 900
5.5 5 901
5.5 5 902
5.5 5 903
5.5 5 904
5.5 5 905
5.5 5 906
5.5 5 907
5.5 5 908
5.5 5 909
5.5 5 910
5.5 5 911
5.5 5 912
5.5 5 913
5.5 5 914
5.5 5 915
5.5 5 916
5.5 5 917
5.5 5 918
5.5 5 919
5.5 5 920
5.5 5 921
5.5 5 922
5.5 5 923
5.5 5 924
5.5 5 925
5.5 5 926
5.5 5 927
5.5 5 928
5.5 5 929
5.5 5 930
5.5 5 931
5.5 5 932
5.5 5 933
5.5 5 934
5.5 5 935
5.5 5 936
5.5 5 937
5.5 5 938
5.5 5 939
5.5 5 940
5.5 5 941
5.5 5 942
5.5 5 943
5.5 5 944
5.5 5 945
5.5 5 946
5.5 5 947
5.5 5 948
5.5 5 949
5.5 5 950
5.5 5 951
5.5 5 952
5.5 5 953
5.5 5 954
5.5 5 955
5.5 5 956
5.5 5 957
5.5 5 958
5.5 5 959
5.5 5 960
5.5 5 961
5.5 5 962
5.5 5 963
5.5 5 964
5.5 5 965
5.5 5 966
5.5 5 967
5.5 5 968
5.5 5 969
5.5 5 970
5.5 5 971
5.5 5 972
5.5 5 973
5.5 5 974
5.5 5 975
5.5 5 976
5.5 5 977
5.5 5 978
5.5 5 979
5.5 5 980
5.5 5 981
5.5 5 982
5.5 5 983
5.5 5 984
5.5 5 985
5.5 5 986
5.5 5 987
5.5 5 988
5.5 5 989
5.5 5 990
5.5 5 991
5.5 5 992
5.5 5 993
5.5 5 994
5.5 5 995
5.5 5 996
5.5 5 997
5.5 5 998
5.5 5 999
6 5 0
6 5 1
6 5 2
6 5 3
6 5 4
6 5 5
6 5 6
6 5 7
6 5 8
6 5 9
6 5 10
6 5 11
6 5 12
6 5 13
6 5 14
6 5 15
6 5 16
6 5 17
6 5 18
6 5 19
6 5 20
6 5 21
6 5 22
6 5 23
6 5 24
6 5 25
6 5 26
6 5 27
6 5 28
6 5 29
6 5 30
6 5 31
6 5 32
6 5 33
6 5 34
6 5 35
6 5 36
6 5 37
6 5 38
6 5 39
6 5 40
6 5 41
6 5 42
6 5 43
6 5 44
6 5 45
6 5 46
6 5 47
6 5 48
6 5 49
6 5 50
6 5 51
6 5 52
6 5 53
6 5 54
6 5 55
6 5 56
6 5 57
6 5 58
6 5 59
6 5 60
6 5 61
6 5 62
6 5 63
6 5 64
6 5 65
6 5 66
6 5 67
6 5 68
6 5 69
6 5 70
6 5 71
6 5 72
6 5 73
6 5 74
6 5 75
6 5 76
6 5 77
6 5 78
6 5 79
6 5 80
6 5 81
6 5 82
6 5 83
6 5 84
6 5 85
6 5 86
6 5 87
6 5 88
6 5 89
6 5 90
6 5 91
6 5 92
6 5 93
6 5 94
6 5 95
6 5 96
6 5 97
6 5 98
6 5 99
6 5 100
6 5 101
6 5 102
6 5 103
6 5 104
6 5 105
6 5 106
6 5 107
6 5 108
6 5 109
6 5 110
6 5 111
6 5 112
6 5 113
6 5 114
6 5 115
6 5 116
6 5 117
6 5 118
6 5 119
6 5 120
6 5 121
6 5 122
6 5 123
6 5 124
6 5 125
6 5 126
6 5 127
6 5 128
6 5 129
6 5 130
6 5 131
6 5 132
6 5 133
6 5 134
6 5 135
6 5 136
6 5 137
6 5 138
6 5 139
6 5 140
6 5 141
6 5 142
6 5 143
6 5 144
6 5 145
6 5 146
6 5 147
6 5 148
6 5 149
6 5 150
6 5 151
6 5 152
6 5 153
6 5 154
6 5 155
6 5 156
6 5 157
6 5 158
6 5 159
6 5 160
6 5 161
6 5 162
6 5 163
6 5 164
6 5 165
6 5 166
6 5 167
6 5 168
6 5 169
6 5 170
6 5 171
6 5 172
6 5 173
6 5 174
6 5 175
6 5 176
6 5 177
6 5 178
6 5 179
6 5 180
6 5 181
6 5 182
6 5 183
6 5 184
6 5 185
6 5 186
6 5 187
6 5 188
6 5 189
6 5 190
6 5 191
6 5 192
6 5 193
6 5 194
6 5 195
6 5 196
6 5 197
6 5 198
6 5 199
6 5 200
6 5 201
6 5 202
6 5 203
6 5 204
6 5 205
6 5 206
6 5 207
6 5 208
6 5 209
6 5 210
6 5 211
6 5 212
6 5 213
6 5 214
6 5 215
6 5 216
6 5 217
6 5 218
6 5 219
6 5 220
6 5 221
6 5 222
6 5 223
6 5 224
6 5 225
6 5 226
6 5 227
6 5 228
6 5 229
6 5 230
6 5 231
6 5 232
6 5 233
6 5 234
6 5 235
6 5 236
6 5 237
6 5 238
6 5 239
6 5 240
6 5 241
6 5 242
6 5 243
6 5 244
6 5 245
6 5 246
6 5 247
6 5 248
6 5 249
6 5 250
6 5 251
6 5 252
6 5 253
6 5 254
6 5 255
6 5 256
6 5 257
6 5 258
6 5 259
6 5 260
6 5 261
6 5 262
6 5 263
6 5 264
6 5 265
6 5 266
6 5 267
6 5 268
6 5 269
6 5 270
6 5 271
6 5 272
6 5 273
6 5 274
6 5 275
6 5 276
6 5 277
6 5 278
6 5 279
6 5 280
6 5 281
6 5 282
6 5 283
6 5 284
6 5 285
6 5 286
6 5 287
6 5 288
6 5 289
6 5 290
6 5 291
6 5 292
6 5 293
6 5 294
6 5 295
6 5 296
6 5 297
6 5 298
6 5 299
6 5 300
6 5 301
6 5 302
6 5 303
6 5 304
6 5 305
6 5 306
6 5 307
6 5 308
6 5 309
6 5 310
6 5 311
6 5 312
6 5 313
6 5 314
6 5 315
6 5 316
6 5 317
6 5 318
6 5 319
6 5 320
6 5 321
6 5 322
6 5 323
6 5 324
6 5 325
6 5 326
6 5 327
6 5 328
6 5 329
6 5 330
6 5 331
6 5 332
6 5 333
6 5 334
6 5 335
6 5 336
6 5 337
6 5 338
6 5 339
6 5 340
6 5 341
6 5 342
6 5 343
6 5 344
6 5 345
6 5 346
6 5 347
6 5 348
6 5 349
6 5 350
6 5 351
6 5 352
6 5 353
6 5 354
6 5 355
6 5 356
6 5 357
6 5 358
6 5 359
6 5 360
6 5 361
6 5 362
6 5 363
6 5 364
6 5 365
6 5 366
6 5 367
6 5 368
6 5 369
6 5 370
6 5 371
6 5 372
6 5 373
6 5 374
6 5 375
6 5 376
6 5 377
6 5 378
6 5 379
6 5 380
6 5 381
6 5 382
6 5 383
6 5 384
6 5 385
6 5 386
6 5 387
6 5 388
6 5 389
6 5 390
6 5 391
6 5 392
6 5 393
6 5 394
6 5 395
6 5 396
6 5 397
6 5 398
6 5 399
!!node 2!!
6 5 400
6 5 401
6 5 402
6 5 403
6 5 404
6 5 405
6 5 406
6 5 407
6 5 408
6 5 409
6 5 410
6 5 411
6 5 412
6 5 413
6 5 414
6 5 415
6 5 416
6 5 417
6 5 418
6 5 419
6 5 420
6 5 421
6 5 422
6 5 423
6 5 424
6 5 425
6 5 426
6 5 427
6 5 428
6 5 429
6 5 430
6 5 431
6 5 432
6 5 433
6 5 434
6 5 435
6 5 436
6 5 437
6 5 438
6 5 439
6 5 440
6 5 441
6 5 442
6 5 443
6 5 444
6 5 445
6 5 446
6 5 447
6 5 448
6 5 449
6 5 450
6 5 451
6 5 452
6 5 453
6 5 454
6 5 455
6 5 456
6 5 457
6 5 458
6 5 459
6 5 460
6 5 461
6 5 462
6 5 463
6 5 464
6 5 465
6 5 466
6 5 467
6 5 468
6 5 469
6 5 470
6 5 471
6 5 472
6 5 473
6 5 474
6 5 475
6 5 476
6 5 477
6 5 478
6 5 479
6 5 480
6 5 481
6 5 482
6 5 483
6 5 484
6 5 485
6 5 486
6 5 487
6 5 488
6 5 489
6 5 490
6 5 491
6 5 492
6 5 493
6 5 494
6 5 495
6 5 496
6 5 497
6 5 498
6 5 499
6 5 500
6 5 501
6 5 502
6 5 503
6 5 504
6 5 505
6 5 506
6 5 507
6 5 508
6 5 509
6 5 510
6 5 511
6 5 512
6 5 513
6 5 514
6 5 515
6 5 516
6 5 517
6 5 518
6 5 519
6 5 520
6 5 521
6 5 522
6 5 523
6 5 524
6 5 525
6 5 526
6 5 527
6 5 528
6 5 529
6 5 530
6 5 531
6 5 532
6 5 533
6 5 534
6 5 535
6 5 536
6 5 537
6 5 538
6 5 539
6 5 540
6 5 541
6 5 542
6 5 543
6 5 544
6 5 545
6 5 546
6 5 547
6 5 548
6 5 549
6 5 550
6 5 551
6 5 552
6 5 553
6 5 554
6 5 555
6 5 556
6 5 557
6 5 558
6 5 559
6 5 560
6 5 561
6 5 562
6 5 563
6 5 564
6 5 565
6 5 566
6 5 567
6 5 568
6 5 569
6 5 570
6 5 571
6 5 572
6 5 573
6 5 574
6 5 575
6 5 576
6 5 577
6 5 578
6 5 579
6 5 580
6 5 581
6 5 582
6 5 583
6 5 584
6 5 585
6 5 586
6 5 587
6 5 588
6 5 589
6 5 590
6 5 591
6 5 592
6 5 593
6 5 594
6 5 595
6 5 596
6 5 597
6 5 598
6 5 599
6 5 600
6 5 601
6 5 602
6 5 603
6 5 604
6 5 605
6 5 606
6 5 607
6 5 608
6 5 609
6 5 610
6 5 611
6 5 612
6 5 613
6 5 614
6 5 615
6 5 616
6 5 617
6 5 618
6 5 619
6 5 620
6 5 621
6 5 622
6 5 623
6 5 624
6 5 625
6 5 626
6 5 627
6 5 628
6 5 629
6 5 630
6 5 631
6 5 632
6 5 633
6 5 634
6 5 635
6 5 636
6 5 637
6 5 638
6 5 639
6 5 640
6 5 641
6 5 642
6 5 643
6 5 644
6 5 645
6 5 646
6 5 647
6 5 648
6 5 649
6 5 650
6 5 651
6 5 652
6 5 653
6 5 654
6 5 655
6 5 656
6 5 657
6 5 658
6 5 659
6 5 660
6 5 661
6 5 662
6 5 663
6 5 664
6 5 665
6 5 666
6 5 667
6 5 668
6 5 669
6 5 670
6 5 671
6 5 672
6 5 673
6 5 674
6 5 675
6 5 676
6 5 677
6 5 678
6 5 679
6 5 680
6 5 681
6 5 682
6 5 683
6 5 684
6 5 685
6 5 686
6 5 687
6 5 688
6 5 689
6 5 690
6 5 691
6 5 692
6 5 693
6 5 694
6 5 695
6 5 696
6 5 697
6 5 698
6 5 699
6 5 700
6 5 701
6 5 702
6 5 703
6 5 704
6 5 705
6 5 706
6 5 707
6 5 708
6 5 709
6 5 710
6 5 711
6 5 712
6 5 713
6 5 714
6 5 715
6 5 716
6 5 717
6 5 718
6 5 719
6 5 720
6 5 721
6 5 722
6 5 723
6 5 724
6 5 725
6 5 726
6 5 727
6 5 728
6 5 729
6 5 730
6 5 731
6 5 732
6 5 733
6 5 734
6 5 735
6 5 736
6 5 737
6 5 738
6 5 739
6 5 740
6 5 741
6 5 742
6 5 743
6 5 744
6 5 745
6 5 746
6 5 747
6 5 748
6 5 749
6 5 750
6 5 751
6 5 752
6 5 753
6 5 754
6 5 755
6 5 756
6 5 757
6 5 758
6 5 759
6 5 760
6 5 761
6 5 762
6 5 763
6 5 764
6 5 765
6 5 766
6 5 767
6 5 768
6 5 769
6 5 770
6 5 771
6 5 772
6 5 773
6 5 774
6 5 775
6 5 776
6 5 777
6 5 778
6 5 779
6 5 780
6 5 781
6 5 782
6 5 783
6 5 784
6 5 785
6 5 786
6 5 787
6 5 788
6 5 789
6 5 790
6 5 791
6 5 792
6 5 793
6 5 794
6 5 795
6 5 796
6 5 797
6 5 798
6 5 799
6 5 800
6 5 801
6 5 802
6 5 803
6 5 804
6 5 805
6 5 806
6 5 807
6 5 808
6 5 809
6 5 810
6 5 811
6 5 812
6 5 813
6 5 814
6 5 815
6 5 816
6 5 817
6 5 818
6 5 819
6 5 820
6 5 821
6 5 822
6 5 823
6 5 824
6 5 825
6 5 826
6 5 827
6 5 828
6 5 829
6 5 830
6 5 831
6 5 832
6 5 833
6 5 834
6 5 835
6 5 836
6 5 837
6 5 838
6 5 839
6 5 840
6 5 841
6 5 842
6 5 843
6 5 844
6 5 845
6 5 846
6 5 847
6 5 848
6 5 849
6 5 850
6 5 851
6 5 852
6 5 853
6 5 854
6 5 855
6 5 856
6 5 857
6 5 858
6 5 859
6 5 860
6 5 861
6 5 862
6 5 863
6 5 864
6 5 865
6 5 866
6 5 867
6 5 868
6 5 869
6 5 870
6 5 871
6 5 872
6 5 873
6 5 874
6 5 875
6 5 876
6 5 877
6 5 878
6 5 879
6 5 880
6 5 881
6 5 882
6 5 883
6 5 884
6 5 885
6 5 886
6 5 887
6 5 888
6 5 889
6 5 890
6 5 891
6 5 892
6 5 893
6 5 894
6 5 895
6 5 896
6 5 897
6 5 898
6 5 899
6 5 900
6 5 901
6 5 902
6 5 903
6 5 904
6 5 905
6 5 906
6 5 907
6 5 908
6 5 909
6 5 910
6 5 911
6 5 912
6 5 913
6 5 914
6 5 915
6 5 916
6 5 917
6 5 918
6 5 919
6 5 920
6 5 921
6 5 922
6 5 923
6 5 924
6 5 925
6 5 926
6 5 927
6 5 928
6 5 929
6 5 930
6 5 931
6 5 932
6 5 933
6 5 934
6 5 935
6 5 936
6 5 937
6 5 938
6 5 939
6 5 940
6 5 941
6 5 942
6 5 943
6 5 944
6 5 945
6 5 946
6 5 947
6 5 948
6 5 949
6 5 950
6 5 951
6 5 952
6 5 953
6 5 954
6 5 955
6 5 956
6 5 957
6 5 958
6 5 959
6 5 960
6 5 961
6 5 962
6 5 963
6 5 964
6 5 965
6 5 966
6 5 967
6 5 968
6 5 969
6 5 970
6 5 971
6 5 972
6 5 973
6 5 974
6 5 975
6 5 976
6 5 977
6 5 978
6 5 979
6 5 980
6 5 981
6 5 982
6 5 983
6 5 984
6 5 985
6 5 986
6 5 987
6 5 988
6 5 989
6 5 990
6 5 991
6 5 992
6 5 993
6 5 994
6 5 995
6 5 996
6 5 997
6 5 998
6 5 999
6.5 5 0
6.5 5 1
6.5 5 2
6.5 5 3
6.5 5 4
6.5 5 5
6.5 5 6
6.5 5 7
6.5 5 8
6.5 5 9
6.5 5 10
6.5 5 11
6.5 5 12
6.5 5 13
6.5 5 14
6.5 5 15
6.5 5 16
6.5 5 17
6.5 5 18
6.5 5 19
6.5 5 20
6.5 5 21
6.5 5 22
6.5 5 23
6.5 5 24
6.5 5 25
6.5 5 26
6.5 5 27
6.5 5 28
6.5 5 29
6.5 5 30
6.5 5 31
6.5 5 32
6.5 5 33
6.5 5 34
6.5 5 35
6.5 5 36
6.5 5 37
6.5 5 38
6.5 5 39
6.5 5 40
6.5 5 41
6.5 5 42
6.5 5 43
6.5 5 44
6.5 5 45
6.5 5 46
6.5 5 47
6.5 5 48
6.5 5 49
6.5 5 50
6.5 5 51
6.5 5 52
6.5 5 53
6.5 5 54
6.5 5 55
6.5 5 56
6.5 5 57
6.5 5 58
6.5 5 59
6.5 5 60
6.5 5 61
6.5 5 62
6.5 5 63
6.5 5 64
6.5 5 65
6.5 5 66
6.5 5 67
6.5 5 68
6.5 5 69
6.5 5 70
6.5 5 71
6.5 5 72
6.5 5 73
6.5 5 74
6.5 5 75
6.5 5 76
6.5 5 77
6.5 5 78
6.5 5 79
6.5 5 80
6.5 5 81
6.5 5 82
6.5 5 83
6.5 5 84
6.5 5 85
6.5 5 86
6.5 5 87
6.5 5 88
6.5 5 89
6.5 5 90
6.5 5 91
6.5 5 92
6.5 5 93
6.5 5 94
6.5 5 95
6.5 5 96
6.5 5 97
6.5 5 98
6.5 5 99
6.5 5 100
6.5 5 101
6.5 5 102
6.5 5 103
6.5 5 104
6.5 5 105
6.5 5 106
6.5 5 107
6.5 5 108
6.5 5 109
6.5 5 110
6.5 5 111
6.5 5 112
6.5 5 113
6.5 5 114
6.5 5 115
6.5 5 116
6.5 5 117
6.5 5 118
6.5 5 119
6.5 5 120
6.5 5 121
6.5 5 122
6.5 5 123
6.5 5 124
6.5 5 125
6.5 5 126
6.5 5 127
6.5 5 128
6.5 5 129
6.5 5 130
6.5 5 131
6.5 5 132
6.5 5 133
6.5 5 134
6.5 5 135
6.5 5 136
6.5 5 137
6.5 5 138
6.5 5 139
6.5 5 140
6.5 5 141
6.5 5 142
6.5 5 143
6.5 5 144
6.5 5 145
6.5 5 146
6.5 5 147
6.5 5 148
6.5 5 149
6.5 5 150
6.5 5 151
6.5 5 152
6.5 5 153
6.5 5 154
6.5 5 155
6.5 5 156
6.5 5 157
6.5 5 158
6.5 5 159
6.5 5 160
6.5 5 161
6.5 5 162
6.5 5 163
6.5 5 164
6.5 5 165
6.5 5 166
6.5 5 167
6.5 5 168
6.5 5 169
6.5 5 170
6.5 5 171
6.5 5 172
6.5 5 173
6.5 5 174
6.5 5 175
6.5 5 176
6.5 5 177
6.5 5 178
6.5 5 179
6.5 5 180
6.5 5 181
6.5 5 182
6.5 5 183
6.5 5 184
6.5 5 185
6.5 5 186
6.5 5 187
6.5 5 188
6.5 5 189
6.5 5 190
6.5 5 191
6.5 5 192
6.5 5 193
6.5 5 194
6.5 5 195
6.5 5 196
6.5 5 197
6.5 5 198
6.5 5 199
6.5 5 200
6.5 5 201
6.5 5 202
6.5 5 203
6.5 5 204
6.5 5 205
6.5 5 206
6.5 5 207
6.5 5 208
6.5 5 209
6.5 5 210
6.5 5 211
6.5 5 212
6.5 5 213
6.5 5 214
6.5 5 215
6.5 5 216
6.5 5 217
6.5 5 218
6.5 5 219
6.5 5 220
6.5 5 221
6.5 5 222
6.5 5 223
6.5 5 224
6.5 5 225
6.5 5 226
6.5 5 227
6.5 5 228
6.5 5 229
6.5 5 230
6.5 5 231
6.5 5 232
6.5 5 233
6.5 5 234
6.5 5 235
6.5 5 236
6.5 5 237
6.5 5 238
6.5 5 239
6.5 5 240
6.5 5 241
6.5 5 242
6.5 5 243
6.5 5 244
6.5 5 245
6.5 5 246
6.5 5 247
6.5 5 248
6.5 5 249
6.5 5 250
6.5 5 251
6.5 5 252
6.5 5 253
6.5 5 254
6.5 5 255
6.5 5 256
6.5 5 257
6.5 5 258
6.5 5 259
6.5 5 260
6.5 5 261
6.5 5 262
6.5 5 263
6.5 5 264
6.5 5 265
6.5 5 266
6.5 5 267
6.5 5 268
6.5 5 269
6.5 5 270
6.5 5 271
6.5 5 272
6.5 5 273
6.5 5 274
6.5 5 275
6.5 5 276
6.5 5 277
6.5 5 278
6.5 5 279
6.5 5 280
6.5 5 281
6.5 5 282
6.5 5 283
6.5 5 284
6.5 5 285
6.5 5 286
6.5 5 287
6.5 5 288
6.5 5 289
6.5 5 290
6.5 5 291
6.5 5 292
6.5 5 293
6.5 5 294
6.5 5 295
6.5 5 296
6.5 5 297
6.5 5 298
6.5 5 299
6.5 5 300
6.5 5 301
6.5 5 302
6.5 5 303
6.5 5 304
6.5 5 305
6.5 5 306
6.5 5 307
6.5 5 308
6.5 5 309
6.5 5 310
6.5 5 311
6.5 5 312
6.5 5 313
6.5 5 314
6.5 5 315
6.5 5 316
6.5 5 317
6.5 5 318
6.5 5 319
6.5 5 320
6.5 5 321
6.5 5 322
6.5 5 323
6.5 5 324
6.5 5 325
6.5 5 326
6.5 5 327
6.5 5 328
6.5 5 329
6.5 5 330
6.5 5 331
6.5 5 332
6.5 5 333
6.5 5 334
6.5 5 335
6.5 5 336
6.5 5 337
6.5 5 338
6.5 5 339
6.5 5 340
6.5 5 341
6.5 5 342
6.5 5 343
6.5 5 344
6.5 5 345
6.5 5 346
6.5 5 347
6.5 5 348
6.5 5 349
6.5 5 350
6.5 5 351
6.5 5 352
6.5 5 353
6.5 5 354
6.5 5 355
6.5 5 356
6.5 5 357
6.5 5 358
6.5 5 359
6.5 5 360
6.5 5 361
6.5 5 362
6.5 5 363
6.5 5 364
6.5 5 365
6.5 5 366
6.5 5 367
6.5 5 368
6.5 5 369
6.5 5 370
6.5 5 371
6.5 5 372
6.5 5 373
6.5 5 374
6.5 5 375
6.5 5 376
6.5 5 377
6.5 5 378
6.5 5 379
6.5 5 380
6.5 5 381
6.5 5 382
6.5 5 383
6.5 5 384
6.5 5 385
6.5 5 386
6.5 5 387
6.5 5 388
6.5 5 389
6.5 5 390
6.5 5 391
6.5 5 392
6.5 5 393
6.5 5 394
6.5 5 395
6.5 5 396
6.5 5 397
6.5 5 398
6.5 5 399
6.5 5 400
6.5 5 401
6.5 5 402
6.5 5 403
6.5 5 404
6.5 5 405
6.5 5 406
6.5 5 407
6.5 5 408
6.5 5 409
6.5 5 410
6.5 5 411
6.5 5 412
6.5 5 413
6.5 5 414
6.5 5 415
6.5 5 416
6.5 5 417
6.5 5 418
6.5 5 419
6.5 5 420
6.5 5 421
6.5 5 422
6.5 5 423
6.5 5 424
6.5 5 425
6.5 5 426
6.5 5 427
6.5 5 428
6.5 5 429
6.5 5 430
6.5 5 431
6.5 5 432
6.5 5 433
6.5 5 434
6.5 5 435
6.5 5 436
6.5 5 437
6.5 5 438
6.5 5 439
6.5 5 440
6.5 5 441
6.5 5 442
6.5 5 443
6.5 5 444
6.5 5 445
6.5 5 446
6.5 5 447
6.5 5 448
6.5 5 449
6.5 5 450
6.5 5 451
6.5 5 452
6.5 5 453
6.5 5 454
6.5 5 455
6.5 5 456
6.5 5 457
6.5 5 458
6.5 5 459
6.5 5 460
6.5 5 461
6.5 5 462
6.5 5 463
6.5 5 464
6.5 5 465
6.5 5 466
6.5 5 467
6.5 5 468
6.5 5 469
6.5 5 470
6.5 5 471
6.5 5 472
6.5 5 473
6.5 5 474
6.5 5 475
6.5 5 476
6.5 5 477
6.5 5 478
6.5 5 479
6.5 5 480
6.5 5 481
6.5 5 482
6.5 5 483
6.5 5 484
6.5 5 485
6.5 5 486
6.5 5 487
6.5 5 488
6.5 5 489
6.5 5 490
6.5 5 491
6.5 5 492
6.5 5 493
6.5 5 494
6.5 5 495
6.5 5 496
6.5 5 497
6.5 5 498
6.5 5 499
6.5 5 500
6.5 5 501
6.5 5 502
6.5 5 503
6.5 5 504
6.5 5 505
6.5 5 506
6.5 5 507
6.5 5 508
6.5 5 509
6.5 5 510
6.5 5 511
6.5 5 512
6.5 5 513
6.5 5 514
6.5 5 515
6.5 5 516
6.5 5 517
6.5 5 518
6.5 5 519
6.5 5 520
6.5 5 521
6.5 5 522
6.5 5 523
6.5 5 524
6.5 5 525
6.5 5 526
6.5 5 527
6.5 5 528
6.5 5 529
6.5 5 530
6.5 5 531
6.5 5 532
6.5 5 533
6.5 5 534
6.5 5 535
6.5 5 536
6.5 5 537
6.5 5 538
6.5 5 539
6.5 5 540
6.5 5 541
6.5 5 542
6.5 5 543
6.5 5 544
6.5 5 545
6.5 5 546
6.5 5 547
6.5 5 548
6.5 5 549
6.5 5 550
6.5 5 551
6.5 5 552
6.5 5 553
6.5 5 554
6.5 5 555
6.5 5 556
6.5 5 557
6.5 5 558
6.5 5 559
6.5 5 560
6.5 5 561
6.5 5 562
6.5 5 563
6.5 5 564
6.5 5 565
6.5 5 566
6.5 5 567
6.5 5 568
6.5 5 569
6.5 5 570
6.5 5 571
6.5 5 572
6.5 5 573
6.5 5 574
6.5 5 575
6.5 5 576
6.5 5 577
6.5 5 578
6.5 5 579
6.5 5 580
6.5 5 581
6.5 5 582
6.5 5 583
6.5 5 584
6.5 5 585
6.5 5 586
6.5 5 587
6.5 5 588
6.5 5 589
6.5 5 590
6.5 5 591
6.5 5 592
6.5 5 593
6.5 5 594
6.5 5 595
6.5 5 596
6.5 5 597
6.5 5 598
6.5 5 599
!!node 3!!
6.5 5 600
6.5 5 601
6.5 5 602
6.5 5 603
6.5 5 604
6.5 5 605
6.5 5 606
6.5 5 607
6.5 5 608
6.5 5 609
6.5 5 610
6.5 5 611
6.5 5 612
6.5 5 613
6.5 5 614
6.5 5 615
6.5 5 616
6.5 5 617
6.5 5 618
6.5 5 619
6.5 5 620
6.5 5 621
6.5 5 622
6.5 5 623
6.5 5 624
6.5 5 625
6.5 5 626
6.5 5 627
6.5 5 628
6.5 5 629
6.5 5 630
6.5 5 631
6.5 5 632
6.5 5 633
6.5 5 634
6.5 5 635
6.5 5 636
6.5 5 637
6.5 5 638
6.5 5 639
6.5 5 640
6.5 5 641
6.5 5 642
6.5 5 643
6.5 5 644
6.5 5 645
6.5 5 646
6.5 5 647
6.5 5 648
6.5 5 649
6.5 5 650
6.5 5 651
6.5 5 652
6.5 5 653
6.5 5 654
6.5 5 655
6.5 5 656
6.5 5 657
6.5 5 658
6.5 5 659
6.5 5 660
6.5 5 661
6.5 5 662
6.5 5 663
6.5 5 664
6.5 5 665
6.5 5 666
6.5 5 667
6.5 5 668
6.5 5 669
6.5 5 670
6.5 5 671
6.5 5 672
6.5 5 673
6.5 5 674
6.5 5 675
6.5 5 676
6.5 5 677
6.5 5 678
6.5 5 679
6.5 5 680
6.5 5 681
6.5 5 682
6.5 5 683
6.5 5 684
6.5 5 685
6.5 5 686
6.5 5 687
6.5 5 688
6.5 5 689
6.5 5 690
6.5 5 691
6.5 5 692
6.5 5 693
6.5 5 694
6.5 5 695
6.5 5 696
6.5 5 697
6.5 5 698
6.5 5 699
6.5 5 700
6.5 5 701
6.5 5 702
6.5 5 703
6.5 5 704
6.5 5 705
6.5 5 706
6.5 5 707
6.5 5 708
6.5 5 709
6.5 5 710
6.5 5 711
6.5 5 712
6.5 5 713
6.5 5 714
6.5 5 715
6.5 5 716
6.5 5 717
6.5 5 718
6.5 5 719
6.5 5 720
6.5 5 721
6.5 5 722
6.5 5 723
6.5 5 724
6.5 5 725
6.5 5 726
6.5 5 727
6.5 5 728
6.5 5 729
6.5 5 730
6.5 5 731
6.5 5 732
6.5 5 733
6.5 5 734
6.5 5 735
6.5 5 736
6.5 5 737
6.5 5 738
6.5 5 739
6.5 5 740
6.5 5 741
6.5 5 742
6.5 5 743
6.5 5 744
6.5 5 745
6.5 5 746
6.5 5 747
6.5 5 748
6.5 5 749
6.5 5 750
6.5 5 751
6.5 5 752
6.5 5 753
6.5 5 754
6.5 5 755
6.5 5 756
6.5 5 757
6.5 5 758
6.5 5 759
6.5 5 760
6.5 5 761
6.5 5 762
6.5 5 763
6.5 5 764
6.5 5 765
6.5 5 766
6.5 5 767
6.5 5 768
6.5 5 769
6.5 5 770
6.5 5 771
6.5 5 772
6.5 5 773
6.5 5 774
6.5 5 775
6.5 5 776
6.5 5 777
6.5 5 778
6.5 5 779
6.5 5 780
6.5 5 781
6.5 5 782
6.5 5 783
6.5 5 784
6.5 5 785
6.5 5 786
6.5 5 787
6.5 5 788
6.5 5 789
6.5 5 790
6.5 5 791
6.5 5 792
6.5 5 793
6.5 5 794
6.5 5 795
6.5 5 796
6.5 5 797
6.5 5 798
6.5 5 799
6.5 5 800
6.5 5 801
6.5 5 802
6.5 5 803
6.5 5 804
6.5 5 805
6.5 5 806
6.5 5 807
6.5 5 808
6.5 5 809
6.5 5 810
6.5 5 811
6.5 5 812
6.5 5 813
6.5 5 814
6.5 5 815
6.5 5 816
6.5 5 817
6.5 5 818
6.5 5 819
6.5 5 820
6.5 5 821
6.5 5 822
6.5 5 823
6.5 5 824
6.5 5 825
6.5 5 826
6.5 5 827
6.5 5 828
6.5 5 829
6.5 5 830
6.5 5 831
6.5 5 832
6.5 5 833
6.5 5 834
6.5 5 835
6.5 5 836
6.5 5 837
6.5 5 838
6.5 5 839
6.5 5 840
6.5 5 841
6.5 5 842
6.5 5 843
6.5 5 844
6.5 5 845
6.5 5 846
6.5 5 847
6.5 5 848
6.5 5 849
6.5 5 850
6.5 5 851
6.5 5 852
6.5 5 853
6.5 5 854
6.5 5 855
6.5 5 856
6.5 5 857
6.5 5 858
6.5 5 859
6.5 5 860
6.5 5 861
6.5 5 862
6.5 5 863
6.5 5 864
6.5 5 865
6.5 5 866
6.5 5 867
6.5 5 868
6.5 5 869
6.5 5 870
6.5 5 871
6.5 5 872
6.5 5 873
6.5 5 874
6.5 5 875
6.5 5 876
6.5 5 877
6.5 5 878
6.5 5 879
6.5 5 880
6.5 5 881
6.5 5 882
6.5 5 883
6.5 5 884
6.5 5 885
6.5 5 886
6.5 5 887
6.5 5 888
6.5 5 889
6.5 5 890
6.5 5 891
6.5 5 892
6.5 5 893
6.5 5 894
6.5 5 895
6.5 5 896
6.5 5 897
6.5 5 898
6.5 5 899
6.5 5 900
6.5 5 901
6.5 5 902
6.5 5 903
6.5 5 904
6.5 5 905
6.5 5 906
6.5 5 907
6.5 5 908
6.5 5 909
6.5 5 910
6.5 5 911
6.5 5 912
6.5 5 913
6.5 5 914
6.5 5 915
6.5 5 916
6.5 5 917
6.5 5 918
6.5 5 919
6.5 5 920
6.5 5 921
6.5 5 922
6.5 5 923
6.5 5 924
6.5 5 925
6.5 5 926
6.5 5 927
6.5 5 928
6.5 5 929
6.5 5 930
6.5 5 931
6.5 5 932
6.5 5 933
6.5 5 934
6.5 5 935
6.5 5 936
6.5 5 937
6.5 5 938
6.5 5 939
6.5 5 940
6.5 5 941
6.5 5 942
6.5 5 943
6.5 5 944
6.5 5 945
6.5 5 946
6.5 5 947
6.5 5 948
6.5 5 949
6.5 5 950
6.5 5 951
6.5 5 952
6.5 5 953
6.5 5 954
6.5 5 955
6.5 5 956
6.5 5 957
6.5 5 958
6.5 5 959
6.5 5 960
6.5 5 961
6.5 5 962
6.5 5 963
6.5 5 964
6.5 5 965
6.5 5 966
6.5 5 967
6.5 5 968
6.5 5 969
6.5 5 970
6.5 5 971
6.5 5 972
6.5 5 973
6.5 5 974
6.5 5 975
6.5 5 976
6.5 5 977
6.5 5 978
6.5 5 979
6.5 5 980
6.5 5 981
6.5 5 982
6.5 5 983
6.5 5 984
6.5 5 985
6.5 5 986
6.5 5 987
6.5 5 988
6.5 5 989
6.5 5 990
6.5 5 991
6.5 5 992
6.5 5 993
6.5 5 994
6.5 5 995
6.5 5 996
6.5 5 997
6.5 5 998
6.5 5 999
7 5 0
7 5 1
7 5 2
7 5 3
7 5 4
7 5 5
7 5 6
7 5 7
7 5 8
7 5 9
7 5 10
7 5 11
7 5 12
7 5 13
7 5 14
7 5 15
7 5 16
7 5 17
7 5 18
7 5 19
7 5 20
7 5 21
7 5 22
7 5 23
7 5 24
7 5 25
7 5 26
7 5 27
7 5 28
7 5 29
7 5 30
7 5 31
7 5 32
7 5 33
7 5 34
7 5 35
7 5 36
7 5 37
7 5 38
7 5 39
7 5 40
7 5 41
7 5 42
7 5 43
7 5 44
7 5 45
7 5 46
7 5 47
7 5 48
7 5 49
7 5 50
7 5 51
7 5 52
7 5 53
7 5 54
7 5 55
7 5 56
7 5 57
7 5 58
7 5 59
7 5 60
7 5 61
7 5 62
7 5 63
7 5 64
7 5 65
7 5 66
7 5 67
7 5 68
7 5 69
7 5 70
7 5 71
7 5 72
7 5 73
7 5 74
7 5 75
7 5 76
7 5 77
7 5 78
7 5 79
7 5 80
7 5 81
7 5 82
7 5 83
7 5 84
7 5 85
7 5 86
7 5 87
7 5 88
7 5 89
7 5 90
7 5 91
7 5 92
7 5 93
7 5 94
7 5 95
7 5 96
7 5 97
7 5 98
7 5 99
7 5 100
7 5 101
7 5 102
7 5 103
7 5 104
7 5 105
7 5 106
7 5 107
7 5 108
7 5 109
7 5 110
7 5 111
7 5 112
7 5 113
7 5 114
7 5 115
7 5 116
7 5 117
7 5 118
7 5 119
7 5 120
7 5 121
7 5 122
7 5 123
7 5 124
7 5 125
7 5 126
7 5 127
7 5 128
7 5 129
7 5 130
7 5 131
7 5 132
7 5 133
7 5 134
7 5 135
7 5 136
7 5 137
7 5 138
7 5 139
7 5 140
7 5 141
7 5 142
7 5 143
7 5 144
7 5 145
7 5 146
7 5 147
7 5 148
7 5 149
7 5 150
7 5 151
7 5 152
7 5 153
7 5 154
7 5 155
7 5 156
7 5 157
7 5 158
7 5 159
7 5 160
7 5 161
7 5 162
7 5 163
7 5 164
7 5 165
7 5 166
7 5 167
7 5 168
7 5 169
7 5 170
7 5 171
7 5 172
7 5 173
7 5 174
7 5 175
7 5 176
7 5 177
7 5 178
7 5 179
7 5 180
7 5 181
7 5 182
7 5 183
7 5 184
7 5 185
7 5 186
7 5 187
7 5 188
7 5 189
7 5 190
7 5 191
7 5 192
7 5 193
7 5 194
7 5 195
7 5 196
7 5 197
7 5 198
7 5 199
7 5 200
7 5 201
7 5 202
7 5 203
7 5 204
7 5 205
7 5 206
7 5 207
7 5 208
7 5 209
7 5 210
7 5 211
7 5 212
7 5 213
7 5 214
7 5 215
7 5 216
7 5 217
7 5 218
7 5 219
7 5 220
7 5 221
7 5 222
7 5 223
7 5 224
7 5 225
7 5 226
7 5 227
7 5 228
7 5 229
7 5 230
7 5 231
7 5 232
7 5 233
7 5 234
7 5 235
7 5 236
7 5 237
7 5 238
7 5 239
7 5 240
7 5 241
7 5 242
7 5 243
7 5 244
7 5 245
7 5 246
7 5 247
7 5 248
7 5 249
7 5 250
7 5 251
7 5 252
7 5 253
7 5 254
7 5 255
7 5 256
7 5 257
7 5 258
7 5 259
7 5 260
7 5 261
7 5 262
7 5 263
7 5 264
7 5 265
7 5 266
7 5 267
7 5 268
7 5 269
7 5 270
7 5 271
7 5 272
7 5 273
7 5 274
7 5 275
7 5 276
7 5 277
7 5 278
7 5 279
7 5 280
7 5 281
7 5 282
7 5 283
7 5 284
7 5 285
7 5 286
7 5 287
7 5 288
7 5 289
7 5 290
7 5 291
7 5 292
7 5 293
7 5 294
7 5 295
7 5 296
7 5 297
7 5 298
7 5 299
7 5 300
7 5 301
7 5 302
7 5 303
7 5 304
7 5 305
7 5 306
7 5 307
7 5 308
7 5 309
7 5 310
7 5 311
7 5 312
7 5 313
7 5 314
7 5 315
7 5 316
7 5 317
7 5 318
7 5 319
7 5 320
7 5 321
7 5 322
7 5 323
7 5 324
7 5 325
7 5 326
7 5 327
7 5 328
7 5 329
7 5 330
7 5 331
7 5 332
7 5 333
7 5 334
7 5 335
7 5 336
7 5 337
7 5 338
7 5 339
7 5 340
7 5 341
7 5 342
7 5 343
7 5 344
7 5 345
7 5 346
7 5 347
7 5 348
7 5 349
7 5 350
7 5 351
7 5 352
7 5 353
7 5 354
7 5 355
7 5 356
7 5 357
7 5 358
7 5 359
7 5 360
7 5 361
7 5 362
7 5 363
7 5 364
7 5 365
7 5 366
7 5 367
7 5 368
7 5 369
7 5 370
7 5 371
7 5 372
7 5 373
7 5 374
7 5 375
7 5 376
7 5 377
7 5 378
7 5 379
7 5 380
7 5 381
7 5 382
7 5 383
7 5 384
7 5 385
7 5 386
7 5 387
7 5 388
7 5 389
7 5 390
7 5 391
7 5 392
7 5 393
7 5 394
7 5 395
7 5 396
7 5 397
7 5 398
7 5 399
7 5 400
7 5 401
7 5 402
7 5 403
7 5 404
7 5 405
7 5 406
7 5 407
7 5 408
7 5 409
7 5 410
7 5 411
7 5 412
7 5 413
7 5 414
7 5 415
7 5 416
7 5 417
7 5 418
7 5 419
7 5 420
7 5 421
7 5 422
7 5 423
7 5 424
7 5 425
7 5 426
7 5 427
7 5 428
7 5 429
7 5 430
7 5 431
7 5 432
7 5 433
7 5 434
7 5 435
7 5 436
7 5 437
7 5 438
7 5 439
7 5 440
7 5 441
7 5 442
7 5 443
7 5 444
7 5 445
7 5 446
7 5 447
7 5 448
7 5 449
7 5 450
7 5 451
7 5 452
7 5 453
7 5 454
7 5 455
7 5 456
7 5 457
7 5 458
7 5 459
7 5 460
7 5 461
7 5 462
7 5 463
7 5 464
7 5 465
7 5 466
7 5 467
7 5 468
7 5 469
7 5 470
7 5 471
7 5 472
7 5 473
7 5 474
7 5 475
7 5 476
7 5 477
7 5 478
7 5 479
7 5 480
7 5 481
7 5 482
7 5 483
7 5 484
7 5 485
7 5 486
7 5 487
7 5 488
7 5 489
7 5 490
7 5 491
7 5 492
7 5 493
7 5 494
7 5 495
7 5 496
7 5 497
7 5 498
7 5 499
7 5 500
7 5 501
7 5 502
7 5 503
7 5 504
7 5 505
7 5 506
7 5 507
7 5 508
7 5 509
7 5 510
7 5 511
7 5 512
7 5 513
7 5 514
7 5 515
7 5 516
7 5 517
7 5 518
7 5 519
7 5 520
7 5 521
7 5 522
7 5 523
7 5 524
7 5 525
7 5 526
7 5 527
7 5 528
7 5 529
7 5 530
7 5 531
7 5 532
7 5 533
7 5 534
7 5 535
7 5 536
7 5 537
7 5 538
7 5 539
7 5 540
7 5 541
7 5 542
7 5 543
7 5 544
7 5 545
7 5 546
7 5 547
7 5 548
7 5 549
7 5 550
7 5 551
7 5 552
7 5 553
7 5 554
7 5 555
7 5 556
7 5 557
7 5 558
7 5 559
7 5 560
7 5 561
7 5 562
7 5 563
7 5 564
7 5 565
7 5 566
7 5 567
7 5 568
7 5 569
7 5 570
7 5 571
7 5 572
7 5 573
7 5 574
7 5 575
7 5 576
7 5 577
7 5 578
7 5 579
7 5 580
7 5 581
7 5 582
7 5 583
7 5 584
7 5 585
7 5 586
7 5 587
7 5 588
7 5 589
7 5 590
7 5 591
7 5 592
7 5 593
7 5 594
7 5 595
7 5 596
7 5 597
7 5 598
7 5 599
7 5 600
7 5 601
7 5 602
7 5 603
7 5 604
7 5 605
7 5 606
7 5 607
7 5 608
7 5 609
7 5 610
7 5 611
7 5 612
7 5 613
7 5 614
7 5 615
7 5 616
7 5 617
7 5 618
7 5 619
7 5 620
7 5 621
7 5 622
7 5 623
7 5 624
7 5 625
7 5 626
7 5 627
7 5 628
7 5 629
7 5 630
7 5 631
7 5 632
7 5 633
7 5 634
7 5 635
7 5 636
7 5 637
7 5 638
7 5 639
7 5 640
7 5 641
7 5 642
7 5 643
7 5 644
7 5 645
7 5 646
7 5 647
7 5 648
7 5 649
7 5 650
7 5 651
7 5 652
7 5 653
7 5 654
7 5 655
7 5 656
7 5 657
7 5 658
7 5 659
7 5 660
7 5 661
7 5 662
7 5 663
7 5 664
7 5 665
7 5 666
7 5 667
7 5 668
7 5 669
7 5 670
7 5 671
7 5 672
7 5 673
7 5 674
7 5 675
7 5 676
7 5 677
7 5 678
7 5 679
7 5 680
7 5 681
7 5 682
7 5 683
7 5 684
7 5 685
7 5 686
7 5 687
7 5 688
7 5 689
7 5 690
7 5 691
7 5 692
7 5 693
7 5 694
7 5 695
7 5 696
7 5 697
7 5 698
7 5 699
7 5 700
7 5 701
7 5 702
7 5 703
7 5 704
7 5 705
7 5 706
7 5 707
7 5 708
7 5 709
7 5 710
7 5 711
7 5 712
7 5 713
7 5 714
7 5 715
7 5 716
7 5 717
7 5 718
7 5 719
7 5 720
7 5 721
7 5 722
7 5 723
7 5 724
7 5 725
7 5 726
7 5 727
7 5 728
7 5 729
7 5 730
7 5 731
7 5 732
7 5 733
7 5 734
7 5 735
7 5 736
7 5 737
7 5 738
7 5 739
7 5 740
7 5 741
7 5 742
7 5 743
7 5 744
7 5 745
7 5 746
7 5 747
7 5 748
7 5 749
7 5 750
7 5 751
7 5 752
7 5 753
7 5 754
7 5 755
7 5 756
7 5 757
7 5 758
7 5 759
7 5 760
7 5 761
7 5 762
7 5 763
7 5 764
7 5 765
7 5 766
7 5 767
7 5 768
7 5 769
7 5 770
7 5 771
7 5 772
7 5 773
7 5 774
7 5 775
7 5 776
7 5 777
7 5 778
7 5 779
7 5 780
7 5 781
7 5 782
7 5 783
7 5 784
7 5 785
7 5 786
7 5 787
7 5 788
7 5 789
7 5 790
7 5 791
7 5 792
7 5 793
7 5 794
7 5 795
7 5 796
7 5 797
7 5 798
7 5 799
!!node 4!!
7 5 800
7 5 801
7 5 802
7 5 803
7 5 804
7 5 805
7 5 806
7 5 807
7 5 808
7 5 809
7 5 810
7 5 811
7 5 812
7 5 813
7 5 814
7 5 815
7 5 816
7 5 817
7 5 818
7 5 819
7 5 820
7 5 821
7 5 822
7 5 823
7 5 824
7 5 825
7 5 826
7 5 827
7 5 828
7 5 829
7 5 830
7 5 831
7 5 832
7 5 833
7 5 834
7 5 835
7 5 836
7 5 837
7 5 838
7 5 839
7 5 840
7 5 841
7 5 842
7 5 843
7 5 844
7 5 845
7 5 846
7 5 847
7 5 848
7 5 849
7 5 850
7 5 851
7 5 852
7 5 853
7 5 854
7 5 855
7 5 856
7 5 857
7 5 858
7 5 859
7 5 860
7 5 861
7 5 862
7 5 863
7 5 864
7 5 865
7 5 866
7 5 867
7 5 868
7 5 869
7 5 870
7 5 871
7 5 872
7 5 873
7 5 874
7 5 875
7 5 876
7 5 877
7 5 878
7 5 879
7 5 880
7 5 881
7 5 882
7 5 883
7 5 884
7 5 885
7 5 886
7 5 887
7 5 888
7 5 889
7 5 890
7 5 891
7 5 892
7 5 893
7 5 894
7 5 895
7 5 896
7 5 897
7 5 898
7 5 899
7 5 900
7 5 901
7 5 902
7 5 903
7 5 904
7 5 905
7 5 906
7 5 907
7 5 908
7 5 909
7 5 910
7 5 911
7 5 912
7 5 913
7 5 914
7 5 915
7 5 916
7 5 917
7 5 918
7 5 919
7 5 920
7 5 921
7 5 922
7 5 923
7 5 924
7 5 925
7 5 926
7 5 927
7 5 928
7 5 929
7 5 930
7 5 931
7 5 932
7 5 933
7 5 934
7 5 935
7 5 936
7 5 937
7 5 938
7 5 939
7 5 940
7 5 941
7 5 942
7 5 943
7 5 944
7 5 945
7 5 946
7 5 947
7 5 948
7 5 949
7 5 950
7 5 951
7 5 952
7 5 953
7 5 954
7 5 955
7 5 956
7 5 957
7 5 958
7 5 959
7 5 960
7 5 961
7 5 962
7 5 963
7 5 964
7 5 965
7 5 966
7 5 967
7 5 968
7 5 969
7 5 970
7 5 971
7 5 972
7 5 973
7 5 974
7 5 975
7 5 976
7 5 977
7 5 978
7 5 979
7 5 980
7 5 981
7 5 982
7 5 983
7 5 984
7 5 985
7 5 986
7 5 987
7 5 988
7 5 989
7 5 990
7 5 991
7 5 992
7 5 993
7 5 994
7 5 995
7 5 996
7 5 997
7 5 998
7 5 999
7.5 5 0
7.5 5 1
7.5 5 2
7.5 5 3
7.5 5 4
7.5 5 5
7.5 5 6
7.5 5 7
7.5 5 8
7.5 5 9
7.5 5 10
7.5 5 11
7.5 5 12
7.5 5 13
7.5 5 14
7.5 5 15
7.5 5 16
7.5 5 17
7.5 5 18
7.5 5 19
7.5 5 20
7.5 5 21
7.5 5 22
7.5 5 23
7.5 5 24
7.5 5 25
7.5 5 26
7.5 5 27
7.5 5 28
7.5 5 29
7.5 5 30
7.5 5 31
7.5 5 32
7.5 5 33
7.5 5 34
7.5 5 35
7.5 5 36
7.5 5 37
7.5 5 38
7.5 5 39
7.5 5 40
7.5 5 41
7.5 5 42
7.5 5 43
7.5 5 44
7.5 5 45
7.5 5 46
7.5 5 47
7.5 5 48
7.5 5 49
7.5 5 50
7.5 5 51
7.5 5 52
7.5 5 53
7.5 5 54
7.5 5 55
7.5 5 56
7.5 5 57
7.5 5 58
7.5 5 59
7.5 5 60
7.5 5 61
7.5 5 62
7.5 5 63
7.5 5 64
7.5 5 65
7.5 5 66
7.5 5 67
7.5 5 68
7.5 5 69
7.5 5 70
7.5 5 71
7.5 5 72
7.5 5 73
7.5 5 74
7.5 5 75
7.5 5 76
7.5 5 77
7.5 5 78
7.5 5 79
7.5 5 80
7.5 5 81
7.5 5 82
7.5 5 83
7.5 5 84
7.5 5 85
7.5 5 86
7.5 5 87
7.5 5 88
7.5 5 89
7.5 5 90
7.5 5 91
7.5 5 92
7.5 5 93
7.5 5 94
7.5 5 95
7.5 5 96
7.5 5 97
7.5 5 98
7.5 5 99
7.5 5 100
7.5 5 101
7.5 5 102
7.5 5 103
7.5 5 104
7.5 5 105
7.5 5 106
7.5 5 107
7.5 5 108
7.5 5 109
7.5 5 110
7.5 5 111
7.5 5 112
7.5 5 113
7.5 5 114
7.5 5 115
7.5 5 116
7.5 5 117
7.5 5 118
7.5 5 119
7.5 5 120
7.5 5 121
7.5 5 122
7.5 5 123
7.5 5 124
7.5 5 125
7.5 5 126
7.5 5 127
7.5 5 128
7.5 5 129
7.5 5 130
7.5 5 131
7.5 5 132
7.5 5 133
7.5 5 134
7.5 5 135
7.5 5 136
7.5 5 137
7.5 5 138
7.5 5 139
7.5 5 140
7.5 5 141
7.5 5 142
7.5 5 143
7.5 5 144
7.5 5 145
7.5 5 146
7.5 5 147
7.5 5 148
7.5 5 149
7.5 5 150
7.5 5 151
7.5 5 152
7.5 5 153
7.5 5 154
7.5 5 155
7.5 5 156
7.5 5 157
7.5 5 158
7.5 5 159
7.5 5 160
7.5 5 161
7.5 5 162
7.5 5 163
7.5 5 164
7.5 5 165
7.5 5 166
7.5 5 167
7.5 5 168
7.5 5 169
7.5 5 170
7.5 5 171
7.5 5 172
7.5 5 173
7.5 5 174
7.5 5 175
7.5 5 176
7.5 5 177
7.5 5 178
7.5 5 179
7.5 5 180
7.5 5 181
7.5 5 182
7.5 5 183
7.5 5 184
7.5 5 185
7.5 5 186
7.5 5 187
7.5 5 188
7.5 5 189
7.5 5 190
7.5 5 191
7.5 5 192
7.5 5 193
7.5 5 194
7.5 5 195
7.5 5 196
7.5 5 197
7.5 5 198
7.5 5 199
7.5 5 200
7.5 5 201
7.5 5 202
7.5 5 203
7.5 5 204
7.5 5 205
7.5 5 206
7.5 5 207
7.5 5 208
7.5 5 209
7.5 5 210
7.5 5 211
7.5 5 212
7.5 5 213
7.5 5 214
7.5 5 215
7.5 5 216
7.5 5 217
7.5 5 218
7.5 5 219
7.5 5 220
7.5 5 221
7.5 5 222
7.5 5 223
7.5 5 224
7.5 5 225
7.5 5 226
7.5 5 227
7.5 5 228
7.5 5 229
7.5 5 230
7.5 5 231
7.5 5 232
7.5 5 233
7.5 5 234
7.5 5 235
7.5 5 236
7.5 5 237
7.5 5 238
7.5 5 239
7.5 5 240
7.5 5 241
7.5 5 242
7.5 5 243
7.5 5 244
7.5 5 245
7.5 5 246
7.5 5 247
7.5 5 248
7.5 5 249
7.5 5 250
7.5 5 251
7.5 5 252
7.5 5 253
7.5 5 254
7.5 5 255
7.5 5 256
7.5 5 257
7.5 5 258
7.5 5 259
7.5 5 260
7.5 5 261
7.5 5 262
7.5 5 263
7.5 5 264
7.5 5 265
7.5 5 266
7.5 5 267
7.5 5 268
7.5 5 269
7.5 5 270
7.5 5 271
7.5 5 272
7.5 5 273
7.5 5 274
7.5 5 275
7.5 5 276
7.5 5 277
7.5 5 278
7.5 5 279
7.5 5 280
7.5 5 281
7.5 5 282
7.5 5 283
7.5 5 284
7.5 5 285
7.5 5 286
7.5 5 287
7.5 5 288
7.5 5 289
7.5 5 290
7.5 5 291
7.5 5 292
7.5 5 293
7.5 5 294
7.5 5 295
7.5 5 296
7.5 5 297
7.5 5 298
7.5 5 299
7.5 5 300
7.5 5 301
7.5 5 302
7.5 5 303
7.5 5 304
7.5 5 305
7.5 5 306
7.5 5 307
7.5 5 308
7.5 5 309
7.5 5 310
7.5 5 311
7.5 5 312
7.5 5 313
7.5 5 314
7.5 5 315
7.5 5 316
7.5 5 317
7.5 5 318
7.5 5 319
7.5 5 320
7.5 5 321
7.5 5 322
7.5 5 323
7.5 5 324
7.5 5 325
7.5 5 326
7.5 5 327
7.5 5 328
7.5 5 329
7.5 5 330
7.5 5 331
7.5 5 332
7.5 5 333
7.5 5 334
7.5 5 335
7.5 5 336
7.5 5 337
7.5 5 338
7.5 5 339
7.5 5 340
7.5 5 341
7.5 5 342
7.5 5 343
7.5 5 344
7.5 5 345
7.5 5 346
7.5 5 347
7.5 5 348
7.5 5 349
7.5 5 350
7.5 5 351
7.5 5 352
7.5 5 353
7.5 5 354
7.5 5 355
7.5 5 356
7.5 5 357
7.5 5 358
7.5 5 359
7.5 5 360
7.5 5 361
7.5 5 362
7.5 5 363
7.5 5 364
7.5 5 365
7.5 5 366
7.5 5 367
7.5 5 368
7.5 5 369
7.5 5 370
7.5 5 371
7.5 5 372
7.5 5 373
7.5 5 374
7.5 5 375
7.5 5 376
7.5 5 377
7.5 5 378
7.5 5 379
7.5 5 380
7.5 5 381
7.5 5 382
7.5 5 383
7.5 5 384
7.5 5 385
7.5 5 386
7.5 5 387
7.5 5 388
7.5 5 389
7.5 5 390
7.5 5 391
7.5 5 392
7.5 5 393
7.5 5 394
7.5 5 395
7.5 5 396
7.5 5 397
7.5 5 398
7.5 5 399
7.5 5 400
7.5 5 401
7.5 5 402
7.5 5 403
7.5 5 404
7.5 5 405
7.5 5 406
7.5 5 407
7.5 5 408
7.5 5 409
7.5 5 410
7.5 5 411
7.5 5 412
7.5 5 413
7.5 5 414
7.5 5 415
7.5 5 416
7.5 5 417
7.5 5 418
7.5 5 419
7.5 5 420
7.5 5 421
7.5 5 422
7.5 5 423
7.5 5 424
7.5 5 425
7.5 5 426
7.5 5 427
7.5 5 428
7.5 5 429
7.5 5 430
7.5 5 431
7.5 5 432
7.5 5 433
7.5 5 434
7.5 5 435
7.5 5 436
7.5 5 437
7.5 5 438
7.5 5 439
7.5 5 440
7.5 5 441
7.5 5 442
7.5 5 443
7.5 5 444
7.5 5 445
7.5 5 446
7.5 5 447
7.5 5 448
7.5 5 449
7.5 5 450
7.5 5 451
7.5 5 452
7.5 5 453
7.5 5 454
7.5 5 455
7.5 5 456
7.5 5 457
7.5 5 458
7.5 5 459
7.5 5 460
7.5 5 461
7.5 5 462
7.5 5 463
7.5 5 464
7.5 5 465
7.5 5 466
7.5 5 467
7.5 5 468
7.5 5 469
7.5 5 470
7.5 5 471
7.5 5 472
7.5 5 473
7.5 5 474
7.5 5 475
7.5 5 476
7.5 5 477
7.5 5 478
7.5 5 479
7.5 5 480
7.5 5 481
7.5 5 482
7.5 5 483
7.5 5 484
7.5 5 485
7.5 5 486
7.5 5 487
7.5 5 488
7.5 5 489
7.5 5 490
7.5 5 491
7.5 5 492
7.5 5 493
7.5 5 494
7.5 5 495
7.5 5 496
7.5 5 497
7.5 5 498
7.5 5 499
7.5 5 500
7.5 5 501
7.5 5 502
7.5 5 503
7.5 5 504
7.5 5 505
7.5 5 506
7.5 5 507
7.5 5 508
7.5 5 509
7.5 5 510
7.5 5 511
7.5 5 512
7.5 5 513
7.5 5 514
7.5 5 515
7.5 5 516
7.5 5 517
7.5 5 518
7.5 5 519
7.5 5 520
7.5 5 521
7.5 5 522
7.5 5 523
7.5 5 524
7.5 5 525
7.5 5 526
7.5 5 527
7.5 5 528
7.5 5 529
7.5 5 530
7.5 5 531
7.5 5 532
7.5 5 533
7.5 5 534
7.5 5 535
7.5 5 536
7.5 5 537
7.5 5 538
7.5 5 539
7.5 5 540
7.5 5 541
7.5 5 542
7.5 5 543
7.5 5 544
7.5 5 545
7.5 5 546
7.5 5 547
7.5 5 548
7.5 5 549
7.5 5 550
7.5 5 551
7.5 5 552
7.5 5 553
7.5 5 554
7.5 5 555
7.5 5 556
7.5 5 557
7.5 5 558
7.5 5 559
7.5 5 560
7.5 5 561
7.5 5 562
7.5 5 563
7.5 5 564
7.5 5 565
7.5 5 566
7.5 5 567
7.5 5 568
7.5 5 569
7.5 5 570
7.5 5 571
7.5 5 572
7.5 5 573
7.5 5 574
7.5 5 575
7.5 5 576
7.5 5 577
7.5 5 578
7.5 5 579
7.5 5 580
7.5 5 581
7.5 5 582
7.5 5 583
7.5 5 584
7.5 5 585
7.5 5 586
7.5 5 587
7.5 5 588
7.5 5 589
7.5 5 590
7.5 5 591
7.5 5 592
7.5 5 593
7.5 5 594
7.5 5 595
7.5 5 596
7.5 5 597
7.5 5 598
7.5 5 599
7.5 5 600
7.5 5 601
7.5 5 602
7.5 5 603
7.5 5 604
7.5 5 605
7.5 5 606
7.5 5 607
7.5 5 608
7.5 5 609
7.5 5 610
7.5 5 611
7.5 5 612
7.5 5 613
7.5 5 614
7.5 5 615
7.5 5 616
7.5 5 617
7.5 5 618
7.5 5 619
7.5 5 620
7.5 5 621
7.5 5 622
7.5 5 623
7.5 5 624
7.5 5 625
7.5 5 626
7.5 5 627
7.5 5 628
7.5 5 629
7.5 5 630
7.5 5 631
7.5 5 632
7.5 5 633
7.5 5 634
7.5 5 635
7.5 5 636
7.5 5 637
7.5 5 638
7.5 5 639
7.5 5 640
7.5 5 641
7.5 5 642
7.5 5 643
7.5 5 644
7.5 5 645
7.5 5 646
7.5 5 647
7.5 5 648
7.5 5 649
7.5 5 650
7.5 5 651
7.5 5 652
7.5 5 653
7.5 5 654
7.5 5 655
7.5 5 656
7.5 5 657
7.5 5 658
7.5 5 659
7.5 5 660
7.5 5 661
7.5 5 662
7.5 5 663
7.5 5 664
7.5 5 665
7.5 5 666
7.5 5 667
7.5 5 668
7.5 5 669
7.5 5 670
7.5 5 671
7.5 5 672
7.5 5 673
7.5 5 674
7.5 5 675
7.5 5 676
7.5 5 677
7.5 5 678
7.5 5 679
7.5 5 680
7.5 5 681
7.5 5 682
7.5 5 683
7.5 5 684
7.5 5 685
7.5 5 686
7.5 5 687
7.5 5 688
7.5 5 689
7.5 5 690
7.5 5 691
7.5 5 692
7.5 5 693
7.5 5 694
7.5 5 695
7.5 5 696
7.5 5 697
7.5 5 698
7.5 5 699
7.5 5 700
7.5 5 701
7.5 5 702
7.5 5 703
7.5 5 704
7.5 5 705
7.5 5 706
7.5 5 707
7.5 5 708
7.5 5 709
7.5 5 710
7.5 5 711
7.5 5 712
7.5 5 713
7.5 5 714
7.5 5 715
7.5 5 716
7.5 5 717
7.5 5 718
7.5 5 719
7.5 5 720
7.5 5 721
7.5 5 722
7.5 5 723
7.5 5 724
7.5 5 725
7.5 5 726
7.5 5 727
7.5 5 728
7.5 5 729
7.5 5 730
7.5 5 731
7.5 5 732
7.5 5 733
7.5 5 734
7.5 5 735
7.5 5 736
7.5 5 737
7.5 5 738
7.5 5 739
7.5 5 740
7.5 5 741
7.5 5 742
7.5 5 743
7.5 5 744
7.5 5 745
7.5 5 746
7.5 5 747
7.5 5 748
7.5 5 749
7.5 5 750
7.5 5 751
7.5 5 752
7.5 5 753
7.5 5 754
7.5 5 755
7.5 5 756
7.5 5 757
7.5 5 758
7.5 5 759
7.5 5 760
7.5 5 761
7.5 5 762
7.5 5 763
7.5 5 764
7.5 5 765
7.5 5 766
7.5 5 767
7.5 5 768
7.5 5 769
7.5 5 770
7.5 5 771
7.5 5 772
7.5 5 773
7.5 5 774
7.5 5 775
7.5 5 776
7.5 5 777
7.5 5 778
7.5 5 779
7.5 5 780
7.5 5 781
7.5 5 782
7.5 5 783
7.5 5 784
7.5 5 785
7.5 5 786
7.5 5 787
7.5 5 788
7.5 5 789
7.5 5 790
7.5 5 791
7.5 5 792
7.5 5 793
7.5 5 794
7.5 5 795
7.5 5 796
7.5 5 797
7.5 5 798
7.5 5 799
7.5 5 800
7.5 5 801
7.5 5 802
7.5 5 803
7.5 5 804
7.5 5 805
7.5 5 806
7.5 5 807
7.5 5 808
7.5 5 809
7.5 5 810
7.5 5 811
7.5 5 812
7.5 5 813
7.5 5 814
7.5 5 815
7.5 5 816
7.5 5 817
7.5 5 818
7.5 5 819
7.5 5 820
7.5 5 821
7.5 5 822
7.5 5 823
7.5 5 824
7.5 5 825
7.5 5 826
7.5 5 827
7.5 5 828
7.5 5 829
7.5 5 830
7.5 5 831
7.5 5 832
7.5 5 833
7.5 5 834
7.5 5 835
7.5 5 836
7.5 5 837
7.5 5 838
7.5 5 839
7.5 5 840
7.5 5 841
7.5 5 842
7.5 5 843
7.5 5 844
7.5 5 845
7.5 5 846
7.5 5 847
7.5 5 848
7.5 5 849
7.5 5 850
7.5 5 851
7.5 5 852
7.5 5 853
7.5 5 854
7.5 5 855
7.5 5 856
7.5 5 857
7.5 5 858
7.5 5 859
7.5 5 860
7.5 5 861
7.5 5 862
7.5 5 863
7.5 5 864
7.5 5 865
7.5 5 866
7.5 5 867
7.5 5 868
7.5 5 869
7.5 5 870
7.5 5 871
7.5 5 872
7.5 5 873
7.5 5 874
7.5 5 875
7.5 5 876
7.5 5 877
7.5 5 878
7.5 5 879
7.5 5 880
7.5 5 881
7.5 5 882
7.5 5 883
7.5 5 884
7.5 5 885
7.5 5 886
7.5 5 887
7.5 5 888
7.5 5 889
7.5 5 890
7.5 5 891
7.5 5 892
7.5 5 893
7.5 5 894
7.5 5 895
7.5 5 896
7.5 5 897
7.5 5 898
7.5 5 899
7.5 5 900
7.5 5 901
7.5 5 902
7.5 5 903
7.5 5 904
7.5 5 905
7.5 5 906
7.5 5 907
7.5 5 908
7.5 5 909
7.5 5 910
7.5 5 911
7.5 5 912
7.5 5 913
7.5 5 914
7.5 5 915
7.5 5 916
7.5 5 917
7.5 5 918
7.5 5 919
7.5 5 920
7.5 5 921
7.5 5 922
7.5 5 923
7.5 5 924
7.5 5 925
7.5 5 926
7.5 5 927
7.5 5 928
7.5 5 929
7.5 5 930
7.5 5 931
7.5 5 932
7.5 5 933
7.5 5 934
7.5 5 935
7.5 5 936
7.5 5 937
7.5 5 938
7.5 5 939
7.5 5 940
7.5 5 941
7.5 5 942
7.5 5 943
7.5 5 944
7.5 5 945
7.5 5 946
7.5 5 947
7.5 5 948
7.5 5 949
7.5 5 950
7.5 5 951
7.5 5 952
7.5 5 953
7.5 5 954
7.5 5 955
7.5 5 956
7.5 5 957
7.5 5 958
7.5 5 959
7.5 5 960
7.5 5 961
7.5 5 962
7.5 5 963
7.5 5 964
7.5 5 965
7.5 5 966
7.5 5 967
7.5 5 968
7.5 5 969
7.5 5 970
7.5 5 971
7.5 5 972
7.5 5 973
7.5 5 974
7.5 5 975
7.5 5 976
7.5 5 977
7.5 5 978
7.5 5 979
7.5 5 980
7.5 5 981
7.5 5 982
7.5 5 983
7.5 5 984
7.5 5 985
7.5 5 986
7.5 5 987
7.5 5 988
7.5 5 989
7.5 5 990
7.5 5 991
7.5 5 992
7.5 5 993
7.5 5 994
7.5 5 995
7.5 5 996
7.5 5 997
7.5 5 998
7.5 5 999
!!node 5!!
8 5 0
8 5 1
8 5 2
8 5 3
8 5 4
8 5 5
8 5 6
8 5 7
8 5 8
8 5 9
8 5 10
8 5 11
8 5 12
8 5 13
8 5 14
8 5 15
8 5 16
8 5 17
8 5 18
8 5 19
8 5 20
8 5 21
8 5 22
8 5 23
8 5 24
8 5 25
8 5 26
8 5 27
8 5 28
8 5 29
8 5 30
8 5 31
8 5 32
8 5 33
8 5 34
8 5 35
8 5 36
8 5 37
8 5 38
8 5 39
8 5 40
8 5 41
8 5 42
8 5 43
8 5 44
8 5 45
8 5 46
8 5 47
8 5 48
8 5 49
8 5 50
8 5 51
8 5 52
8 5 53
8 5 54
8 5 55
8 5 56
8 5 57
8 5 58
8 5 59
8 5 60
8 5 61
8 5 62
8 5 63
8 5 64
8 5 65
8 5 66
8 5 67
8 5 68
8 5 69
8 5 70
8 5 71
8 5 72
8 5 73
8 5 74
8 5 75
8 5 76
8 5 77
8 5 78
8 5 79
8 5 80
8 5 81
8 5 82
8 5 83
8 5 84
8 5 85
8 5 86
8 5 87
8 5 88
8 5 89
8 5 90
8 5 91
8 5 92
8 5 93
8 5 94
8 5 95
8 5 96
8 5 97
8 5 98
8 5 99
8 5 100
8 5 101
8 5 102
8 5 103
8 5 104
8 5 105
8 5 106
8 5 107
8 5 108
8 5 109
8 5 110
8 5 111
8 5 112
8 5 113
8 5 114
8 5 115
8 5 116
8 5 117
8 5 118
8 5 119
8 5 120
8 5 121
8 5 122
8 5 123
8 5 124
8 5 125
8 5 126
8 5 127
8 5 128
8 5 129
8 5 130
8 5 131
8 5 132
8 5 133
8 5 134
8 5 135
8 5 136
8 5 137
8 5 138
8 5 139
8 5 140
8 5 141
8 5 142
8 5 143
8 5 144
8 5 145
8 5 146
8 5 147
8 5 148
8 5 149
8 5 150
8 5 151
8 5 152
8 5 153
8 5 154
8 5 155
8 5 156
8 5 157
8 5 158
8 5 159
8 5 160
8 5 161
8 5 162
8 5 163
8 5 164
8 5 165
8 5 166
8 5 167
8 5 168
8 5 169
8 5 170
8 5 171
8 5 172
8 5 173
8 5 174
8 5 175
8 5 176
8 5 177
8 5 178
8 5 179
8 5 180
8 5 181
8 5 182
8 5 183
8 5 184
8 5 185
8 5 186
8 5 187
8 5 188
8 5 189
8 5 190
8 5 191
8 5 192
8 5 193
8 5 194
8 5 195
8 5 196
8 5 197
8 5 198
8 5 199
8 5 200
8 5 201
8 5 202
8 5 203
8 5 204
8 5 205
8 5 206
8 5 207
8 5 208
8 5 209
8 5 210
8 5 211
8 5 212
8 5 213
8 5 214
8 5 215
8 5 216
8 5 217
8 5 218
8 5 219
8 5 220
8 5 221
8 5 222
8 5 223
8 5 224
8 5 225
8 5 226
8 5 227
8 5 228
8 5 229
8 5 230
8 5 231
8 5 232
8 5 233
8 5 234
8 5 235
8 5 236
8 5 237
8 5 238
8 5 239
8 5 240
8 5 241
8 5 242
8 5 243
8 5 244
8 5 245
8 5 246
8 5 247
8 5 248
8 5 249
8 5 250
8 5 251
8 5 252
8 5 253
8 5 254
8 5 255
8 5 256
8 5 257
8 5 258
8 5 259
8 5 260
8 5 261
8 5 262
8 5 263
8 5 264
8 5 265
8 5 266
8 5 267
8 5 268
8 5 269
8 5 270
8 5 271
8 5 272
8 5 273
8 5 274
8 5 275
8 5 276
8 5 277
8 5 278
8 5 279
8 5 280
8 5 281
8 5 282
8 5 283
8 5 284
8 5 285
8 5 286
8 5 287
8 5 288
8 5 289
8 5 290
8 5 291
8 5 292
8 5 293
8 5 294
8 5 295
8 5 296
8 5 297
8 5 298
8 5 299
8 5 300
8 5 301
8 5 302
8 5 303
8 5 304
8 5 305
8 5 306
8 5 307
8 5 308
8 5 309
8 5 310
8 5 311
8 5 312
8 5 313
8 5 314
8 5 315
8 5 316
8 5 317
8 5 318
8 5 319
8 5 320
8 5 321
8 5 322
8 5 323
8 5 324
8 5 325
8 5 326
8 5 327
8 5 328
8 5 329
8 5 330
8 5 331
8 5 332
8 5 333
8 5 334
8 5 335
8 5 336
8 5 337
8 5 338
8 5 339
8 5 340
8 5 341
8 5 342
8 5 343
8 5 344
8 5 345
8 5 346
8 5 347
8 5 348
8 5 349
8 5 350
8 5 351
8 5 352
8 5 353
8 5 354
8 5 355
8 5 356
8 5 357
8 5 358
8 5 359
8 5 360
8 5 361
8 5 362
8 5 363
8 5 364
8 5 365
8 5 366
8 5 367
8 5 368
8 5 369
8 5 370
8 5 371
8 5 372
8 5 373
8 5 374
8 5 375
8 5 376
8 5 377
8 5 378
8 5 379
8 5 380
8 5 381
8 5 382
8 5 383
8 5 384
8 5 385
8 5 386
8 5 387
8 5 388
8 5 389
8 5 390
8 5 391
8 5 392
8 5 393
8 5 394
8 5 395
8 5 396
8 5 397
8 5 398
8 5 399
8 5 400
8 5 401
8 5 402
8 5 403
8 5 404
8 5 405
8 5 406
8 5 407
8 5 408
8 5 409
8 5 410
8 5 411
8 5 412
8 5 413
8 5 414
8 5 415
8 5 416
8 5 417
8 5 418
8 5 419
8 5 420
8 5 421
8 5 422
8 5 423
8 5 424
8 5 425
8 5 426
8 5 427
8 5 428
8 5 429
8 5 430
8 5 431
8 5 432
8 5 433
8 5 434
8 5 435
8 5 436
8 5 437
8 5 438
8 5 439
8 5 440
8 5 441
8 5 442
8 5 443
8 5 444
8 5 445
8 5 446
8 5 447
8 5 448
8 5 449
8 5 450
8 5 451
8 5 452
8 5 453
8 5 454
8 5 455
8 5 456
8 5 457
8 5 458
8 5 459
8 5 460
8 5 461
8 5 462
8 5 463
8 5 464
8 5 465
8 5 466
8 5 467
8 5 468
8 5 469
8 5 470
8 5 471
8 5 472
8 5 473
8 5 474
8 5 475
8 5 476
8 5 477
8 5 478
8 5 479
8 5 480
8 5 481
8 5 482
8 5 483
8 5 484
8 5 485
8 5 486
8 5 487
8 5 488
8 5 489
8 5 490
8 5 491
8 5 492
8 5 493
8 5 494
8 5 495
8 5 496
8 5 497
8 5 498
8 5 499
8 5 500
8 5 501
8 5 502
8 5 503
8 5 504
8 5 505
8 5 506
8 5 507
8 5 508
8 5 509
8 5 510
8 5 511
8 5 512
8 5 513
8 5 514
8 5 515
8 5 516
8 5 517
8 5 518
8 5 519
8 5 520
8 5 521
8 5 522
8 5 523
8 5 524
8 5 525
8 5 526
8 5 527
8 5 528
8 5 529
8 5 530
8 5 531
8 5 532
8 5 533
8 5 534
8 5 535
8 5 536
8 5 537
8 5 538
8 5 539
8 5 540
8 5 541
8 5 542
8 5 543
8 5 544
8 5 545
8 5 546
8 5 547
8 5 548
8 5 549
8 5 550
8 5 551
8 5 552
8 5 553
8 5 554
8 5 555
8 5 556
8 5 557
8 5 558
8 5 559
8 5 560
8 5 561
8 5 562
8 5 563
8 5 564
8 5 565
8 5 566
8 5 567
8 5 568
8 5 569
8 5 570
8 5 571
8 5 572
8 5 573
8 5 574
8 5 575
8 5 576
8 5 577
8 5 578
8 5 579
8 5 580
8 5 581
8 5 582
8 5 583
8 5 584
8 5 585
8 5 586
8 5 587
8 5 588
8 5 589
8 5 590
8 5 591
8 5 592
8 5 593
8 5 594
8 5 595
8 5 596
8 5 597
8 5 598
8 5 599
8 5 600
8 5 601
8 5 602
8 5 603
8 5 604
8 5 605
8 5 606
8 5 607
8 5 608
8 5 609
8 5 610
8 5 611
8 5 612
8 5 613
8 5 614
8 5 615
8 5 616
8 5 617
8 5 618
8 5 619
8 5 620
8 5 621
8 5 622
8 5 623
8 5 624
8 5 625
8 5 626
8 5 627
8 5 628
8 5 629
8 5 630
8 5 631
8 5 632
8 5 633
8 5 634
8 5 635
8 5 636
8 5 637
8 5 638
8 5 639
8 5 640
8 5 641
8 5 642
8 5 643
8 5 644
8 5 645
8 5 646
8 5 647
8 5 648
8 5 649
8 5 650
8 5 651
8 5 652
8 5 653
8 5 654
8 5 655
8 5 656
8 5 657
8 5 658
8 5 659
8 5 660
8 5 661
8 5 662
8 5 663
8 5 664
8 5 665
8 5 666
8 5 667
8 5 668
8 5 669
8 5 670
8 5 671
8 5 672
8 5 673
8 5 674
8 5 675
8 5 676
8 5 677
8 5 678
8 5 679
8 5 680
8 5 681
8 5 682
8 5 683
8 5 684
8 5 685
8 5 686
8 5 687
8 5 688
8 5 689
8 5 690
8 5 691
8 5 692
8 5 693
8 5 694
8 5 695
8 5 696
8 5 697
8 5 698
8 5 699
8 5 700
8 5 701
8 5 702
8 5 703
8 5 704
8 5 705
8 5 706
8 5 707
8 5 708
8 5 709
8 5 710
8 5 711
8 5 712
8 5 713
8 5 714
8 5 715
8 5 716
8 5 717
8 5 718
8 5 719
8 5 720
8 5 721
8 5 722
8 5 723
8 5 724
8 5 725
8 5 726
8 5 727
8 5 728
8 5 729
8 5 730
8 5 731
8 5 732
8 5 733
8 5 734
8 5 735
8 5 736
8 5 737
8 5 738
8 5 739
8 5 740
8 5 741
8 5 742
8 5 743
8 5 744
8 5 745
8 5 746
8 5 747
8 5 748
8 5 749
8 5 750
8 5 751
8 5 752
8 5 753
8 5 754
8 5 755
8 5 756
8 5 757
8 5 758
8 5 759
8 5 760
8 5 761
8 5 762
8 5 763
8 5 764
8 5 765
8 5 766
8 5 767
8 5 768
8 5 769
8 5 770
8 5 771
8 5 772
8 5 773
8 5 774
8 5 775
8 5 776
8 5 777
8 5 778
8 5 779
8 5 780
8 5 781
8 5 782
8 5 783
8 5 784
8 5 785
8 5 786
8 5 787
8 5 788
8 5 789
8 5 790
8 5 791
8 5 792
8 5 793
8 5 794
8 5 795
8 5 796
8 5 797
8 5 798
8 5 799
8 5 800
8 5 801
8 5 802
8 5 803
8 5 804
8 5 805
8 5 806
8 5 807
8 5 808
8 5 809
8 5 810
8 5 811
8 5 812
8 5 813
8 5 814
8 5 815
8 5 816
8 5 817
8 5 818
8 5 819
8 5 820
8 5 821
8 5 822
8 5 823
8 5 824
8 5 825
8 5 826
8 5 827
8 5 828
8 5 829
8 5 830
8 5 831
8 5 832
8 5 833
8 5 834
8 5 835
8 5 836
8 5 837
8 5 838
8 5 839
8 5 840
8 5 841
8 5 842
8 5 843
8 5 844
8 5 845
8 5 846
8 5 847
8 5 848
8 5 849
8 5 850
8 5 851
8 5 852
8 5 853
8 5 854
8 5 855
8 5 856
8 5 857
8 5 858
8 5 859
8 5 860
8 5 861
8 5 862
8 5 863
8 5 864
8 5 865
8 5 866
8 5 867
8 5 868
8 5 869
8 5 870
8 5 871
8 5 872
8 5 873
8 5 874
8 5 875
8 5 876
8 5 877
8 5 878
8 5 879
8 5 880
8 5 881
8 5 882
8 5 883
8 5 884
8 5 885
8 5 886
8 5 887
8 5 888
8 5 889
8 5 890
8 5 891
8 5 892
8 5 893
8 5 894
8 5 895
8 5 896
8 5 897
8 5 898
8 5 899
8 5 900
8 5 901
8 5 902
8 5 903
8 5 904
8 5 905
8 5 906
8 5 907
8 5 908
8 5 909
8 5 910
8 5 911
8 5 912
8 5 913
8 5 914
8 5 915
8 5 916
8 5 917
8 5 918
8 5 919
8 5 920
8 5 921
8 5 922
8 5 923
8 5 924
8 5 925
8 5 926
8 5 927
8 5 928
8 5 929
8 5 930
8 5 931
8 5 932
8 5 933
8 5 934
8 5 935
8 5 936
8 5 937
8 5 938
8 5 939
8 5 940
8 5 941
8 5 942
8 5 943
8 5 944
8 5 945
8 5 946
8 5 947
8 5 948
8 5 949
8 5 950
8 5 951
8 5 952
8 5 953
8 5 954
8 5 955
8 5 956
8 5 957
8 5 958
8 5 959
8 5 960
8 5 961
8 5 962
8 5 963
8 5 964
8 5 965
8 5 966
8 5 967
8 5 968
8 5 969
8 5 970
8 5 971
8 5 972
8 5 973
8 5 974
8 5 975
8 5 976
8 5 977
8 5 978
8 5 979
8 5 980
8 5 981
8 5 982
8 5 983
8 5 984
8 5 985
8 5 986
8 5 987
8 5 988
8 5 989
8 5 990
8 5 991
8 5 992
8 5 993
8 5 994
8 5 995
8 5 996
8 5 997
8 5 998
8 5 999
8.5 5 0
8.5 5 1
8.5 5 2
8.5 5 3
8.5 5 4
8.5 5 5
8.5 5 6
8.5 5 7
8.5 5 8
8.5 5 9
8.5 5 10
8.5 5 11
8.5 5 12
8.5 5 13
8.5 5 14
8.5 5 15
8.5 5 16
8.5 5 17
8.5 5 18
8.5 5 19
8.5 5 20
8.5 5 21
8.5 5 22
8.5 5 23
8.5 5 24
8.5 5 25
8.5 5 26
8.5 5 27
8.5 5 28
8.5 5 29
8.5 5 30
8.5 5 31
8.5 5 32
8.5 5 33
8.5 5 34
8.5 5 35
8.5 5 36
8.5 5 37
8.5 5 38
8.5 5 39
8.5 5 40
8.5 5 41
8.5 5 42
8.5 5 43
8.5 5 44
8.5 5 45
8.5 5 46
8.5 5 47
8.5 5 48
8.5 5 49
8.5 5 50
8.5 5 51
8.5 5 52
8.5 5 53
8.5 5 54
8.5 5 55
8.5 5 56
8.5 5 57
8.5 5 58
8.5 5 59
8.5 5 60
8.5 5 61
8.5 5 62
8.5 5 63
8.5 5 64
8.5 5 65
8.5 5 66
8.5 5 67
8.5 5 68
8.5 5 69
8.5 5 70
8.5 5 71
8.5 5 72
8.5 5 73
8.5 5 74
8.5 5 75
8.5 5 76
8.5 5 77
8.5 5 78
8.5 5 79
8.5 5 80
8.5 5 81
8.5 5 82
8.5 5 83
8.5 5 84
8.5 5 85
8.5 5 86
8.5 5 87
8.5 5 88
8.5 5 89
8.5 5 90
8.5 5 91
8.5 5 92
8.5 5 93
8.5 5 94
8.5 5 95
8.5 5 96
8.5 5 97
8.5 5 98
8.5 5 99
8.5 5 100
8.5 5 101
8.5 5 102
8.5 5 103
8.5 5 104
8.5 5 105
8.5 5 106
8.5 5 107
8.5 5 108
8.5 5 109
8.5 5 110
8.5 5 111
8.5 5 112
8.5 5 113
8.5 5 114
8.5 5 115
8.5 5 116
8.5 5 117
8.5 5 118
8.5 5 119
8.5 5 120
8.5 5 121
8.5 5 122
8.5 5 123
8.5 5 124
8.5 5 125
8.5 5 126
8.5 5 127
8.5 5 128
8.5 5 129
8.5 5 130
8.5 5 131
8.5 5 132
8.5 5 133
8.5 5 134
8.5 5 135
8.5 5 136
8.5 5 137
8.5 5 138
8.5 5 139
8.5 5 140
8.5 5 141
8.5 5 142
8.5 5 143
8.5 5 144
8.5 5 145
8.5 5 146
8.5 5 147
8.5 5 148
8.5 5 149
8.5 5 150
8.5 5 151
8.5 5 152
8.5 5 153
8.5 5 154
8.5 5 155
8.5 5 156
8.5 5 157
8.5 5 158
8.5 5 159
8.5 5 160
8.5 5 161
8.5 5 162
8.5 5 163
8.5 5 164
8.5 5 165
8.5 5 166
8.5 5 167
8.5 5 168
8.5 5 169
8.5 5 170
8.5 5 171
8.5 5 172
8.5 5 173
8.5 5 174
8.5 5 175
8.5 5 176
8.5 5 177
8.5 5 178
8.5 5 179
8.5 5 180
8.5 5 181
8.5 5 182
8.5 5 183
8.5 5 184
8.5 5 185
8.5 5 186
8.5 5 187
8.5 5 188
8.5 5 189
8.5 5 190
8.5 5 191
8.5 5 192
8.5 5 193
8.5 5 194
8.5 5 195
8.5 5 196
8.5 5 197
8.5 5 198
8.5 5 199
!!node 6!!
8.5 5 200
8.5 5 201
8.5 5 202
8.5 5 203
8.5 5 204
8.5 5 205
8.5 5 206
8.5 5 207
8.5 5 208
8.5 5 209
8.5 5 210
8.5 5 211
8.5 5 212
8.5 5 213
8.5 5 214
8.5 5 215
8.5 5 216
8.5 5 217
8.5 5 218
8.5 5 219
8.5 5 220
8.5 5 221
8.5 5 222
8.5 5 223
8.5 5 224
8.5 5 225
8.5 5 226
8.5 5 227
8.5 5 228
8.5 5 229
8.5 5 230
8.5 5 231
8.5 5 232
8.5 5 233
8.5 5 234
8.5 5 235
8.5 5 236
8.5 5 237
8.5 5 238
8.5 5 239
8.5 5 240
8.5 5 241
8.5 5 242
8.5 5 243
8.5 5 244
8.5 5 245
8.5 5 246
8.5 5 247
8.5 5 248
8.5 5 249
8.5 5 250
8.5 5 251
8.5 5 252
8.5 5 253
8.5 5 254
8.5 5 255
8.5 5 256
8.5 5 257
8.5 5 258
8.5 5 259
8.5 5 260
8.5 5 261
8.5 5 262
8.5 5 263
8.5 5 264
8.5 5 265
8.5 5 266
8.5 5 267
8.5 5 268
8.5 5 269
8.5 5 270
8.5 5 271
8.5 5 272
8.5 5 273
8.5 5 274
8.5 5 275
8.5 5 276
8.5 5 277
8.5 5 278
8.5 5 279
8.5 5 280
8.5 5 281
8.5 5 282
8.5 5 283
8.5 5 284
8.5 5 285
8.5 5 286
8.5 5 287
8.5 5 288
8.5 5 289
8.5 5 290
8.5 5 291
8.5 5 292
8.5 5 293
8.5 5 294
8.5 5 295
8.5 5 296
8.5 5 297
8.5 5 298
8.5 5 299
8.5 5 300
8.5 5 301
8.5 5 302
8.5 5 303
8.5 5 304
8.5 5 305
8.5 5 306
8.5 5 307
8.5 5 308
8.5 5 309
8.5 5 310
8.5 5 311
8.5 5 312
8.5 5 313
8.5 5 314
8.5 5 315
8.5 5 316
8.5 5 317
8.5 5 318
8.5 5 319
8.5 5 320
8.5 5 321
8.5 5 322
8.5 5 323
8.5 5 324
8.5 5 325
8.5 5 326
8.5 5 327
8.5 5 328
8.5 5 329
8.5 5 330
8.5 5 331
8.5 5 332
8.5 5 333
8.5 5 334
8.5 5 335
8.5 5 336
8.5 5 337
8.5 5 338
8.5 5 339
8.5 5 340
8.5 5 341
8.5 5 342
8.5 5 343
8.5 5 344
8.5 5 345
8.5 5 346
8.5 5 347
8.5 5 348
8.5 5 349
8.5 5 350
8.5 5 351
8.5 5 352
8.5 5 353
8.5 5 354
8.5 5 355
8.5 5 356
8.5 5 357
8.5 5 358
8.5 5 359
8.5 5 360
8.5 5 361
8.5 5 362
8.5 5 363
8.5 5 364
8.5 5 365
8.5 5 366
8.5 5 367
8.5 5 368
8.5 5 369
8.5 5 370
8.5 5 371
8.5 5 372
8.5 5 373
8.5 5 374
8.5 5 375
8.5 5 376
8.5 5 377
8.5 5 378
8.5 5 379
8.5 5 380
8.5 5 381
8.5 5 382
8.5 5 383
8.5 5 384
8.5 5 385
8.5 5 386
8.5 5 387
8.5 5 388
8.5 5 389
8.5 5 390
8.5 5 391
8.5 5 392
8.5 5 393
8.5 5 394
8.5 5 395
8.5 5 396
8.5 5 397
8.5 5 398
8.5 5 399
8.5 5 400
8.5 5 401
8.5 5 402
8.5 5 403
8.5 5 404
8.5 5 405
8.5 5 406
8.5 5 407
8.5 5 408
8.5 5 409
8.5 5 410
8.5 5 411
8.5 5 412
8.5 5 413
8.5 5 414
8.5 5 415
8.5 5 416
8.5 5 417
8.5 5 418
8.5 5 419
8.5 5 420
8.5 5 421
8.5 5 422
8.5 5 423
8.5 5 424
8.5 5 425
8.5 5 426
8.5 5 427
8.5 5 428
8.5 5 429
8.5 5 430
8.5 5 431
8.5 5 432
8.5 5 433
8.5 5 434
8.5 5 435
8.5 5 436
8.5 5 437
8.5 5 438
8.5 5 439
8.5 5 440
8.5 5 441
8.5 5 442
8.5 5 443
8.5 5 444
8.5 5 445
8.5 5 446
8.5 5 447
8.5 5 448
8.5 5 449
8.5 5 450
8.5 5 451
8.5 5 452
8.5 5 453
8.5 5 454
8.5 5 455
8.5 5 456
8.5 5 457
8.5 5 458
8.5 5 459
8.5 5 460
8.5 5 461
8.5 5 462
8.5 5 463
8.5 5 464
8.5 5 465
8.5 5 466
8.5 5 467
8.5 5 468
8.5 5 469
8.5 5 470
8.5 5 471
8.5 5 472
8.5 5 473
8.5 5 474
8.5 5 475
8.5 5 476
8.5 5 477
8.5 5 478
8.5 5 479
8.5 5 480
8.5 5 481
8.5 5 482
8.5 5 483
8.5 5 484
8.5 5 485
8.5 5 486
8.5 5 487
8.5 5 488
8.5 5 489
8.5 5 490
8.5 5 491
8.5 5 492
8.5 5 493
8.5 5 494
8.5 5 495
8.5 5 496
8.5 5 497
8.5 5 498
8.5 5 499
8.5 5 500
8.5 5 501
8.5 5 502
8.5 5 503
8.5 5 504
8.5 5 505
8.5 5 506
8.5 5 507
8.5 5 508
8.5 5 509
8.5 5 510
8.5 5 511
8.5 5 512
8.5 5 513
8.5 5 514
8.5 5 515
8.5 5 516
8.5 5 517
8.5 5 518
8.5 5 519
8.5 5 520
8.5 5 521
8.5 5 522
8.5 5 523
8.5 5 524
8.5 5 525
8.5 5 526
8.5 5 527
8.5 5 528
8.5 5 529
8.5 5 530
8.5 5 531
8.5 5 532
8.5 5 533
8.5 5 534
8.5 5 535
8.5 5 536
8.5 5 537
8.5 5 538
8.5 5 539
8.5 5 540
8.5 5 541
8.5 5 542
8.5 5 543
8.5 5 544
8.5 5 545
8.5 5 546
8.5 5 547
8.5 5 548
8.5 5 549
8.5 5 550
8.5 5 551
8.5 5 552
8.5 5 553
8.5 5 554
8.5 5 555
8.5 5 556
8.5 5 557
8.5 5 558
8.5 5 559
8.5 5 560
8.5 5 561
8.5 5 562
8.5 5 563
8.5 5 564
8.5 5 565
8.5 5 566
8.5 5 567
8.5 5 568
8.5 5 569
8.5 5 570
8.5 5 571
8.5 5 572
8.5 5 573
8.5 5 574
8.5 5 575
8.5 5 576
8.5 5 577
8.5 5 578
8.5 5 579
8.5 5 580
8.5 5 581
8.5 5 582
8.5 5 583
8.5 5 584
8.5 5 585
8.5 5 586
8.5 5 587
8.5 5 588
8.5 5 589
8.5 5 590
8.5 5 591
8.5 5 592
8.5 5 593
8.5 5 594
8.5 5 595
8.5 5 596
8.5 5 597
8.5 5 598
8.5 5 599
8.5 5 600
8.5 5 601
8.5 5 602
8.5 5 603
8.5 5 604
8.5 5 605
8.5 5 606
8.5 5 607
8.5 5 608
8.5 5 609
8.5 5 610
8.5 5 611
8.5 5 612
8.5 5 613
8.5 5 614
8.5 5 615
8.5 5 616
8.5 5 617
8.5 5 618
8.5 5 619
8.5 5 620
8.5 5 621
8.5 5 622
8.5 5 623
8.5 5 624
8.5 5 625
8.5 5 626
8.5 5 627
8.5 5 628
8.5 5 629
8.5 5 630
8.5 5 631
8.5 5 632
8.5 5 633
8.5 5 634
8.5 5 635
8.5 5 636
8.5 5 637
8.5 5 638
8.5 5 639
8.5 5 640
8.5 5 641
8.5 5 642
8.5 5 643
8.5 5 644
8.5 5 645
8.5 5 646
8.5 5 647
8.5 5 648
8.5 5 649
8.5 5 650
8.5 5 651
8.5 5 652
8.5 5 653
8.5 5 654
8.5 5 655
8.5 5 656
8.5 5 657
8.5 5 658
8.5 5 659
8.5 5 660
8.5 5 661
8.5 5 662
8.5 5 663
8.5 5 664
8.5 5 665
8.5 5 666
8.5 5 667
8.5 5 668
8.5 5 669
8.5 5 670
8.5 5 671
8.5 5 672
8.5 5 673
8.5 5 674
8.5 5 675
8.5 5 676
8.5 5 677
8.5 5 678
8.5 5 679
8.5 5 680
8.5 5 681
8.5 5 682
8.5 5 683
8.5 5 684
8.5 5 685
8.5 5 686
8.5 5 687
8.5 5 688
8.5 5 689
8.5 5 690
8.5 5 691
8.5 5 692
8.5 5 693
8.5 5 694
8.5 5 695
8.5 5 696
8.5 5 697
8.5 5 698
8.5 5 699
8.5 5 700
8.5 5 701
8.5 5 702
8.5 5 703
8.5 5 704
8.5 5 705
8.5 5 706
8.5 5 707
8.5 5 708
8.5 5 709
8.5 5 710
8.5 5 711
8.5 5 712
8.5 5 713
8.5 5 714
8.5 5 715
8.5 5 716
8.5 5 717
8.5 5 718
8.5 5 719
8.5 5 720
8.5 5 721
8.5 5 722
8.5 5 723
8.5 5 724
8.5 5 725
8.5 5 726
8.5 5 727
8.5 5 728
8.5 5 729
8.5 5 730
8.5 5 731
8.5 5 732
8.5 5 733
8.5 5 734
8.5 5 735
8.5 5 736
8.5 5 737
8.5 5 738
8.5 5 739
8.5 5 740
8.5 5 741
8.5 5 742
8.5 5 743
8.5 5 744
8.5 5 745
8.5 5 746
8.5 5 747
8.5 5 748
8.5 5 749
8.5 5 750
8.5 5 751
8.5 5 752
8.5 5 753
8.5 5 754
8.5 5 755
8.5 5 756
8.5 5 757
8.5 5 758
8.5 5 759
8.5 5 760
8.5 5 761
8.5 5 762
8.5 5 763
8.5 5 764
8.5 5 765
8.5 5 766
8.5 5 767
8.5 5 768
8.5 5 769
8.5 5 770
8.5 5 771
8.5 5 772
8.5 5 773
8.5 5 774
8.5 5 775
8.5 5 776
8.5 5 777
8.5 5 778
8.5 5 779
8.5 5 780
8.5 5 781
8.5 5 782
8.5 5 783
8.5 5 784
8.5 5 785
8.5 5 786
8.5 5 787
8.5 5 788
8.5 5 789
8.5 5 790
8.5 5 791
8.5 5 792
8.5 5 793
8.5 5 794
8.5 5 795
8.5 5 796
8.5 5 797
8.5 5 798
8.5 5 799
8.5 5 800
8.5 5 801
8.5 5 802
8.5 5 803
8.5 5 804
8.5 5 805
8.5 5 806
8.5 5 807
8.5 5 808
8.5 5 809
8.5 5 810
8.5 5 811
8.5 5 812
8.5 5 813
8.5 5 814
8.5 5 815
8.5 5 816
8.5 5 817
8.5 5 818
8.5 5 819
8.5 5 820
8.5 5 821
8.5 5 822
8.5 5 823
8.5 5 824
8.5 5 825
8.5 5 826
8.5 5 827
8.5 5 828
8.5 5 829
8.5 5 830
8.5 5 831
8.5 5 832
8.5 5 833
8.5 5 834
8.5 5 835
8.5 5 836
8.5 5 837
8.5 5 838
8.5 5 839
8.5 5 840
8.5 5 841
8.5 5 842
8.5 5 843
8.5 5 844
8.5 5 845
8.5 5 846
8.5 5 847
8.5 5 848
8.5 5 849
8.5 5 850
8.5 5 851
8.5 5 852
8.5 5 853
8.5 5 854
8.5 5 855
8.5 5 856
8.5 5 857
8.5 5 858
8.5 5 859
8.5 5 860
8.5 5 861
8.5 5 862
8.5 5 863
8.5 5 864
8.5 5 865
8.5 5 866
8.5 5 867
8.5 5 868
8.5 5 869
8.5 5 870
8.5 5 871
8.5 5 872
8.5 5 873
8.5 5 874
8.5 5 875
8.5 5 876
8.5 5 877
8.5 5 878
8.5 5 879
8.5 5 880
8.5 5 881
8.5 5 882
8.5 5 883
8.5 5 884
8.5 5 885
8.5 5 886
8.5 5 887
8.5 5 888
8.5 5 889
8.5 5 890
8.5 5 891
8.5 5 892
8.5 5 893
8.5 5 894
8.5 5 895
8.5 5 896
8.5 5 897
8.5 5 898
8.5 5 899
8.5 5 900
8.5 5 901
8.5 5 902
8.5 5 903
8.5 5 904
8.5 5 905
8.5 5 906
8.5 5 907
8.5 5 908
8.5 5 909
8.5 5 910
8.5 5 911
8.5 5 912
8.5 5 913
8.5 5 914
8.5 5 915
8.5 5 916
8.5 5 917
8.5 5 918
8.5 5 919
8.5 5 920
8.5 5 921
8.5 5 922
8.5 5 923
8.5 5 924
8.5 5 925
8.5 5 926
8.5 5 927
8.5 5 928
8.5 5 929
8.5 5 930
8.5 5 931
8.5 5 932
8.5 5 933
8.5 5 934
8.5 5 935
8.5 5 936
8.5 5 937
8.5 5 938
8.5 5 939
8.5 5 940
8.5 5 941
8.5 5 942
8.5 5 943
8.5 5 944
8.5 5 945
8.5 5 946
8.5 5 947
8.5 5 948
8.5 5 949
8.5 5 950
8.5 5 951
8.5 5 952
8.5 5 953
8.5 5 954
8.5 5 955
8.5 5 956
8.5 5 957
8.5 5 958
8.5 5 959
8.5 5 960
8.5 5 961
8.5 5 962
8.5 5 963
8.5 5 964
8.5 5 965
8.5 5 966
8.5 5 967
8.5 5 968
8.5 5 969
8.5 5 970
8.5 5 971
8.5 5 972
8.5 5 973
8.5 5 974
8.5 5 975
8.5 5 976
8.5 5 977
8.5 5 978
8.5 5 979
8.5 5 980
8.5 5 981
8.5 5 982
8.5 5 983
8.5 5 984
8.5 5 985
8.5 5 986
8.5 5 987
8.5 5 988
8.5 5 989
8.5 5 990
8.5 5 991
8.5 5 992
8.5 5 993
8.5 5 994
8.5 5 995
8.5 5 996
8.5 5 997
8.5 5 998
8.5 5 999
9 5 0
9 5 1
9 5 2
9 5 3
9 5 4
9 5 5
9 5 6
9 5 7
9 5 8
9 5 9
9 5 10
9 5 11
9 5 12
9 5 13
9 5 14
9 5 15
9 5 16
9 5 17
9 5 18
9 5 19
9 5 20
9 5 21
9 5 22
9 5 23
9 5 24
9 5 25
9 5 26
9 5 27
9 5 28
9 5 29
9 5 30
9 5 31
9 5 32
9 5 33
9 5 34
9 5 35
9 5 36
9 5 37
9 5 38
9 5 39
9 5 40
9 5 41
9 5 42
9 5 43
9 5 44
9 5 45
9 5 46
9 5 47
9 5 48
9 5 49
9 5 50
9 5 51
9 5 52
9 5 53
9 5 54
9 5 55
9 5 56
9 5 57
9 5 58
9 5 59
9 5 60
9 5 61
9 5 62
9 5 63
9 5 64
9 5 65
9 5 66
9 5 67
9 5 68
9 5 69
9 5 70
9 5 71
9 5 72
9 5 73
9 5 74
9 5 75
9 5 76
9 5 77
9 5 78
9 5 79
9 5 80
9 5 81
9 5 82
9 5 83
9 5 84
9 5 85
9 5 86
9 5 87
9 5 88
9 5 89
9 5 90
9 5 91
9 5 92
9 5 93
9 5 94
9 5 95
9 5 96
9 5 97
9 5 98
9 5 99
9 5 100
9 5 101
9 5 102
9 5 103
9 5 104
9 5 105
9 5 106
9 5 107
9 5 108
9 5 109
9 5 110
9 5 111
9 5 112
9 5 113
9 5 114
9 5 115
9 5 116
9 5 117
9 5 118
9 5 119
9 5 120
9 5 121
9 5 122
9 5 123
9 5 124
9 5 125
9 5 126
9 5 127
9 5 128
9 5 129
9 5 130
9 5 131
9 5 132
9 5 133
9 5 134
9 5 135
9 5 136
9 5 137
9 5 138
9 5 139
9 5 140
9 5 141
9 5 142
9 5 143
9 5 144
9 5 145
9 5 146
9 5 147
9 5 148
9 5 149
9 5 150
9 5 151
9 5 152
9 5 153
9 5 154
9 5 155
9 5 156
9 5 157
9 5 158
9 5 159
9 5 160
9 5 161
9 5 162
9 5 163
9 5 164
9 5 165
9 5 166
9 5 167
9 5 168
9 5 169
9 5 170
9 5 171
9 5 172
9 5 173
9 5 174
9 5 175
9 5 176
9 5 177
9 5 178
9 5 179
9 5 180
9 5 181
9 5 182
9 5 183
9 5 184
9 5 185
9 5 186
9 5 187
9 5 188
9 5 189
9 5 190
9 5 191
9 5 192
9 5 193
9 5 194
9 5 195
9 5 196
9 5 197
9 5 198
9 5 199
9 5 200
9 5 201
9 5 202
9 5 203
9 5 204
9 5 205
9 5 206
9 5 207
9 5 208
9 5 209
9 5 210
9 5 211
9 5 212
9 5 213
9 5 214
9 5 215
9 5 216
9 5 217
9 5 218
9 5 219
9 5 220
9 5 221
9 5 222
9 5 223
9 5 224
9 5 225
9 5 226
9 5 227
9 5 228
9 5 229
9 5 230
9 5 231
9 5 232
9 5 233
9 5 234
9 5 235
9 5 236
9 5 237
9 5 238
9 5 239
9 5 240
9 5 241
9 5 242
9 5 243
9 5 244
9 5 245
9 5 246
9 5 247
9 5 248
9 5 249
9 5 250
9 5 251
9 5 252
9 5 253
9 5 254
9 5 255
9 5 256
9 5 257
9 5 258
9 5 259
9 5 260
9 5 261
9 5 262
9 5 263
9 5 264
9 5 265
9 5 266
9 5 267
9 5 268
9 5 269
9 5 270
9 5 271
9 5 272
9 5 273
9 5 274
9 5 275
9 5 276
9 5 277
9 5 278
9 5 279
9 5 280
9 5 281
9 5 282
9 5 283
9 5 284
9 5 285
9 5 286
9 5 287
9 5 288
9 5 289
9 5 290
9 5 291
9 5 292
9 5 293
9 5 294
9 5 295
9 5 296
9 5 297
9 5 298
9 5 299
9 5 300
9 5 301
9 5 302
9 5 303
9 5 304
9 5 305
9 5 306
9 5 307
9 5 308
9 5 309
9 5 310
9 5 311
9 5 312
9 5 313
9 5 314
9 5 315
9 5 316
9 5 317
9 5 318
9 5 319
9 5 320
9 5 321
9 5 322
9 5 323
9 5 324
9 5 325
9 5 326
9 5 327
9 5 328
9 5 329
9 5 330
9 5 331
9 5 332
9 5 333
9 5 334
9 5 335
9 5 336
9 5 337
9 5 338
9 5 339
9 5 340
9 5 341
9 5 342
9 5 343
9 5 344
9 5 345
9 5 346
9 5 347
9 5 348
9 5 349
9 5 350
9 5 351
9 5 352
9 5 353
9 5 354
9 5 355
9 5 356
9 5 357
9 5 358
9 5 359
9 5 360
9 5 361
9 5 362
9 5 363
9 5 364
9 5 365
9 5 366
9 5 367
9 5 368
9 5 369
9 5 370
9 5 371
9 5 372
9 5 373
9 5 374
9 5 375
9 5 376
9 5 377
9 5 378
9 5 379
9 5 380
9 5 381
9 5 382
9 5 383
9 5 384
9 5 385
9 5 386
9 5 387
9 5 388
9 5 389
9 5 390
9 5 391
9 5 392
9 5 393
9 5 394
9 5 395
9 5 396
9 5 397
9 5 398
9 5 399
!!node 7!!
9 5 400
9 5 401
9 5 402
9 5 403
9 5 404
9 5 405
9 5 406
9 5 407
9 5 408
9 5 409
9 5 410
9 5 411
9 5 412
9 5 413
9 5 414
9 5 415
9 5 416
9 5 417
9 5 418
9 5 419
9 5 420
9 5 421
9 5 422
9 5 423
9 5 424
9 5 425
9 5 426
9 5 427
9 5 428
9 5 429
9 5 430
9 5 431
9 5 432
9 5 433
9 5 434
9 5 435
9 5 436
9 5 437
9 5 438
9 5 439
9 5 440
9 5 441
9 5 442
9 5 443
9 5 444
9 5 445
9 5 446
9 5 447
9 5 448
9 5 449
9 5 450
9 5 451
9 5 452
9 5 453
9 5 454
9 5 455
9 5 456
9 5 457
9 5 458
9 5 459
9 5 460
9 5 461
9 5 462
9 5 463
9 5 464
9 5 465
9 5 466
9 5 467
9 5 468
9 5 469
9 5 470
9 5 471
9 5 472
9 5 473
9 5 474
9 5 475
9 5 476
9 5 477
9 5 478
9 5 479
9 5 480
9 5 481
9 5 482
9 5 483
9 5 484
9 5 485
9 5 486
9 5 487
9 5 488
9 5 489
9 5 490
9 5 491
9 5 492
9 5 493
9 5 494
9 5 495
9 5 496
9 5 497
9 5 498
9 5 499
9 5 500
9 5 501
9 5 502
9 5 503
9 5 504
9 5 505
9 5 506
9 5 507
9 5 508
9 5 509
9 5 510
9 5 511
9 5 512
9 5 513
9 5 514
9 5 515
9 5 516
9 5 517
9 5 518
9 5 519
9 5 520
9 5 521
9 5 522
9 5 523
9 5 524
9 5 525
9 5 526
9 5 527
9 5 528
9 5 529
9 5 530
9 5 531
9 5 532
9 5 533
9 5 534
9 5 535
9 5 536
9 5 537
9 5 538
9 5 539
9 5 540
9 5 541
9 5 542
9 5 543
9 5 544
9 5 545
9 5 546
9 5 547
9 5 548
9 5 549
9 5 550
9 5 551
9 5 552
9 5 553
9 5 554
9 5 555
9 5 556
9 5 557
9 5 558
9 5 559
9 5 560
9 5 561
9 5 562
9 5 563
9 5 564
9 5 565
9 5 566
9 5 567
9 5 568
9 5 569
9 5 570
9 5 571
9 5 572
9 5 573
9 5 574
9 5 575
9 5 576
9 5 577
9 5 578
9 5 579
9 5 580
9 5 581
9 5 582
9 5 583
9 5 584
9 5 585
9 5 586
9 5 587
9 5 588
9 5 589
9 5 590
9 5 591
9 5 592
9 5 593
9 5 594
9 5 595
9 5 596
9 5 597
9 5 598
9 5 599
9 5 600
9 5 601
9 5 602
9 5 603
9 5 604
9 5 605
9 5 606
9 5 607
9 5 608
9 5 609
9 5 610
9 5 611
9 5 612
9 5 613
9 5 614
9 5 615
9 5 616
9 5 617
9 5 618
9 5 619
9 5 620
9 5 621
9 5 622
9 5 623
9 5 624
9 5 625
9 5 626
9 5 627
9 5 628
9 5 629
9 5 630
9 5 631
9 5 632
9 5 633
9 5 634
9 5 635
9 5 636
9 5 637
9 5 638
9 5 639
9 5 640
9 5 641
9 5 642
9 5 643
9 5 644
9 5 645
9 5 646
9 5 647
9 5 648
9 5 649
9 5 650
9 5 651
9 5 652
9 5 653
9 5 654
9 5 655
9 5 656
9 5 657
9 5 658
9 5 659
9 5 660
9 5 661
9 5 662
9 5 663
9 5 664
9 5 665
9 5 666
9 5 667
9 5 668
9 5 669
9 5 670
9 5 671
9 5 672
9 5 673
9 5 674
9 5 675
9 5 676
9 5 677
9 5 678
9 5 679
9 5 680
9 5 681
9 5 682
9 5 683
9 5 684
9 5 685
9 5 686
9 5 687
9 5 688
9 5 689
9 5 690
9 5 691
9 5 692
9 5 693
9 5 694
9 5 695
9 5 696
9 5 697
9 5 698
9 5 699
9 5 700
9 5 701
9 5 702
9 5 703
9 5 704
9 5 705
9 5 706
9 5 707
9 5 708
9 5 709
9 5 710
9 5 711
9 5 712
9 5 713
9 5 714
9 5 715
9 5 716
9 5 717
9 5 718
9 5 719
9 5 720
9 5 721
9 5 722
9 5 723
9 5 724
9 5 725
9 5 726
9 5 727
9 5 728
9 5 729
9 5 730
9 5 731
9 5 732
9 5 733
9 5 734
9 5 735
9 5 736
9 5 737
9 5 738
9 5 739
9 5 740
9 5 741
9 5 742
9 5 743
9 5 744
9 5 745
9 5 746
9 5 747
9 5 748
9 5 749
9 5 750
9 5 751
9 5 752
9 5 753
9 5 754
9 5 755
9 5 756
9 5 757
9 5 758
9 5 759
9 5 760
9 5 761
9 5 762
9 5 763
9 5 764
9 5 765
9 5 766
9 5 767
9 5 768
9 5 769
9 5 770
9 5 771
9 5 772
9 5 773
9 5 774
9 5 775
9 5 776
9 5 777
9 5 778
9 5 779
9 5 780
9 5 781
9 5 782
9 5 783
9 5 784
9 5 785
9 5 786
9 5 787
9 5 788
9 5 789
9 5 790
9 5 791
9 5 792
9 5 793
9 5 794
9 5 795
9 5 796
9 5 797
9 5 798
9 5 799
9 5 800
9 5 801
9 5 802
9 5 803
9 5 804
9 5 805
9 5 806
9 5 807
9 5 808
9 5 809
9 5 810
9 5 811
9 5 812
9 5 813
9 5 814
9 5 815
9 5 816
9 5 817
9 5 818
9 5 819
9 5 820
9 5 821
9 5 822
9 5 823
9 5 824
9 5 825
9 5 826
9 5 827
9 5 828
9 5 829
9 5 830
9 5 831
9 5 832
9 5 833
9 5 834
9 5 835
9 5 836
9 5 837
9 5 838
9 5 839
9 5 840
9 5 841
9 5 842
9 5 843
9 5 844
9 5 845
9 5 846
9 5 847
9 5 848
9 5 849
9 5 850
9 5 851
9 5 852
9 5 853
9 5 854
9 5 855
9 5 856
9 5 857
9 5 858
9 5 859
9 5 860
9 5 861
9 5 862
9 5 863
9 5 864
9 5 865
9 5 866
9 5 867
9 5 868
9 5 869
9 5 870
9 5 871
9 5 872
9 5 873
9 5 874
9 5 875
9 5 876
9 5 877
9 5 878
9 5 879
9 5 880
9 5 881
9 5 882
9 5 883
9 5 884
9 5 885
9 5 886
9 5 887
9 5 888
9 5 889
9 5 890
9 5 891
9 5 892
9 5 893
9 5 894
9 5 895
9 5 896
9 5 897
9 5 898
9 5 899
9 5 900
9 5 901
9 5 902
9 5 903
9 5 904
9 5 905
9 5 906
9 5 907
9 5 908
9 5 909
9 5 910
9 5 911
9 5 912
9 5 913
9 5 914
9 5 915
9 5 916
9 5 917
9 5 918
9 5 919
9 5 920
9 5 921
9 5 922
9 5 923
9 5 924
9 5 925
9 5 926
9 5 927
9 5 928
9 5 929
9 5 930
9 5 931
9 5 932
9 5 933
9 5 934
9 5 935
9 5 936
9 5 937
9 5 938
9 5 939
9 5 940
9 5 941
9 5 942
9 5 943
9 5 944
9 5 945
9 5 946
9 5 947
9 5 948
9 5 949
9 5 950
9 5 951
9 5 952
9 5 953
9 5 954
9 5 955
9 5 956
9 5 957
9 5 958
9 5 959
9 5 960
9 5 961
9 5 962
9 5 963
9 5 964
9 5 965
9 5 966
9 5 967
9 5 968
9 5 969
9 5 970
9 5 971
9 5 972
9 5 973
9 5 974
9 5 975
9 5 976
9 5 977
9 5 978
9 5 979
9 5 980
9 5 981
9 5 982
9 5 983
9 5 984
9 5 985
9 5 986
9 5 987
9 5 988
9 5 989
9 5 990
9 5 991
9 5 992
9 5 993
9 5 994
9 5 995
9 5 996
9 5 997
9 5 998
9 5 999
9.5 5 0
9.5 5 1
9.5 5 2
9.5 5 3
9.5 5 4
9.5 5 5
9.5 5 6
9.5 5 7
9.5 5 8
9.5 5 9
9.5 5 10
9.5 5 11
9.5 5 12
9.5 5 13
9.5 5 14
9.5 5 15
9.5 5 16
9.5 5 17
9.5 5 18
9.5 5 19
9.5 5 20
9.5 5 21
9.5 5 22
9.5 5 23
9.5 5 24
9.5 5 25
9.5 5 26
9.5 5 27
9.5 5 28
9.5 5 29
9.5 5 30
9.5 5 31
9.5 5 32
9.5 5 33
9.5 5 34
9.5 5 35
9.5 5 36
9.5 5 37
9.5 5 38
9.5 5 39
9.5 5 40
9.5 5 41
9.5 5 42
9.5 5 43
9.5 5 44
9.5 5 45
9.5 5 46
9.5 5 47
9.5 5 48
9.5 5 49
9.5 5 50
9.5 5 51
9.5 5 52
9.5 5 53
9.5 5 54
9.5 5 55
9.5 5 56
9.5 5 57
9.5 5 58
9.5 5 59
9.5 5 60
9.5 5 61
9.5 5 62
9.5 5 63
9.5 5 64
9.5 5 65
9.5 5 66
9.5 5 67
9.5 5 68
9.5 5 69
9.5 5 70
9.5 5 71
9.5 5 72
9.5 5 73
9.5 5 74
9.5 5 75
9.5 5 76
9.5 5 77
9.5 5 78
9.5 5 79
9.5 5 80
9.5 5 81
9.5 5 82
9.5 5 83
9.5 5 84
9.5 5 85
9.5 5 86
9.5 5 87
9.5 5 88
9.5 5 89
9.5 5 90
9.5 5 91
9.5 5 92
9.5 5 93
9.5 5 94
9.5 5 95
9.5 5 96
9.5 5 97
9.5 5 98
9.5 5 99
9.5 5 100
9.5 5 101
9.5 5 102
9.5 5 103
9.5 5 104
9.5 5 105
9.5 5 106
9.5 5 107
9.5 5 108
9.5 5 109
9.5 5 110
9.5 5 111
9.5 5 112
9.5 5 113
9.5 5 114
9.5 5 115
9.5 5 116
9.5 5 117
9.5 5 118
9.5 5 119
9.5 5 120
9.5 5 121
9.5 5 122
9.5 5 123
9.5 5 124
9.5 5 125
9.5 5 126
9.5 5 127
9.5 5 128
9.5 5 129
9.5 5 130
9.5 5 131
9.5 5 132
9.5 5 133
9.5 5 134
9.5 5 135
9.5 5 136
9.5 5 137
9.5 5 138
9.5 5 139
9.5 5 140
9.5 5 141
9.5 5 142
9.5 5 143
9.5 5 144
9.5 5 145
9.5 5 146
9.5 5 147
9.5 5 148
9.5 5 149
9.5 5 150
9.5 5 151
9.5 5 152
9.5 5 153
9.5 5 154
9.5 5 155
9.5 5 156
9.5 5 157
9.5 5 158
9.5 5 159
9.5 5 160
9.5 5 161
9.5 5 162
9.5 5 163
9.5 5 164
9.5 5 165
9.5 5 166
9.5 5 167
9.5 5 168
9.5 5 169
9.5 5 170
9.5 5 171
9.5 5 172
9.5 5 173
9.5 5 174
9.5 5 175
9.5 5 176
9.5 5 177
9.5 5 178
9.5 5 179
9.5 5 180
9.5 5 181
9.5 5 182
9.5 5 183
9.5 5 184
9.5 5 185
9.5 5 186
9.5 5 187
9.5 5 188
9.5 5 189
9.5 5 190
9.5 5 191
9.5 5 192
9.5 5 193
9.5 5 194
9.5 5 195
9.5 5 196
9.5 5 197
9.5 5 198
9.5 5 199
9.5 5 200
9.5 5 201
9.5 5 202
9.5 5 203
9.5 5 204
9.5 5 205
9.5 5 206
9.5 5 207
9.5 5 208
9.5 5 209
9.5 5 210
9.5 5 211
9.5 5 212
9.5 5 213
9.5 5 214
9.5 5 215
9.5 5 216
9.5 5 217
9.5 5 218
9.5 5 219
9.5 5 220
9.5 5 221
9.5 5 222
9.5 5 223
9.5 5 224
9.5 5 225
9.5 5 226
9.5 5 227
9.5 5 228
9.5 5 229
9.5 5 230
9.5 5 231
9.5 5 232
9.5 5 233
9.5 5 234
9.5 5 235
9.5 5 236
9.5 5 237
9.5 5 238
9.5 5 239
9.5 5 240
9.5 5 241
9.5 5 242
9.5 5 243
9.5 5 244
9.5 5 245
9.5 5 246
9.5 5 247
9.5 5 248
9.5 5 249
9.5 5 250
9.5 5 251
9.5 5 252
9.5 5 253
9.5 5 254
9.5 5 255
9.5 5 256
9.5 5 257
9.5 5 258
9.5 5 259
9.5 5 260
9.5 5 261
9.5 5 262
9.5 5 263
9.5 5 264
9.5 5 265
9.5 5 266
9.5 5 267
9.5 5 268
9.5 5 269
9.5 5 270
9.5 5 271
9.5 5 272
9.5 5 273
9.5 5 274
9.5 5 275
9.5 5 276
9.5 5 277
9.5 5 278
9.5 5 279
9.5 5 280
9.5 5 281
9.5 5 282
9.5 5 283
9.5 5 284
9.5 5 285
9.5 5 286
9.5 5 287
9.5 5 288
9.5 5 289
9.5 5 290
9.5 5 291
9.5 5 292
9.5 5 293
9.5 5 294
9.5 5 295
9.5 5 296
9.5 5 297
9.5 5 298
9.5 5 299
9.5 5 300
9.5 5 301
9.5 5 302
9.5 5 303
9.5 5 304
9.5 5 305
9.5 5 306
9.5 5 307
9.5 5 308
9.5 5 309
9.5 5 310
9.5 5 311
9.5 5 312
9.5 5 313
9.5 5 314
9.5 5 315
9.5 5 316
9.5 5 317
9.5 5 318
9.5 5 319
9.5 5 320
9.5 5 321
9.5 5 322
9.5 5 323
9.5 5 324
9.5 5 325
9.5 5 326
9.5 5 327
9.5 5 328
9.5 5 329
9.5 5 330
9.5 5 331
9.5 5 332
9.5 5 333
9.5 5 334
9.5 5 335
9.5 5 336
9.5 5 337
9.5 5 338
9.5 5 339
9.5 5 340
9.5 5 341
9.5 5 342
9.5 5 343
9.5 5 344
9.5 5 345
9.5 5 346
9.5 5 347
9.5 5 348
9.5 5 349
9.5 5 350
9.5 5 351
9.5 5 352
9.5 5 353
9.5 5 354
9.5 5 355
9.5 5 356
9.5 5 357
9.5 5 358
9.5 5 359
9.5 5 360
9.5 5 361
9.5 5 362
9.5 5 363
9.5 5 364
9.5 5 365
9.5 5 366
9.5 5 367
9.5 5 368
9.5 5 369
9.5 5 370
9.5 5 371
9.5 5 372
9.5 5 373
9.5 5 374
9.5 5 375
9.5 5 376
9.5 5 377
9.5 5 378
9.5 5 379
9.5 5 380
9.5 5 381
9.5 5 382
9.5 5 383
9.5 5 384
9.5 5 385
9.5 5 386
9.5 5 387
9.5 5 388
9.5 5 389
9.5 5 390
9.5 5 391
9.5 5 392
9.5 5 393
9.5 5 394
9.5 5 395
9.5 5 396
9.5 5 397
9.5 5 398
9.5 5 399
9.5 5 400
9.5 5 401
9.5 5 402
9.5 5 403
9.5 5 404
9.5 5 405
9.5 5 406
9.5 5 407
9.5 5 408
9.5 5 409
9.5 5 410
9.5 5 411
9.5 5 412
9.5 5 413
9.5 5 414
9.5 5 415
9.5 5 416
9.5 5 417
9.5 5 418
9.5 5 419
9.5 5 420
9.5 5 421
9.5 5 422
9.5 5 423
9.5 5 424
9.5 5 425
9.5 5 426
9.5 5 427
9.5 5 428
9.5 5 429
9.5 5 430
9.5 5 431
9.5 5 432
9.5 5 433
9.5 5 434
9.5 5 435
9.5 5 436
9.5 5 437
9.5 5 438
9.5 5 439
9.5 5 440
9.5 5 441
9.5 5 442
9.5 5 443
9.5 5 444
9.5 5 445
9.5 5 446
9.5 5 447
9.5 5 448
9.5 5 449
9.5 5 450
9.5 5 451
9.5 5 452
9.5 5 453
9.5 5 454
9.5 5 455
9.5 5 456
9.5 5 457
9.5 5 458
9.5 5 459
9.5 5 460
9.5 5 461
9.5 5 462
9.5 5 463
9.5 5 464
9.5 5 465
9.5 5 466
9.5 5 467
9.5 5 468
9.5 5 469
9.5 5 470
9.5 5 471
9.5 5 472
9.5 5 473
9.5 5 474
9.5 5 475
9.5 5 476
9.5 5 477
9.5 5 478
9.5 5 479
9.5 5 480
9.5 5 481
9.5 5 482
9.5 5 483
9.5 5 484
9.5 5 485
9.5 5 486
9.5 5 487
9.5 5 488
9.5 5 489
9.5 5 490
9.5 5 491
9.5 5 492
9.5 5 493
9.5 5 494
9.5 5 495
9.5 5 496
9.5 5 497
9.5 5 498
9.5 5 499
9.5 5 500
9.5 5 501
9.5 5 502
9.5 5 503
9.5 5 504
9.5 5 505
9.5 5 506
9.5 5 507
9.5 5 508
9.5 5 509
9.5 5 510
9.5 5 511
9.5 5 512
9.5 5 513
9.5 5 514
9.5 5 515
9.5 5 516
9.5 5 517
9.5 5 518
9.5 5 519
9.5 5 520
9.5 5 521
9.5 5 522
9.5 5 523
9.5 5 524
9.5 5 525
9.5 5 526
9.5 5 527
9.5 5 528
9.5 5 529
9.5 5 530
9.5 5 531
9.5 5 532
9.5 5 533
9.5 5 534
9.5 5 535
9.5 5 536
9.5 5 537
9.5 5 538
9.5 5 539
9.5 5 540
9.5 5 541
9.5 5 542
9.5 5 543
9.5 5 544
9.5 5 545
9.5 5 546
9.5 5 547
9.5 5 548
9.5 5 549
9.5 5 550
9.5 5 551
9.5 5 552
9.5 5 553
9.5 5 554
9.5 5 555
9.5 5 556
9.5 5 557
9.5 5 558
9.5 5 559
9.5 5 560
9.5 5 561
9.5 5 562
9.5 5 563
9.5 5 564
9.5 5 565
9.5 5 566
9.5 5 567
9.5 5 568
9.5 5 569
9.5 5 570
9.5 5 571
9.5 5 572
9.5 5 573
9.5 5 574
9.5 5 575
9.5 5 576
9.5 5 577
9.5 5 578
9.5 5 579
9.5 5 580
9.5 5 581
9.5 5 582
9.5 5 583
9.5 5 584
9.5 5 585
9.5 5 586
9.5 5 587
9.5 5 588
9.5 5 589
9.5 5 590
9.5 5 591
9.5 5 592
9.5 5 593
9.5 5 594
9.5 5 595
9.5 5 596
9.5 5 597
9.5 5 598
9.5 5 599
!!node 8!!
9.5 5 600
9.5 5 601
9.5 5 602
9.5 5 603
9.5 5 604
9.5 5 605
9.5 5 606
9.5 5 607
9.5 5 608
9.5 5 609
9.5 5 610
9.5 5 611
9.5 5 612
9.5 5 613
9.5 5 614
9.5 5 615
9.5 5 616
9.5 5 617
9.5 5 618
9.5 5 619
9.5 5 620
9.5 5 621
9.5 5 622
9.5 5 623
9.5 5 624
9.5 5 625
9.5 5 626
9.5 5 627
9.5 5 628
9.5 5 629
9.5 5 630
9.5 5 631
9.5 5 632
9.5 5 633
9.5 5 634
9.5 5 635
9.5 5 636
9.5 5 637
9.5 5 638
9.5 5 639
9.5 5 640
9.5 5 641
9.5 5 642
9.5 5 643
9.5 5 644
9.5 5 645
9.5 5 646
9.5 5 647
9.5 5 648
9.5 5 649
9.5 5 650
9.5 5 651
9.5 5 652
9.5 5 653
9.5 5 654
9.5 5 655
9.5 5 656
9.5 5 657
9.5 5 658
9.5 5 659
9.5 5 660
9.5 5 661
9.5 5 662
9.5 5 663
9.5 5 664
9.5 5 665
9.5 5 666
9.5 5 667
9.5 5 668
9.5 5 669
9.5 5 670
9.5 5 671
9.5 5 672
9.5 5 673
9.5 5 674
9.5 5 675
9.5 5 676
9.5 5 677
9.5 5 678
9.5 5 679
9.5 5 680
9.5 5 681
9.5 5 682
9.5 5 683
9.5 5 684
9.5 5 685
9.5 5 686
9.5 5 687
9.5 5 688
9.5 5 689
9.5 5 690
9.5 5 691
9.5 5 692
9.5 5 693
9.5 5 694
9.5 5 695
9.5 5 696
9.5 5 697
9.5 5 698
9.5 5 699
9.5 5 700
9.5 5 701
9.5 5 702
9.5 5 703
9.5 5 704
9.5 5 705
9.5 5 706
9.5 5 707
9.5 5 708
9.5 5 709
9.5 5 710
9.5 5 711
9.5 5 712
9.5 5 713
9.5 5 714
9.5 5 715
9.5 5 716
9.5 5 717
9.5 5 718
9.5 5 719
9.5 5 720
9.5 5 721
9.5 5 722
9.5 5 723
9.5 5 724
9.5 5 725
9.5 5 726
9.5 5 727
9.5 5 728
9.5 5 729
9.5 5 730
9.5 5 731
9.5 5 732
9.5 5 733
9.5 5 734
9.5 5 735
9.5 5 736
9.5 5 737
9.5 5 738
9.5 5 739
9.5 5 740
9.5 5 741
9.5 5 742
9.5 5 743
9.5 5 744
9.5 5 745
9.5 5 746
9.5 5 747
9.5 5 748
9.5 5 749
9.5 5 750
9.5 5 751
9.5 5 752
9.5 5 753
9.5 5 754
9.5 5 755
9.5 5 756
9.5 5 757
9.5 5 758
9.5 5 759
9.5 5 760
9.5 5 761
9.5 5 762
9.5 5 763
9.5 5 764
9.5 5 765
9.5 5 766
9.5 5 767
9.5 5 768
9.5 5 769
9.5 5 770
9.5 5 771
9.5 5 772
9.5 5 773
9.5 5 774
9.5 5 775
9.5 5 776
9.5 5 777
9.5 5 778
9.5 5 779
9.5 5 780
9.5 5 781
9.5 5 782
9.5 5 783
9.5 5 784
9.5 5 785
9.5 5 786
9.5 5 787
9.5 5 788
9.5 5 789
9.5 5 790
9.5 5 791
9.5 5 792
9.5 5 793
9.5 5 794
9.5 5 795
9.5 5 796
9.5 5 797
9.5 5 798
9.5 5 799
9.5 5 800
9.5 5 801
9.5 5 802
9.5 5 803
9.5 5 804
9.5 5 805
9.5 5 806
9.5 5 807
9.5 5 808
9.5 5 809
9.5 5 810
9.5 5 811
9.5 5 812
9.5 5 813
9.5 5 814
9.5 5 815
9.5 5 816
9.5 5 817
9.5 5 818
9.5 5 819
9.5 5 820
9.5 5 821
9.5 5 822
9.5 5 823
9.5 5 824
9.5 5 825
9.5 5 826
9.5 5 827
9.5 5 828
9.5 5 829
9.5 5 830
9.5 5 831
9.5 5 832
9.5 5 833
9.5 5 834
9.5 5 835
9.5 5 836
9.5 5 837
9.5 5 838
9.5 5 839
9.5 5 840
9.5 5 841
9.5 5 842
9.5 5 843
9.5 5 844
9.5 5 845
9.5 5 846
9.5 5 847
9.5 5 848
9.5 5 849
9.5 5 850
9.5 5 851
9.5 5 852
9.5 5 853
9.5 5 854
9.5 5 855
9.5 5 856
9.5 5 857
9.5 5 858
9.5 5 859
9.5 5 860
9.5 5 861
9.5 5 862
9.5 5 863
9.5 5 864
9.5 5 865
9.5 5 866
9.5 5 867
9.5 5 868
9.5 5 869
9.5 5 870
9.5 5 871
9.5 5 872
9.5 5 873
9.5 5 874
9.5 5 875
9.5 5 876
9.5 5 877
9.5 5 878
9.5 5 879
9.5 5 880
9.5 5 881
9.5 5 882
9.5 5 883
9.5 5 884
9.5 5 885
9.5 5 886
9.5 5 887
9.5 5 888
9.5 5 889
9.5 5 890
9.5 5 891
9.5 5 892
9.5 5 893
9.5 5 894
9.5 5 895
9.5 5 896
9.5 5 897
9.5 5 898
9.5 5 899
9.5 5 900
9.5 5 901
9.5 5 902
9.5 5 903
9.5 5 904
9.5 5 905
9.5 5 906
9.5 5 907
9.5 5 908
9.5 5 909
9.5 5 910
9.5 5 911
9.5 5 912
9.5 5 913
9.5 5 914
9.5 5 915
9.5 5 916
9.5 5 917
9.5 5 918
9.5 5 919
9.5 5 920
9.5 5 921
9.5 5 922
9.5 5 923
9.5 5 924
9.5 5 925
9.5 5 926
9.5 5 927
9.5 5 928
9.5 5 929
9.5 5 930
9.5 5 931
9.5 5 932
9.5 5 933
9.5 5 934
9.5 5 935
9.5 5 936
9.5 5 937
9.5 5 938
9.5 5 939
9.5 5 940
9.5 5 941
9.5 5 942
9.5 5 943
9.5 5 944
9.5 5 945
9.5 5 946
9.5 5 947
9.5 5 948
9.5 5 949
9.5 5 950
9.5 5 951
9.5 5 952
9.5 5 953
9.5 5 954
9.5 5 955
9.5 5 956
9.5 5 957
9.5 5 958
9.5 5 959
9.5 5 960
9.5 5 961
9.5 5 962
9.5 5 963
9.5 5 964
9.5 5 965
9.5 5 966
9.5 5 967
9.5 5 968
9.5 5 969
9.5 5 970
9.5 5 971
9.5 5 972
9.5 5 973
9.5 5 974
9.5 5 975
9.5 5 976
9.5 5 977
9.5 5 978
9.5 5 979
9.5 5 980
9.5 5 981
9.5 5 982
9.5 5 983
9.5 5 984
9.5 5 985
9.5 5 986
9.5 5 987
9.5 5 988
9.5 5 989
9.5 5 990
9.5 5 991
9.5 5 992
9.5 5 993
9.5 5 994
9.5 5 995
9.5 5 996
9.5 5 997
9.5 5 998
9.5 5 999
10 5 0
10 5 1
10 5 2
10 5 3
10 5 4
10 5 5
10 5 6
10 5 7
10 5 8
10 5 9
10 5 10
10 5 11
10 5 12
10 5 13
10 5 14
10 5 15
10 5 16
10 5 17
10 5 18
10 5 19
10 5 20
10 5 21
10 5 22
10 5 23
10 5 24
10 5 25
10 5 26
10 5 27
10 5 28
10 5 29
10 5 30
10 5 31
10 5 32
10 5 33
10 5 34
10 5 35
10 5 36
10 5 37
10 5 38
10 5 39
10 5 40
10 5 41
10 5 42
10 5 43
10 5 44
10 5 45
10 5 46
10 5 47
10 5 48
10 5 49
10 5 50
10 5 51
10 5 52
10 5 53
10 5 54
10 5 55
10 5 56
10 5 57
10 5 58
10 5 59
10 5 60
10 5 61
10 5 62
10 5 63
10 5 64
10 5 65
10 5 66
10 5 67
10 5 68
10 5 69
10 5 70
10 5 71
10 5 72
10 5 73
10 5 74
10 5 75
10 5 76
10 5 77
10 5 78
10 5 79
10 5 80
10 5 81
10 5 82
10 5 83
10 5 84
10 5 85
10 5 86
10 5 87
10 5 88
10 5 89
10 5 90
10 5 91
10 5 92
10 5 93
10 5 94
10 5 95
10 5 96
10 5 97
10 5 98
10 5 99
10 5 100
10 5 101
10 5 102
10 5 103
10 5 104
10 5 105
10 5 106
10 5 107
10 5 108
10 5 109
10 5 110
10 5 111
10 5 112
10 5 113
10 5 114
10 5 115
10 5 116
10 5 117
10 5 118
10 5 119
10 5 120
10 5 121
10 5 122
10 5 123
10 5 124
10 5 125
10 5 126
10 5 127
10 5 128
10 5 129
10 5 130
10 5 131
10 5 132
10 5 133
10 5 134
10 5 135
10 5 136
10 5 137
10 5 138
10 5 139
10 5 140
10 5 141
10 5 142
10 5 143
10 5 144
10 5 145
10 5 146
10 5 147
10 5 148
10 5 149
10 5 150
10 5 151
10 5 152
10 5 153
10 5 154
10 5 155
10 5 156
10 5 157
10 5 158
10 5 159
10 5 160
10 5 161
10 5 162
10 5 163
10 5 164
10 5 165
10 5 166
10 5 167
10 5 168
10 5 169
10 5 170
10 5 171
10 5 172
10 5 173
10 5 174
10 5 175
10 5 176
10 5 177
10 5 178
10 5 179
10 5 180
10 5 181
10 5 182
10 5 183
10 5 184
10 5 185
10 5 186
10 5 187
10 5 188
10 5 189
10 5 190
10 5 191
10 5 192
10 5 193
10 5 194
10 5 195
10 5 196
10 5 197
10 5 198
10 5 199
10 5 200
10 5 201
10 5 202
10 5 203
10 5 204
10 5 205
10 5 206
10 5 207
10 5 208
10 5 209
10 5 210
10 5 211
10 5 212
10 5 213
10 5 214
10 5 215
10 5 216
10 5 217
10 5 218
10 5 219
10 5 220
10 5 221
10 5 222
10 5 223
10 5 224
10 5 225
10 5 226
10 5 227
10 5 228
10 5 229
10 5 230
10 5 231
10 5 232
10 5 233
10 5 234
10 5 235
10 5 236
10 5 237
10 5 238
10 5 239
10 5 240
10 5 241
10 5 242
10 5 243
10 5 244
10 5 245
10 5 246
10 5 247
10 5 248
10 5 249
10 5 250
10 5 251
10 5 252
10 5 253
10 5 254
10 5 255
10 5 256
10 5 257
10 5 258
10 5 259
10 5 260
10 5 261
10 5 262
10 5 263
10 5 264
10 5 265
10 5 266
10 5 267
10 5 268
10 5 269
10 5 270
10 5 271
10 5 272
10 5 273
10 5 274
10 5 275
10 5 276
10 5 277
10 5 278
10 5 279
10 5 280
10 5 281
10 5 282
10 5 283
10 5 284
10 5 285
10 5 286
10 5 287
10 5 288
10 5 289
10 5 290
10 5 291
10 5 292
10 5 293
10 5 294
10 5 295
10 5 296
10 5 297
10 5 298
10 5 299
10 5 300
10 5 301
10 5 302
10 5 303
10 5 304
10 5 305
10 5 306
10 5 307
10 5 308
10 5 309
10 5 310
10 5 311
10 5 312
10 5 313
10 5 314
10 5 315
10 5 316
10 5 317
10 5 318
10 5 319
10 5 320
10 5 321
10 5 322
10 5 323
10 5 324
10 5 325
10 5 326
10 5 327
10 5 328
10 5 329
10 5 330
10 5 331
10 5 332
10 5 333
10 5 334
10 5 335
10 5 336
10 5 337
10 5 338
10 5 339
10 5 340
10 5 341
10 5 342
10 5 343
10 5 344
10 5 345
10 5 346
10 5 347
10 5 348
10 5 349
10 5 350
10 5 351
10 5 352
10 5 353
10 5 354
10 5 355
10 5 356
10 5 357
10 5 358
10 5 359
10 5 360
10 5 361
10 5 362
10 5 363
10 5 364
10 5 365
10 5 366
10 5 367
10 5 368
10 5 369
10 5 370
10 5 371
10 5 372
10 5 373
10 5 374
10 5 375
10 5 376
10 5 377
10 5 378
10 5 379
10 5 380
10 5 381
10 5 382
10 5 383
10 5 384
10 5 385
10 5 386
10 5 387
10 5 388
10 5 389
10 5 390
10 5 391
10 5 392
10 5 393
10 5 394
10 5 395
10 5 396
10 5 397
10 5 398
10 5 399
10 5 400
10 5 401
10 5 402
10 5 403
10 5 404
10 5 405
10 5 406
10 5 407
10 5 408
10 5 409
10 5 410
10 5 411
10 5 412
10 5 413
10 5 414
10 5 415
10 5 416
10 5 417
10 5 418
10 5 419
10 5 420
10 5 421
10 5 422
10 5 423
10 5 424
10 5 425
10 5 426
10 5 427
10 5 428
10 5 429
10 5 430
10 5 431
10 5 432
10 5 433
10 5 434
10 5 435
10 5 436
10 5 437
10 5 438
10 5 439
10 5 440
10 5 441
10 5 442
10 5 443
10 5 444
10 5 445
10 5 446
10 5 447
10 5 448
10 5 449
10 5 450
10 5 451
10 5 452
10 5 453
10 5 454
10 5 455
10 5 456
10 5 457
10 5 458
10 5 459
10 5 460
10 5 461
10 5 462
10 5 463
10 5 464
10 5 465
10 5 466
10 5 467
10 5 468
10 5 469
10 5 470
10 5 471
10 5 472
10 5 473
10 5 474
10 5 475
10 5 476
10 5 477
10 5 478
10 5 479
10 5 480
10 5 481
10 5 482
10 5 483
10 5 484
10 5 485
10 5 486
10 5 487
10 5 488
10 5 489
10 5 490
10 5 491
10 5 492
10 5 493
10 5 494
10 5 495
10 5 496
10 5 497
10 5 498
10 5 499
10 5 500
10 5 501
10 5 502
10 5 503
10 5 504
10 5 505
10 5 506
10 5 507
10 5 508
10 5 509
10 5 510
10 5 511
10 5 512
10 5 513
10 5 514
10 5 515
10 5 516
10 5 517
10 5 518
10 5 519
10 5 520
10 5 521
10 5 522
10 5 523
10 5 524
10 5 525
10 5 526
10 5 527
10 5 528
10 5 529
10 5 530
10 5 531
10 5 532
10 5 533
10 5 534
10 5 535
10 5 536
10 5 537
10 5 538
10 5 539
10 5 540
10 5 541
10 5 542
10 5 543
10 5 544
10 5 545
10 5 546
10 5 547
10 5 548
10 5 549
10 5 550
10 5 551
10 5 552
10 5 553
10 5 554
10 5 555
10 5 556
10 5 557
10 5 558
10 5 559
10 5 560
10 5 561
10 5 562
10 5 563
10 5 564
10 5 565
10 5 566
10 5 567
10 5 568
10 5 569
10 5 570
10 5 571
10 5 572
10 5 573
10 5 574
10 5 575
10 5 576
10 5 577
10 5 578
10 5 579
10 5 580
10 5 581
10 5 582
10 5 583
10 5 584
10 5 585
10 5 586
10 5 587
10 5 588
10 5 589
10 5 590
10 5 591
10 5 592
10 5 593
10 5 594
10 5 595
10 5 596
10 5 597
10 5 598
10 5 599
10 5 600
10 5 601
10 5 602
10 5 603
10 5 604
10 5 605
10 5 606
10 5 607
10 5 608
10 5 609
10 5 610
10 5 611
10 5 612
10 5 613
10 5 614
10 5 615
10 5 616
10 5 617
10 5 618
10 5 619
10 5 620
10 5 621
10 5 622
10 5 623
10 5 624
10 5 625
10 5 626
10 5 627
10 5 628
10 5 629
10 5 630
10 5 631
10 5 632
10 5 633
10 5 634
10 5 635
10 5 636
10 5 637
10 5 638
10 5 639
10 5 640
10 5 641
10 5 642
10 5 643
10 5 644
10 5 645
10 5 646
10 5 647
10 5 648
10 5 649
10 5 650
10 5 651
10 5 652
10 5 653
10 5 654
10 5 655
10 5 656
10 5 657
10 5 658
10 5 659
10 5 660
10 5 661
10 5 662
10 5 663
10 5 664
10 5 665
10 5 666
10 5 667
10 5 668
10 5 669
10 5 670
10 5 671
10 5 672
10 5 673
10 5 674
10 5 675
10 5 676
10 5 677
10 5 678
10 5 679
10 5 680
10 5 681
10 5 682
10 5 683
10 5 684
10 5 685
10 5 686
10 5 687
10 5 688
10 5 689
10 5 690
10 5 691
10 5 692
10 5 693
10 5 694
10 5 695
10 5 696
10 5 697
10 5 698
10 5 699
10 5 700
10 5 701
10 5 702
10 5 703
10 5 704
10 5 705
10 5 706
10 5 707
10 5 708
10 5 709
10 5 710
10 5 711
10 5 712
10 5 713
10 5 714
10 5 715
10 5 716
10 5 717
10 5 718
10 5 719
10 5 720
10 5 721
10 5 722
10 5 723
10 5 724
10 5 725
10 5 726
10 5 727
10 5 728
10 5 729
10 5 730
10 5 731
10 5 732
10 5 733
10 5 734
10 5 735
10 5 736
10 5 737
10 5 738
10 5 739
10 5 740
10 5 741
10 5 742
10 5 743
10 5 744
10 5 745
10 5 746
10 5 747
10 5 748
10 5 749
10 5 750
10 5 751
10 5 752
10 5 753
10 5 754
10 5 755
10 5 756
10 5 757
10 5 758
10 5 759
10 5 760
10 5 761
10 5 762
10 5 763
10 5 764
10 5 765
10 5 766
10 5 767
10 5 768
10 5 769
10 5 770
10 5 771
10 5 772
10 5 773
10 5 774
10 5 775
10 5 776
10 5 777
10 5 778
10 5 779
10 5 780
10 5 781
10 5 782
10 5 783
10 5 784
10 5 785
10 5 786
10 5 787
10 5 788
10 5 789
10 5 790
10 5 791
10 5 792
10 5 793
10 5 794
10 5 795
10 5 796
10 5 797
10 5 798
10 5 799
!!node 9!!
10 5 800
10 5 801
10 5 802
10 5 803
10 5 804
10 5 805
10 5 806
10 5 807
10 5 808
10 5 809
10 5 810
10 5 811
10 5 812
10 5 813
10 5 814
10 5 815
10 5 816
10 5 817
10 5 818
10 5 819
10 5 820
10 5 821
10 5 822
10 5 823
10 5 824
10 5 825
10 5 826
10 5 827
10 5 828
10 5 829
10 5 830
10 5 831
10 5 832
10 5 833
10 5 834
10 5 835
10 5 836
10 5 837
10 5 838
10 5 839
10 5 840
10 5 841
10 5 842
10 5 843
10 5 844
10 5 845
10 5 846
10 5 847
10 5 848
10 5 849
10 5 850
10 5 851
10 5 852
10 5 853
10 5 854
10 5 855
10 5 856
10 5 857
10 5 858
10 5 859
10 5 860
10 5 861
10 5 862
10 5 863
10 5 864
10 5 865
10 5 866
10 5 867
10 5 868
10 5 869
10 5 870
10 5 871
10 5 872
10 5 873
10 5 874
10 5 875
10 5 876
10 5 877
10 5 878
10 5 879
10 5 880
10 5 881
10 5 882
10 5 883
10 5 884
10 5 885
10 5 886
10 5 887
10 5 888
10 5 889
10 5 890
10 5 891
10 5 892
10 5 893
10 5 894
10 5 895
10 5 896
10 5 897
10 5 898
10 5 899
10 5 900
10 5 901
10 5 902
10 5 903
10 5 904
10 5 905
10 5 906
10 5 907
10 5 908
10 5 909
10 5 910
10 5 911
10 5 912
10 5 913
10 5 914
10 5 915
10 5 916
10 5 917
10 5 918
10 5 919
10 5 920
10 5 921
10 5 922
10 5 923
10 5 924
10 5 925
10 5 926
10 5 927
10 5 928
10 5 929
10 5 930
10 5 931
10 5 932
10 5 933
10 5 934
10 5 935
10 5 936
10 5 937
10 5 938
10 5 939
10 5 940
10 5 941
10 5 942
10 5 943
10 5 944
10 5 945
10 5 946
10 5 947
10 5 948
10 5 949
10 5 950
10 5 951
10 5 952
10 5 953
10 5 954
10 5 955
10 5 956
10 5 957
10 5 958
10 5 959
10 5 960
10 5 961
10 5 962
10 5 963
10 5 964
10 5 965
10 5 966
10 5 967
10 5 968
10 5 969
10 5 970
10 5 971
10 5 972
10 5 973
10 5 974
10 5 975
10 5 976
10 5 977
10 5 978
10 5 979
10 5 980
10 5 981
10 5 982
10 5 983
10 5 984
10 5 985
10 5 986
10 5 987
10 5 988
10 5 989
10 5 990
10 5 991
10 5 992
10 5 993
10 5 994
10 5 995
10 5 996
10 5 997
10 5 998
10 5 999
