!!node 0!!
4 1 0
4 1 1
4 1 2
4 1 3
4 1 4
4 1 5
4 1 6
4 1 7
4 1 8
4 1 9
4 1 10
4 1 11
4 1 12
4 1 13
4 1 14
4 1 15
4 1 16
4 1 17
4 1 18
4 1 19
4 1 20
4 1 21
4 1 22
4 1 23
4 1 24
4 1 25
4 1 26
4 1 27
4 1 28
4 1 29
4 1 30
4 1 31
4 1 32
4 1 33
4 1 34
4 1 35
4 1 36
4 1 37
4 1 38
4 1 39
4 1 40
4 1 41
4 1 42
4 1 43
4 1 44
4 1 45
4 1 46
4 1 47
4 1 48
4 1 49
4 1 50
4 1 51
4 1 52
4 1 53
4 1 54
4 1 55
4 1 56
4 1 57
4 1 58
4 1 59
4 1 60
4 1 61
4 1 62
4 1 63
4 1 64
4 1 65
4 1 66
4 1 67
4 1 68
4 1 69
4 1 70
4 1 71
4 1 72
4 1 73
4 1 74
4 1 75
4 1 76
4 1 77
4 1 78
4 1 79
4 1 80
4 1 81
4 1 82
4 1 83
4 1 84
4 1 85
4 1 86
4 1 87
4 1 88
4 1 89
4 1 90
4 1 91
4 1 92
4 1 93
4 1 94
4 1 95
4 1 96
4 1 97
4 1 98
4 1 99
4 1 100
4 1 101
4 1 102
4 1 103
4 1 104
4 1 105
4 1 106
4 1 107
4 1 108
4 1 109
4 1 110
4 1 111
4 1 112
4 1 113
4 1 114
4 1 115
4 1 116
4 1 117
4 1 118
4 1 119
4 1 120
4 1 121
4 1 122
4 1 123
4 1 124
4 1 125
4 1 126
4 1 127
4 1 128
4 1 129
4 1 130
4 1 131
4 1 132
4 1 133
4 1 134
4 1 135
4 1 136
4 1 137
4 1 138
4 1 139
4 1 140
4 1 141
4 1 142
4 1 143
4 1 144
4 1 145
4 1 146
4 1 147
4 1 148
4 1 149
4 1 150
4 1 151
4 1 152
4 1 153
4 1 154
4 1 155
4 1 156
4 1 157
4 1 158
4 1 159
4 1 160
4 1 161
4 1 162
4 1 163
4 1 164
4 1 165
4 1 166
4 1 167
4 1 168
4 1 169
4 1 170
4 1 171
4 1 172
4 1 173
4 1 174
4 1 175
4 1 176
4 1 177
4 1 178
4 1 179
4 1 180
4 1 181
4 1 182
4 1 183
4 1 184
4 1 185
4 1 186
4 1 187
4 1 188
4 1 189
4 1 190
4 1 191
4 1 192
4 1 193
4 1 194
4 1 195
4 1 196
4 1 197
4 1 198
4 1 199
4 1 200
4 1 201
4 1 202
4 1 203
4 1 204
4 1 205
4 1 206
4 1 207
4 1 208
4 1 209
4 1 210
4 1 211
4 1 212
4 1 213
4 1 214
4 1 215
4 1 216
4 1 217
4 1 218
4 1 219
4 1 220
4 1 221
4 1 222
4 1 223
4 1 224
4 1 225
4 1 226
4 1 227
4 1 228
4 1 229
4 1 230
4 1 231
4 1 232
4 1 233
4 1 234
4 1 235
4 1 236
4 1 237
4 1 238
4 1 239
!!node 1!!
4.5 1 0
4.5 1 1
4.5 1 2
4.5 1 3
4.5 1 4
4.5 1 5
4.5 1 6
4.5 1 7
4.5 1 8
4.5 1 9
4.5 1 10
4.5 1 11
4.5 1 12
4.5 1 13
4.5 1 14
4.5 1 15
4.5 1 16
4.5 1 17
4.5 1 18
4.5 1 19
4.5 1 20
4.5 1 21
4.5 1 22
4.5 1 23
4.5 1 24
4.5 1 25
4.5 1 26
4.5 1 27
4.5 1 28
4.5 1 29
4.5 1 30
4.5 1 31
4.5 1 32
4.5 1 33
4.5 1 34
4.5 1 35
4.5 1 36
4.5 1 37
4.5 1 38
4.5 1 39
4.5 1 40
4.5 1 41
4.5 1 42
4.5 1 43
4.5 1 44
4.5 1 45
4.5 1 46
4.5 1 47
4.5 1 48
4.5 1 49
4.5 1 50
4.5 1 51
4.5 1 52
4.5 1 53
4.5 1 54
4.5 1 55
4.5 1 56
4.5 1 57
4.5 1 58
4.5 1 59
4.5 1 60
4.5 1 61
4.5 1 62
4.5 1 63
4.5 1 64
4.5 1 65
4.5 1 66
4.5 1 67
4.5 1 68
4.5 1 69
4.5 1 70
4.5 1 71
4.5 1 72
4.5 1 73
4.5 1 74
4.5 1 75
4.5 1 76
4.5 1 77
4.5 1 78
4.5 1 79
4.5 1 80
4.5 1 81
4.5 1 82
4.5 1 83
4.5 1 84
4.5 1 85
4.5 1 86
4.5 1 87
4.5 1 88
4.5 1 89
4.5 1 90
4.5 1 91
4.5 1 92
4.5 1 93
4.5 1 94
4.5 1 95
4.5 1 96
4.5 1 97
4.5 1 98
4.5 1 99
4.5 1 100
4.5 1 101
4.5 1 102
4.5 1 103
4.5 1 104
4.5 1 105
4.5 1 106
4.5 1 107
4.5 1 108
4.5 1 109
4.5 1 110
4.5 1 111
4.5 1 112
4.5 1 113
4.5 1 114
4.5 1 115
4.5 1 116
4.5 1 117
4.5 1 118
4.5 1 119
4.5 1 120
4.5 1 121
4.5 1 122
4.5 1 123
4.5 1 124
4.5 1 125
4.5 1 126
4.5 1 127
4.5 1 128
4.5 1 129
4.5 1 130
4.5 1 131
4.5 1 132
4.5 1 133
4.5 1 134
4.5 1 135
4.5 1 136
4.5 1 137
4.5 1 138
4.5 1 139
4.5 1 140
4.5 1 141
4.5 1 142
4.5 1 143
4.5 1 144
4.5 1 145
4.5 1 146
4.5 1 147
4.5 1 148
4.5 1 149
4.5 1 150
4.5 1 151
4.5 1 152
4.5 1 153
4.5 1 154
4.5 1 155
4.5 1 156
4.5 1 157
4.5 1 158
4.5 1 159
4.5 1 160
4.5 1 161
4.5 1 162
4.5 1 163
4.5 1 164
4.5 1 165
4.5 1 166
4.5 1 167
4.5 1 168
4.5 1 169
4.5 1 170
4.5 1 171
4.5 1 172
4.5 1 173
4.5 1 174
4.5 1 175
4.5 1 176
4.5 1 177
4.5 1 178
4.5 1 179
4.5 1 180
4.5 1 181
4.5 1 182
4.5 1 183
4.5 1 184
4.5 1 185
4.5 1 186
4.5 1 187
4.5 1 188
4.5 1 189
4.5 1 190
4.5 1 191
4.5 1 192
4.5 1 193
4.5 1 194
4.5 1 195
4.5 1 196
4.5 1 197
4.5 1 198
4.5 1 199
4.5 1 200
4.5 1 201
4.5 1 202
4.5 1 203
4.5 1 204
4.5 1 205
4.5 1 206
4.5 1 207
4.5 1 208
4.5 1 209
4.5 1 210
4.5 1 211
4.5 1 212
4.5 1 213
4.5 1 214
4.5 1 215
4.5 1 216
4.5 1 217
4.5 1 218
4.5 1 219
4.5 1 220
4.5 1 221
4.5 1 222
4.5 1 223
4.5 1 224
4.5 1 225
4.5 1 226
4.5 1 227
4.5 1 228
4.5 1 229
4.5 1 230
4.5 1 231
4.5 1 232
4.5 1 233
4.5 1 234
4.5 1 235
4.5 1 236
4.5 1 237
4.5 1 238
4.5 1 239
!!node 2!!
5 1 0
5 1 1
5 1 2
5 1 3
5 1 4
5 1 5
5 1 6
5 1 7
5 1 8
5 1 9
5 1 10
5 1 11
5 1 12
5 1 13
5 1 14
5 1 15
5 1 16
5 1 17
5 1 18
5 1 19
5 1 20
5 1 21
5 1 22
5 1 23
5 1 24
5 1 25
5 1 26
5 1 27
5 1 28
5 1 29
5 1 30
5 1 31
5 1 32
5 1 33
5 1 34
5 1 35
5 1 36
5 1 37
5 1 38
5 1 39
5 1 40
5 1 41
5 1 42
5 1 43
5 1 44
5 1 45
5 1 46
5 1 47
5 1 48
5 1 49
5 1 50
5 1 51
5 1 52
5 1 53
5 1 54
5 1 55
5 1 56
5 1 57
5 1 58
5 1 59
5 1 60
5 1 61
5 1 62
5 1 63
5 1 64
5 1 65
5 1 66
5 1 67
5 1 68
5 1 69
5 1 70
5 1 71
5 1 72
5 1 73
5 1 74
5 1 75
5 1 76
5 1 77
5 1 78
5 1 79
5 1 80
5 1 81
5 1 82
5 1 83
5 1 84
5 1 85
5 1 86
5 1 87
5 1 88
5 1 89
5 1 90
5 1 91
5 1 92
5 1 93
5 1 94
5 1 95
5 1 96
5 1 97
5 1 98
5 1 99
5 1 100
5 1 101
5 1 102
5 1 103
5 1 104
5 1 105
5 1 106
5 1 107
5 1 108
5 1 109
5 1 110
5 1 111
5 1 112
5 1 113
5 1 114
5 1 115
5 1 116
5 1 117
5 1 118
5 1 119
5 1 120
5 1 121
5 1 122
5 1 123
5 1 124
5 1 125
5 1 126
5 1 127
5 1 128
5 1 129
5 1 130
5 1 131
5 1 132
5 1 133
5 1 134
5 1 135
5 1 136
5 1 137
5 1 138
5 1 139
5 1 140
5 1 141
5 1 142
5 1 143
5 1 144
5 1 145
5 1 146
5 1 147
5 1 148
5 1 149
5 1 150
5 1 151
5 1 152
5 1 153
5 1 154
5 1 155
5 1 156
5 1 157
5 1 158
5 1 159
5 1 160
5 1 161
5 1 162
5 1 163
5 1 164
5 1 165
5 1 166
5 1 167
5 1 168
5 1 169
5 1 170
5 1 171
5 1 172
5 1 173
5 1 174
5 1 175
5 1 176
5 1 177
5 1 178
5 1 179
5 1 180
5 1 181
5 1 182
5 1 183
5 1 184
5 1 185
5 1 186
5 1 187
5 1 188
5 1 189
5 1 190
5 1 191
5 1 192
5 1 193
5 1 194
5 1 195
5 1 196
5 1 197
5 1 198
5 1 199
5 1 200
5 1 201
5 1 202
5 1 203
5 1 204
5 1 205
5 1 206
5 1 207
5 1 208
5 1 209
5 1 210
5 1 211
5 1 212
5 1 213
5 1 214
5 1 215
5 1 216
5 1 217
5 1 218
5 1 219
5 1 220
5 1 221
5 1 222
5 1 223
5 1 224
5 1 225
5 1 226
5 1 227
5 1 228
5 1 229
5 1 230
5 1 231
5 1 232
5 1 233
5 1 234
5 1 235
5 1 236
5 1 237
5 1 238
5 1 239
!!node 3!!
5.5 1 0
5.5 1 1
5.5 1 2
5.5 1 3
5.5 1 4
5.5 1 5
5.5 1 6
5.5 1 7
5.5 1 8
5.5 1 9
5.5 1 10
5.5 1 11
5.5 1 12
5.5 1 13
5.5 1 14
5.5 1 15
5.5 1 16
5.5 1 17
5.5 1 18
5.5 1 19
5.5 1 20
5.5 1 21
5.5 1 22
5.5 1 23
5.5 1 24
5.5 1 25
5.5 1 26
5.5 1 27
5.5 1 28
5.5 1 29
5.5 1 30
5.5 1 31
5.5 1 32
5.5 1 33
5.5 1 34
5.5 1 35
5.5 1 36
5.5 1 37
5.5 1 38
5.5 1 39
5.5 1 40
5.5 1 41
5.5 1 42
5.5 1 43
5.5 1 44
5.5 1 45
5.5 1 46
5.5 1 47
5.5 1 48
5.5 1 49
5.5 1 50
5.5 1 51
5.5 1 52
5.5 1 53
5.5 1 54
5.5 1 55
5.5 1 56
5.5 1 57
5.5 1 58
5.5 1 59
5.5 1 60
5.5 1 61
5.5 1 62
5.5 1 63
5.5 1 64
5.5 1 65
5.5 1 66
5.5 1 67
5.5 1 68
5.5 1 69
5.5 1 70
5.5 1 71
5.5 1 72
5.5 1 73
5.5 1 74
5.5 1 75
5.5 1 76
5.5 1 77
5.5 1 78
5.5 1 79
5.5 1 80
5.5 1 81
5.5 1 82
5.5 1 83
5.5 1 84
5.5 1 85
5.5 1 86
5.5 1 87
5.5 1 88
5.5 1 89
5.5 1 90
5.5 1 91
5.5 1 92
5.5 1 93
5.5 1 94
5.5 1 95
5.5 1 96
5.5 1 97
5.5 1 98
5.5 1 99
5.5 1 100
5.5 1 101
5.5 1 102
5.5 1 103
5.5 1 104
5.5 1 105
5.5 1 106
5.5 1 107
5.5 1 108
5.5 1 109
5.5 1 110
5.5 1 111
5.5 1 112
5.5 1 113
5.5 1 114
5.5 1 115
5.5 1 116
5.5 1 117
5.5 1 118
5.5 1 119
5.5 1 120
5.5 1 121
5.5 1 122
5.5 1 123
5.5 1 124
5.5 1 125
5.5 1 126
5.5 1 127
5.5 1 128
5.5 1 129
5.5 1 130
5.5 1 131
5.5 1 132
5.5 1 133
5.5 1 134
5.5 1 135
5.5 1 136
5.5 1 137
5.5 1 138
5.5 1 139
5.5 1 140
5.5 1 141
5.5 1 142
5.5 1 143
5.5 1 144
5.5 1 145
5.5 1 146
5.5 1 147
5.5 1 148
5.5 1 149
5.5 1 150
5.5 1 151
5.5 1 152
5.5 1 153
5.5 1 154
5.5 1 155
5.5 1 156
5.5 1 157
5.5 1 158
5.5 1 159
5.5 1 160
5.5 1 161
5.5 1 162
5.5 1 163
5.5 1 164
5.5 1 165
5.5 1 166
5.5 1 167
5.5 1 168
5.5 1 169
5.5 1 170
5.5 1 171
5.5 1 172
5.5 1 173
5.5 1 174
5.5 1 175
5.5 1 176
5.5 1 177
5.5 1 178
5.5 1 179
5.5 1 180
5.5 1 181
5.5 1 182
5.5 1 183
5.5 1 184
5.5 1 185
5.5 1 186
5.5 1 187
5.5 1 188
5.5 1 189
5.5 1 190
5.5 1 191
5.5 1 192
5.5 1 193
5.5 1 194
5.5 1 195
5.5 1 196
5.5 1 197
5.5 1 198
5.5 1 199
5.5 1 200
5.5 1 201
5.5 1 202
5.5 1 203
5.5 1 204
5.5 1 205
5.5 1 206
5.5 1 207
5.5 1 208
5.5 1 209
5.5 1 210
5.5 1 211
5.5 1 212
5.5 1 213
5.5 1 214
5.5 1 215
5.5 1 216
5.5 1 217
5.5 1 218
5.5 1 219
5.5 1 220
5.5 1 221
5.5 1 222
5.5 1 223
5.5 1 224
5.5 1 225
5.5 1 226
5.5 1 227
5.5 1 228
5.5 1 229
5.5 1 230
5.5 1 231
5.5 1 232
5.5 1 233
5.5 1 234
5.5 1 235
5.5 1 236
5.5 1 237
5.5 1 238
5.5 1 239
!!node 4!!
6 1 0
6 1 1
6 1 2
6 1 3
6 1 4
6 1 5
6 1 6
6 1 7
6 1 8
6 1 9
6 1 10
6 1 11
6 1 12
6 1 13
6 1 14
6 1 15
6 1 16
6 1 17
6 1 18
6 1 19
6 1 20
6 1 21
6 1 22
6 1 23
6 1 24
6 1 25
6 1 26
6 1 27
6 1 28
6 1 29
6 1 30
6 1 31
6 1 32
6 1 33
6 1 34
6 1 35
6 1 36
6 1 37
6 1 38
6 1 39
6 1 40
6 1 41
6 1 42
6 1 43
6 1 44
6 1 45
6 1 46
6 1 47
6 1 48
6 1 49
6 1 50
6 1 51
6 1 52
6 1 53
6 1 54
6 1 55
6 1 56
6 1 57
6 1 58
6 1 59
6 1 60
6 1 61
6 1 62
6 1 63
6 1 64
6 1 65
6 1 66
6 1 67
6 1 68
6 1 69
6 1 70
6 1 71
6 1 72
6 1 73
6 1 74
6 1 75
6 1 76
6 1 77
6 1 78
6 1 79
6 1 80
6 1 81
6 1 82
6 1 83
6 1 84
6 1 85
6 1 86
6 1 87
6 1 88
6 1 89
6 1 90
6 1 91
6 1 92
6 1 93
6 1 94
6 1 95
6 1 96
6 1 97
6 1 98
6 1 99
6 1 100
6 1 101
6 1 102
6 1 103
6 1 104
6 1 105
6 1 106
6 1 107
6 1 108
6 1 109
6 1 110
6 1 111
6 1 112
6 1 113
6 1 114
6 1 115
6 1 116
6 1 117
6 1 118
6 1 119
6 1 120
6 1 121
6 1 122
6 1 123
6 1 124
6 1 125
6 1 126
6 1 127
6 1 128
6 1 129
6 1 130
6 1 131
6 1 132
6 1 133
6 1 134
6 1 135
6 1 136
6 1 137
6 1 138
6 1 139
6 1 140
6 1 141
6 1 142
6 1 143
6 1 144
6 1 145
6 1 146
6 1 147
6 1 148
6 1 149
6 1 150
6 1 151
6 1 152
6 1 153
6 1 154
6 1 155
6 1 156
6 1 157
6 1 158
6 1 159
6 1 160
6 1 161
6 1 162
6 1 163
6 1 164
6 1 165
6 1 166
6 1 167
6 1 168
6 1 169
6 1 170
6 1 171
6 1 172
6 1 173
6 1 174
6 1 175
6 1 176
6 1 177
6 1 178
6 1 179
6 1 180
6 1 181
6 1 182
6 1 183
6 1 184
6 1 185
6 1 186
6 1 187
6 1 188
6 1 189
6 1 190
6 1 191
6 1 192
6 1 193
6 1 194
6 1 195
6 1 196
6 1 197
6 1 198
6 1 199
6 1 200
6 1 201
6 1 202
6 1 203
6 1 204
6 1 205
6 1 206
6 1 207
6 1 208
6 1 209
6 1 210
6 1 211
6 1 212
6 1 213
6 1 214
6 1 215
6 1 216
6 1 217
6 1 218
6 1 219
6 1 220
6 1 221
6 1 222
6 1 223
6 1 224
6 1 225
6 1 226
6 1 227
6 1 228
6 1 229
6 1 230
6 1 231
6 1 232
6 1 233
6 1 234
6 1 235
6 1 236
6 1 237
6 1 238
6 1 239
!!node 5!!
6.5 1 0
6.5 1 1
6.5 1 2
6.5 1 3
6.5 1 4
6.5 1 5
6.5 1 6
6.5 1 7
6.5 1 8
6.5 1 9
6.5 1 10
6.5 1 11
6.5 1 12
6.5 1 13
6.5 1 14
6.5 1 15
6.5 1 16
6.5 1 17
6.5 1 18
6.5 1 19
6.5 1 20
6.5 1 21
6.5 1 22
6.5 1 23
6.5 1 24
6.5 1 25
6.5 1 26
6.5 1 27
6.5 1 28
6.5 1 29
6.5 1 30
6.5 1 31
6.5 1 32
6.5 1 33
6.5 1 34
6.5 1 35
6.5 1 36
6.5 1 37
6.5 1 38
6.5 1 39
6.5 1 40
6.5 1 41
6.5 1 42
6.5 1 43
6.5 1 44
6.5 1 45
6.5 1 46
6.5 1 47
6.5 1 48
6.5 1 49
6.5 1 50
6.5 1 51
6.5 1 52
6.5 1 53
6.5 1 54
6.5 1 55
6.5 1 56
6.5 1 57
6.5 1 58
6.5 1 59
6.5 1 60
6.5 1 61
6.5 1 62
6.5 1 63
6.5 1 64
6.5 1 65
6.5 1 66
6.5 1 67
6.5 1 68
6.5 1 69
6.5 1 70
6.5 1 71
6.5 1 72
6.5 1 73
6.5 1 74
6.5 1 75
6.5 1 76
6.5 1 77
6.5 1 78
6.5 1 79
6.5 1 80
6.5 1 81
6.5 1 82
6.5 1 83
6.5 1 84
6.5 1 85
6.5 1 86
6.5 1 87
6.5 1 88
6.5 1 89
6.5 1 90
6.5 1 91
6.5 1 92
6.5 1 93
6.5 1 94
6.5 1 95
6.5 1 96
6.5 1 97
6.5 1 98
6.5 1 99
6.5 1 100
6.5 1 101
6.5 1 102
6.5 1 103
6.5 1 104
6.5 1 105
6.5 1 106
6.5 1 107
6.5 1 108
6.5 1 109
6.5 1 110
6.5 1 111
6.5 1 112
6.5 1 113
6.5 1 114
6.5 1 115
6.5 1 116
6.5 1 117
6.5 1 118
6.5 1 119
6.5 1 120
6.5 1 121
6.5 1 122
6.5 1 123
6.5 1 124
6.5 1 125
6.5 1 126
6.5 1 127
6.5 1 128
6.5 1 129
6.5 1 130
6.5 1 131
6.5 1 132
6.5 1 133
6.5 1 134
6.5 1 135
6.5 1 136
6.5 1 137
6.5 1 138
6.5 1 139
6.5 1 140
6.5 1 141
6.5 1 142
6.5 1 143
6.5 1 144
6.5 1 145
6.5 1 146
6.5 1 147
6.5 1 148
6.5 1 149
6.5 1 150
6.5 1 151
6.5 1 152
6.5 1 153
6.5 1 154
6.5 1 155
6.5 1 156
6.5 1 157
6.5 1 158
6.5 1 159
6.5 1 160
6.5 1 161
6.5 1 162
6.5 1 163
6.5 1 164
6.5 1 165
6.5 1 166
6.5 1 167
6.5 1 168
6.5 1 169
6.5 1 170
6.5 1 171
6.5 1 172
6.5 1 173
6.5 1 174
6.5 1 175
6.5 1 176
6.5 1 177
6.5 1 178
6.5 1 179
6.5 1 180
6.5 1 181
6.5 1 182
6.5 1 183
6.5 1 184
6.5 1 185
6.5 1 186
6.5 1 187
6.5 1 188
6.5 1 189
6.5 1 190
6.5 1 191
6.5 1 192
6.5 1 193
6.5 1 194
6.5 1 195
6.5 1 196
6.5 1 197
6.5 1 198
6.5 1 199
6.5 1 200
6.5 1 201
6.5 1 202
6.5 1 203
6.5 1 204
6.5 1 205
6.5 1 206
6.5 1 207
6.5 1 208
6.5 1 209
6.5 1 210
6.5 1 211
6.5 1 212
6.5 1 213
6.5 1 214
6.5 1 215
6.5 1 216
6.5 1 217
6.5 1 218
6.5 1 219
6.5 1 220
6.5 1 221
6.5 1 222
6.5 1 223
6.5 1 224
6.5 1 225
6.5 1 226
6.5 1 227
6.5 1 228
6.5 1 229
6.5 1 230
6.5 1 231
6.5 1 232
6.5 1 233
6.5 1 234
6.5 1 235
6.5 1 236
6.5 1 237
6.5 1 238
6.5 1 239
!!node 6!!
7 1 0
7 1 1
7 1 2
7 1 3
7 1 4
7 1 5
7 1 6
7 1 7
7 1 8
7 1 9
7 1 10
7 1 11
7 1 12
7 1 13
7 1 14
7 1 15
7 1 16
7 1 17
7 1 18
7 1 19
7 1 20
7 1 21
7 1 22
7 1 23
7 1 24
7 1 25
7 1 26
7 1 27
7 1 28
7 1 29
7 1 30
7 1 31
7 1 32
7 1 33
7 1 34
7 1 35
7 1 36
7 1 37
7 1 38
7 1 39
7 1 40
7 1 41
7 1 42
7 1 43
7 1 44
7 1 45
7 1 46
7 1 47
7 1 48
7 1 49
7 1 50
7 1 51
7 1 52
7 1 53
7 1 54
7 1 55
7 1 56
7 1 57
7 1 58
7 1 59
7 1 60
7 1 61
7 1 62
7 1 63
7 1 64
7 1 65
7 1 66
7 1 67
7 1 68
7 1 69
7 1 70
7 1 71
7 1 72
7 1 73
7 1 74
7 1 75
7 1 76
7 1 77
7 1 78
7 1 79
7 1 80
7 1 81
7 1 82
7 1 83
7 1 84
7 1 85
7 1 86
7 1 87
7 1 88
7 1 89
7 1 90
7 1 91
7 1 92
7 1 93
7 1 94
7 1 95
7 1 96
7 1 97
7 1 98
7 1 99
7 1 100
7 1 101
7 1 102
7 1 103
7 1 104
7 1 105
7 1 106
7 1 107
7 1 108
7 1 109
7 1 110
7 1 111
7 1 112
7 1 113
7 1 114
7 1 115
7 1 116
7 1 117
7 1 118
7 1 119
7 1 120
7 1 121
7 1 122
7 1 123
7 1 124
7 1 125
7 1 126
7 1 127
7 1 128
7 1 129
7 1 130
7 1 131
7 1 132
7 1 133
7 1 134
7 1 135
7 1 136
7 1 137
7 1 138
7 1 139
7 1 140
7 1 141
7 1 142
7 1 143
7 1 144
7 1 145
7 1 146
7 1 147
7 1 148
7 1 149
7 1 150
7 1 151
7 1 152
7 1 153
7 1 154
7 1 155
7 1 156
7 1 157
7 1 158
7 1 159
7 1 160
7 1 161
7 1 162
7 1 163
7 1 164
7 1 165
7 1 166
7 1 167
7 1 168
7 1 169
7 1 170
7 1 171
7 1 172
7 1 173
7 1 174
7 1 175
7 1 176
7 1 177
7 1 178
7 1 179
7 1 180
7 1 181
7 1 182
7 1 183
7 1 184
7 1 185
7 1 186
7 1 187
7 1 188
7 1 189
7 1 190
7 1 191
7 1 192
7 1 193
7 1 194
7 1 195
7 1 196
7 1 197
7 1 198
7 1 199
7 1 200
7 1 201
7 1 202
7 1 203
7 1 204
7 1 205
7 1 206
7 1 207
7 1 208
7 1 209
7 1 210
7 1 211
7 1 212
7 1 213
7 1 214
7 1 215
7 1 216
7 1 217
7 1 218
7 1 219
7 1 220
7 1 221
7 1 222
7 1 223
7 1 224
7 1 225
7 1 226
7 1 227
7 1 228
7 1 229
7 1 230
7 1 231
7 1 232
7 1 233
7 1 234
7 1 235
7 1 236
7 1 237
7 1 238
7 1 239
!!node 7!!
7.5 1 0
7.5 1 1
7.5 1 2
7.5 1 3
7.5 1 4
7.5 1 5
7.5 1 6
7.5 1 7
7.5 1 8
7.5 1 9
7.5 1 10
7.5 1 11
7.5 1 12
7.5 1 13
7.5 1 14
7.5 1 15
7.5 1 16
7.5 1 17
7.5 1 18
7.5 1 19
7.5 1 20
7.5 1 21
7.5 1 22
7.5 1 23
7.5 1 24
7.5 1 25
7.5 1 26
7.5 1 27
7.5 1 28
7.5 1 29
7.5 1 30
7.5 1 31
7.5 1 32
7.5 1 33
7.5 1 34
7.5 1 35
7.5 1 36
7.5 1 37
7.5 1 38
7.5 1 39
7.5 1 40
7.5 1 41
7.5 1 42
7.5 1 43
7.5 1 44
7.5 1 45
7.5 1 46
7.5 1 47
7.5 1 48
7.5 1 49
7.5 1 50
7.5 1 51
7.5 1 52
7.5 1 53
7.5 1 54
7.5 1 55
7.5 1 56
7.5 1 57
7.5 1 58
7.5 1 59
7.5 1 60
7.5 1 61
7.5 1 62
7.5 1 63
7.5 1 64
7.5 1 65
7.5 1 66
7.5 1 67
7.5 1 68
7.5 1 69
7.5 1 70
7.5 1 71
7.5 1 72
7.5 1 73
7.5 1 74
7.5 1 75
7.5 1 76
7.5 1 77
7.5 1 78
7.5 1 79
7.5 1 80
7.5 1 81
7.5 1 82
7.5 1 83
7.5 1 84
7.5 1 85
7.5 1 86
7.5 1 87
7.5 1 88
7.5 1 89
7.5 1 90
7.5 1 91
7.5 1 92
7.5 1 93
7.5 1 94
7.5 1 95
7.5 1 96
7.5 1 97
7.5 1 98
7.5 1 99
7.5 1 100
7.5 1 101
7.5 1 102
7.5 1 103
7.5 1 104
7.5 1 105
7.5 1 106
7.5 1 107
7.5 1 108
7.5 1 109
7.5 1 110
7.5 1 111
7.5 1 112
7.5 1 113
7.5 1 114
7.5 1 115
7.5 1 116
7.5 1 117
7.5 1 118
7.5 1 119
7.5 1 120
7.5 1 121
7.5 1 122
7.5 1 123
7.5 1 124
7.5 1 125
7.5 1 126
7.5 1 127
7.5 1 128
7.5 1 129
7.5 1 130
7.5 1 131
7.5 1 132
7.5 1 133
7.5 1 134
7.5 1 135
7.5 1 136
7.5 1 137
7.5 1 138
7.5 1 139
7.5 1 140
7.5 1 141
7.5 1 142
7.5 1 143
7.5 1 144
7.5 1 145
7.5 1 146
7.5 1 147
7.5 1 148
7.5 1 149
7.5 1 150
7.5 1 151
7.5 1 152
7.5 1 153
7.5 1 154
7.5 1 155
7.5 1 156
7.5 1 157
7.5 1 158
7.5 1 159
7.5 1 160
7.5 1 161
7.5 1 162
7.5 1 163
7.5 1 164
7.5 1 165
7.5 1 166
7.5 1 167
7.5 1 168
7.5 1 169
7.5 1 170
7.5 1 171
7.5 1 172
7.5 1 173
7.5 1 174
7.5 1 175
7.5 1 176
7.5 1 177
7.5 1 178
7.5 1 179
7.5 1 180
7.5 1 181
7.5 1 182
7.5 1 183
7.5 1 184
7.5 1 185
7.5 1 186
7.5 1 187
7.5 1 188
7.5 1 189
7.5 1 190
7.5 1 191
7.5 1 192
7.5 1 193
7.5 1 194
7.5 1 195
7.5 1 196
7.5 1 197
7.5 1 198
7.5 1 199
7.5 1 200
7.5 1 201
7.5 1 202
7.5 1 203
7.5 1 204
7.5 1 205
7.5 1 206
7.5 1 207
7.5 1 208
7.5 1 209
7.5 1 210
7.5 1 211
7.5 1 212
7.5 1 213
7.5 1 214
7.5 1 215
7.5 1 216
7.5 1 217
7.5 1 218
7.5 1 219
7.5 1 220
7.5 1 221
7.5 1 222
7.5 1 223
7.5 1 224
7.5 1 225
7.5 1 226
7.5 1 227
7.5 1 228
7.5 1 229
7.5 1 230
7.5 1 231
7.5 1 232
7.5 1 233
7.5 1 234
7.5 1 235
7.5 1 236
7.5 1 237
7.5 1 238
7.5 1 239
!!node 8!!
8 1 0
8 1 1
8 1 2
8 1 3
8 1 4
8 1 5
8 1 6
8 1 7
8 1 8
8 1 9
8 1 10
8 1 11
8 1 12
8 1 13
8 1 14
8 1 15
8 1 16
8 1 17
8 1 18
8 1 19
8 1 20
8 1 21
8 1 22
8 1 23
8 1 24
8 1 25
8 1 26
8 1 27
8 1 28
8 1 29
8 1 30
8 1 31
8 1 32
8 1 33
8 1 34
8 1 35
8 1 36
8 1 37
8 1 38
8 1 39
8 1 40
8 1 41
8 1 42
8 1 43
8 1 44
8 1 45
8 1 46
8 1 47
8 1 48
8 1 49
8 1 50
8 1 51
8 1 52
8 1 53
8 1 54
8 1 55
8 1 56
8 1 57
8 1 58
8 1 59
8 1 60
8 1 61
8 1 62
8 1 63
8 1 64
8 1 65
8 1 66
8 1 67
8 1 68
8 1 69
8 1 70
8 1 71
8 1 72
8 1 73
8 1 74
8 1 75
8 1 76
8 1 77
8 1 78
8 1 79
8 1 80
8 1 81
8 1 82
8 1 83
8 1 84
8 1 85
8 1 86
8 1 87
8 1 88
8 1 89
8 1 90
8 1 91
8 1 92
8 1 93
8 1 94
8 1 95
8 1 96
8 1 97
8 1 98
8 1 99
8 1 100
8 1 101
8 1 102
8 1 103
8 1 104
8 1 105
8 1 106
8 1 107
8 1 108
8 1 109
8 1 110
8 1 111
8 1 112
8 1 113
8 1 114
8 1 115
8 1 116
8 1 117
8 1 118
8 1 119
8 1 120
8 1 121
8 1 122
8 1 123
8 1 124
8 1 125
8 1 126
8 1 127
8 1 128
8 1 129
8 1 130
8 1 131
8 1 132
8 1 133
8 1 134
8 1 135
8 1 136
8 1 137
8 1 138
8 1 139
8 1 140
8 1 141
8 1 142
8 1 143
8 1 144
8 1 145
8 1 146
8 1 147
8 1 148
8 1 149
8 1 150
8 1 151
8 1 152
8 1 153
8 1 154
8 1 155
8 1 156
8 1 157
8 1 158
8 1 159
8 1 160
8 1 161
8 1 162
8 1 163
8 1 164
8 1 165
8 1 166
8 1 167
8 1 168
8 1 169
8 1 170
8 1 171
8 1 172
8 1 173
8 1 174
8 1 175
8 1 176
8 1 177
8 1 178
8 1 179
8 1 180
8 1 181
8 1 182
8 1 183
8 1 184
8 1 185
8 1 186
8 1 187
8 1 188
8 1 189
8 1 190
8 1 191
8 1 192
8 1 193
8 1 194
8 1 195
8 1 196
8 1 197
8 1 198
8 1 199
8 1 200
8 1 201
8 1 202
8 1 203
8 1 204
8 1 205
8 1 206
8 1 207
8 1 208
8 1 209
8 1 210
8 1 211
8 1 212
8 1 213
8 1 214
8 1 215
8 1 216
8 1 217
8 1 218
8 1 219
8 1 220
8 1 221
8 1 222
8 1 223
8 1 224
8 1 225
8 1 226
8 1 227
8 1 228
8 1 229
8 1 230
8 1 231
8 1 232
8 1 233
8 1 234
8 1 235
8 1 236
8 1 237
8 1 238
8 1 239
!!node 9!!
8.5 1 0
8.5 1 1
8.5 1 2
8.5 1 3
8.5 1 4
8.5 1 5
8.5 1 6
8.5 1 7
8.5 1 8
8.5 1 9
8.5 1 10
8.5 1 11
8.5 1 12
8.5 1 13
8.5 1 14
8.5 1 15
8.5 1 16
8.5 1 17
8.5 1 18
8.5 1 19
8.5 1 20
8.5 1 21
8.5 1 22
8.5 1 23
8.5 1 24
8.5 1 25
8.5 1 26
8.5 1 27
8.5 1 28
8.5 1 29
8.5 1 30
8.5 1 31
8.5 1 32
8.5 1 33
8.5 1 34
8.5 1 35
8.5 1 36
8.5 1 37
8.5 1 38
8.5 1 39
8.5 1 40
8.5 1 41
8.5 1 42
8.5 1 43
8.5 1 44
8.5 1 45
8.5 1 46
8.5 1 47
8.5 1 48
8.5 1 49
8.5 1 50
8.5 1 51
8.5 1 52
8.5 1 53
8.5 1 54
8.5 1 55
8.5 1 56
8.5 1 57
8.5 1 58
8.5 1 59
8.5 1 60
8.5 1 61
8.5 1 62
8.5 1 63
8.5 1 64
8.5 1 65
8.5 1 66
8.5 1 67
8.5 1 68
8.5 1 69
8.5 1 70
8.5 1 71
8.5 1 72
8.5 1 73
8.5 1 74
8.5 1 75
8.5 1 76
8.5 1 77
8.5 1 78
8.5 1 79
8.5 1 80
8.5 1 81
8.5 1 82
8.5 1 83
8.5 1 84
8.5 1 85
8.5 1 86
8.5 1 87
8.5 1 88
8.5 1 89
8.5 1 90
8.5 1 91
8.5 1 92
8.5 1 93
8.5 1 94
8.5 1 95
8.5 1 96
8.5 1 97
8.5 1 98
8.5 1 99
8.5 1 100
8.5 1 101
8.5 1 102
8.5 1 103
8.5 1 104
8.5 1 105
8.5 1 106
8.5 1 107
8.5 1 108
8.5 1 109
8.5 1 110
8.5 1 111
8.5 1 112
8.5 1 113
8.5 1 114
8.5 1 115
8.5 1 116
8.5 1 117
8.5 1 118
8.5 1 119
8.5 1 120
8.5 1 121
8.5 1 122
8.5 1 123
8.5 1 124
8.5 1 125
8.5 1 126
8.5 1 127
8.5 1 128
8.5 1 129
8.5 1 130
8.5 1 131
8.5 1 132
8.5 1 133
8.5 1 134
8.5 1 135
8.5 1 136
8.5 1 137
8.5 1 138
8.5 1 139
8.5 1 140
8.5 1 141
8.5 1 142
8.5 1 143
8.5 1 144
8.5 1 145
8.5 1 146
8.5 1 147
8.5 1 148
8.5 1 149
8.5 1 150
8.5 1 151
8.5 1 152
8.5 1 153
8.5 1 154
8.5 1 155
8.5 1 156
8.5 1 157
8.5 1 158
8.5 1 159
8.5 1 160
8.5 1 161
8.5 1 162
8.5 1 163
8.5 1 164
8.5 1 165
8.5 1 166
8.5 1 167
8.5 1 168
8.5 1 169
8.5 1 170
8.5 1 171
8.5 1 172
8.5 1 173
8.5 1 174
8.5 1 175
8.5 1 176
8.5 1 177
8.5 1 178
8.5 1 179
8.5 1 180
8.5 1 181
8.5 1 182
8.5 1 183
8.5 1 184
8.5 1 185
8.5 1 186
8.5 1 187
8.5 1 188
8.5 1 189
8.5 1 190
8.5 1 191
8.5 1 192
8.5 1 193
8.5 1 194
8.5 1 195
8.5 1 196
8.5 1 197
8.5 1 198
8.5 1 199
8.5 1 200
8.5 1 201
8.5 1 202
8.5 1 203
8.5 1 204
8.5 1 205
8.5 1 206
8.5 1 207
8.5 1 208
8.5 1 209
8.5 1 210
8.5 1 211
8.5 1 212
8.5 1 213
8.5 1 214
8.5 1 215
8.5 1 216
8.5 1 217
8.5 1 218
8.5 1 219
8.5 1 220
8.5 1 221
8.5 1 222
8.5 1 223
8.5 1 224
8.5 1 225
8.5 1 226
8.5 1 227
8.5 1 228
8.5 1 229
8.5 1 230
8.5 1 231
8.5 1 232
8.5 1 233
8.5 1 234
8.5 1 235
8.5 1 236
8.5 1 237
8.5 1 238
8.5 1 239
!!node 10!!
9 1 0
9 1 1
9 1 2
9 1 3
9 1 4
9 1 5
9 1 6
9 1 7
9 1 8
9 1 9
9 1 10
9 1 11
9 1 12
9 1 13
9 1 14
9 1 15
9 1 16
9 1 17
9 1 18
9 1 19
9 1 20
9 1 21
9 1 22
9 1 23
9 1 24
9 1 25
9 1 26
9 1 27
9 1 28
9 1 29
9 1 30
9 1 31
9 1 32
9 1 33
9 1 34
9 1 35
9 1 36
9 1 37
9 1 38
9 1 39
9 1 40
9 1 41
9 1 42
9 1 43
9 1 44
9 1 45
9 1 46
9 1 47
9 1 48
9 1 49
9 1 50
9 1 51
9 1 52
9 1 53
9 1 54
9 1 55
9 1 56
9 1 57
9 1 58
9 1 59
9 1 60
9 1 61
9 1 62
9 1 63
9 1 64
9 1 65
9 1 66
9 1 67
9 1 68
9 1 69
9 1 70
9 1 71
9 1 72
9 1 73
9 1 74
9 1 75
9 1 76
9 1 77
9 1 78
9 1 79
9 1 80
9 1 81
9 1 82
9 1 83
9 1 84
9 1 85
9 1 86
9 1 87
9 1 88
9 1 89
9 1 90
9 1 91
9 1 92
9 1 93
9 1 94
9 1 95
9 1 96
9 1 97
9 1 98
9 1 99
9 1 100
9 1 101
9 1 102
9 1 103
9 1 104
9 1 105
9 1 106
9 1 107
9 1 108
9 1 109
9 1 110
9 1 111
9 1 112
9 1 113
9 1 114
9 1 115
9 1 116
9 1 117
9 1 118
9 1 119
9 1 120
9 1 121
9 1 122
9 1 123
9 1 124
9 1 125
9 1 126
9 1 127
9 1 128
9 1 129
9 1 130
9 1 131
9 1 132
9 1 133
9 1 134
9 1 135
9 1 136
9 1 137
9 1 138
9 1 139
9 1 140
9 1 141
9 1 142
9 1 143
9 1 144
9 1 145
9 1 146
9 1 147
9 1 148
9 1 149
9 1 150
9 1 151
9 1 152
9 1 153
9 1 154
9 1 155
9 1 156
9 1 157
9 1 158
9 1 159
9 1 160
9 1 161
9 1 162
9 1 163
9 1 164
9 1 165
9 1 166
9 1 167
9 1 168
9 1 169
9 1 170
9 1 171
9 1 172
9 1 173
9 1 174
9 1 175
9 1 176
9 1 177
9 1 178
9 1 179
9 1 180
9 1 181
9 1 182
9 1 183
9 1 184
9 1 185
9 1 186
9 1 187
9 1 188
9 1 189
9 1 190
9 1 191
9 1 192
9 1 193
9 1 194
9 1 195
9 1 196
9 1 197
9 1 198
9 1 199
9 1 200
9 1 201
9 1 202
9 1 203
9 1 204
9 1 205
9 1 206
9 1 207
9 1 208
9 1 209
9 1 210
9 1 211
9 1 212
9 1 213
9 1 214
9 1 215
9 1 216
9 1 217
9 1 218
9 1 219
9 1 220
9 1 221
9 1 222
9 1 223
9 1 224
9 1 225
9 1 226
9 1 227
9 1 228
9 1 229
9 1 230
9 1 231
9 1 232
9 1 233
9 1 234
9 1 235
9 1 236
9 1 237
9 1 238
9 1 239
!!node 11!!
9.5 1 0
9.5 1 1
9.5 1 2
9.5 1 3
9.5 1 4
9.5 1 5
9.5 1 6
9.5 1 7
9.5 1 8
9.5 1 9
9.5 1 10
9.5 1 11
9.5 1 12
9.5 1 13
9.5 1 14
9.5 1 15
9.5 1 16
9.5 1 17
9.5 1 18
9.5 1 19
9.5 1 20
9.5 1 21
9.5 1 22
9.5 1 23
9.5 1 24
9.5 1 25
9.5 1 26
9.5 1 27
9.5 1 28
9.5 1 29
9.5 1 30
9.5 1 31
9.5 1 32
9.5 1 33
9.5 1 34
9.5 1 35
9.5 1 36
9.5 1 37
9.5 1 38
9.5 1 39
9.5 1 40
9.5 1 41
9.5 1 42
9.5 1 43
9.5 1 44
9.5 1 45
9.5 1 46
9.5 1 47
9.5 1 48
9.5 1 49
9.5 1 50
9.5 1 51
9.5 1 52
9.5 1 53
9.5 1 54
9.5 1 55
9.5 1 56
9.5 1 57
9.5 1 58
9.5 1 59
9.5 1 60
9.5 1 61
9.5 1 62
9.5 1 63
9.5 1 64
9.5 1 65
9.5 1 66
9.5 1 67
9.5 1 68
9.5 1 69
9.5 1 70
9.5 1 71
9.5 1 72
9.5 1 73
9.5 1 74
9.5 1 75
9.5 1 76
9.5 1 77
9.5 1 78
9.5 1 79
9.5 1 80
9.5 1 81
9.5 1 82
9.5 1 83
9.5 1 84
9.5 1 85
9.5 1 86
9.5 1 87
9.5 1 88
9.5 1 89
9.5 1 90
9.5 1 91
9.5 1 92
9.5 1 93
9.5 1 94
9.5 1 95
9.5 1 96
9.5 1 97
9.5 1 98
9.5 1 99
9.5 1 100
9.5 1 101
9.5 1 102
9.5 1 103
9.5 1 104
9.5 1 105
9.5 1 106
9.5 1 107
9.5 1 108
9.5 1 109
9.5 1 110
9.5 1 111
9.5 1 112
9.5 1 113
9.5 1 114
9.5 1 115
9.5 1 116
9.5 1 117
9.5 1 118
9.5 1 119
9.5 1 120
9.5 1 121
9.5 1 122
9.5 1 123
9.5 1 124
9.5 1 125
9.5 1 126
9.5 1 127
9.5 1 128
9.5 1 129
9.5 1 130
9.5 1 131
9.5 1 132
9.5 1 133
9.5 1 134
9.5 1 135
9.5 1 136
9.5 1 137
9.5 1 138
9.5 1 139
9.5 1 140
9.5 1 141
9.5 1 142
9.5 1 143
9.5 1 144
9.5 1 145
9.5 1 146
9.5 1 147
9.5 1 148
9.5 1 149
9.5 1 150
9.5 1 151
9.5 1 152
9.5 1 153
9.5 1 154
9.5 1 155
9.5 1 156
9.5 1 157
9.5 1 158
9.5 1 159
9.5 1 160
9.5 1 161
9.5 1 162
9.5 1 163
9.5 1 164
9.5 1 165
9.5 1 166
9.5 1 167
9.5 1 168
9.5 1 169
9.5 1 170
9.5 1 171
9.5 1 172
9.5 1 173
9.5 1 174
9.5 1 175
9.5 1 176
9.5 1 177
9.5 1 178
9.5 1 179
9.5 1 180
9.5 1 181
9.5 1 182
9.5 1 183
9.5 1 184
9.5 1 185
9.5 1 186
9.5 1 187
9.5 1 188
9.5 1 189
9.5 1 190
9.5 1 191
9.5 1 192
9.5 1 193
9.5 1 194
9.5 1 195
9.5 1 196
9.5 1 197
9.5 1 198
9.5 1 199
9.5 1 200
9.5 1 201
9.5 1 202
9.5 1 203
9.5 1 204
9.5 1 205
9.5 1 206
9.5 1 207
9.5 1 208
9.5 1 209
9.5 1 210
9.5 1 211
9.5 1 212
9.5 1 213
9.5 1 214
9.5 1 215
9.5 1 216
9.5 1 217
9.5 1 218
9.5 1 219
9.5 1 220
9.5 1 221
9.5 1 222
9.5 1 223
9.5 1 224
9.5 1 225
9.5 1 226
9.5 1 227
9.5 1 228
9.5 1 229
9.5 1 230
9.5 1 231
9.5 1 232
9.5 1 233
9.5 1 234
9.5 1 235
9.5 1 236
9.5 1 237
9.5 1 238
9.5 1 239
