!!node 0!!
20 2 0.8 0
20 2 0.8 1
20 2 0.8 2
20 2 0.8 3
20 2 0.8 4
20 2 0.8 5
20 2 0.8 6
20 2 0.8 7
20 2 0.8 8
20 2 0.8 9
20 2 0.8 10
20 2 0.8 11
!!node 1!!
20 2 0.8 12
20 2 0.8 13
20 2 0.8 14
20 2 0.8 15
20 2 0.8 16
20 2 0.8 17
20 2 0.8 18
20 2 0.8 19
20 2 0.8 20
20 2 0.8 21
20 2 0.8 22
20 2 0.8 23
!!node 2!!
20 2 0.8 24
20 2 0.8 25
20 2 0.8 26
20 2 0.8 27
20 2 0.8 28
20 2 0.8 29
20 2 0.8 30
20 2 0.8 31
20 2 0.8 32
20 2 0.8 33
20 2 0.8 34
20 2 0.8 35
!!node 3!!
20 2 0.8 36
20 2 0.8 37
20 2 0.8 38
20 2 0.8 39
20 2 0.8 40
20 2 0.8 41
20 2 0.8 42
20 2 0.8 43
20 2 0.8 44
20 2 0.8 45
20 2 0.8 46
20 2 0.8 47
!!node 4!!
20 2 0.8 48
20 2 0.8 49
20 2 0.8 50
20 2 0.8 51
20 2 0.8 52
20 2 0.8 53
20 2 0.8 54
20 2 0.8 55
20 2 0.8 56
20 2 0.8 57
20 2 0.8 58
20 2 0.8 59
!!node 5!!
20 2 0.8 60
20 2 0.8 61
20 2 0.8 62
20 2 0.8 63
20 2 0.8 64
20 2 0.8 65
20 2 0.8 66
20 2 0.8 67
20 2 0.8 68
20 2 0.8 69
20 2 0.8 70
20 2 0.8 71
!!node 6!!
20 2 0.8 72
20 2 0.8 73
20 2 0.8 74
20 2 0.8 75
20 2 0.8 76
20 2 0.8 77
20 2 0.8 78
20 2 0.8 79
20 2 0.8 80
20 2 0.8 81
20 2 0.8 82
20 2 0.8 83
!!node 7!!
20 2 0.8 84
20 2 0.8 85
20 2 0.8 86
20 2 0.8 87
20 2 0.8 88
20 2 0.8 89
20 2 0.8 90
20 2 0.8 91
20 2 0.8 92
20 2 0.8 93
20 2 0.8 94
20 2 0.8 95
!!node 8!!
20 2 0.8 96
20 2 0.8 97
20 2 0.8 98
20 2 0.8 99
21 2 0.8 0
21 2 0.8 1
21 2 0.8 2
21 2 0.8 3
21 2 0.8 4
21 2 0.8 5
21 2 0.8 6
21 2 0.8 7
!!node 9!!
21 2 0.8 8
21 2 0.8 9
21 2 0.8 10
21 2 0.8 11
21 2 0.8 12
21 2 0.8 13
21 2 0.8 14
21 2 0.8 15
21 2 0.8 16
21 2 0.8 17
21 2 0.8 18
21 2 0.8 19
!!node 10!!
21 2 0.8 20
21 2 0.8 21
21 2 0.8 22
21 2 0.8 23
21 2 0.8 24
21 2 0.8 25
21 2 0.8 26
21 2 0.8 27
21 2 0.8 28
21 2 0.8 29
21 2 0.8 30
21 2 0.8 31
!!node 11!!
21 2 0.8 32
21 2 0.8 33
21 2 0.8 34
21 2 0.8 35
21 2 0.8 36
21 2 0.8 37
21 2 0.8 38
21 2 0.8 39
21 2 0.8 40
21 2 0.8 41
21 2 0.8 42
21 2 0.8 43
!!node 12!!
21 2 0.8 44
21 2 0.8 45
21 2 0.8 46
21 2 0.8 47
21 2 0.8 48
21 2 0.8 49
21 2 0.8 50
21 2 0.8 51
21 2 0.8 52
21 2 0.8 53
21 2 0.8 54
21 2 0.8 55
!!node 13!!
21 2 0.8 56
21 2 0.8 57
21 2 0.8 58
21 2 0.8 59
21 2 0.8 60
21 2 0.8 61
21 2 0.8 62
21 2 0.8 63
21 2 0.8 64
21 2 0.8 65
21 2 0.8 66
21 2 0.8 67
!!node 14!!
21 2 0.8 68
21 2 0.8 69
21 2 0.8 70
21 2 0.8 71
21 2 0.8 72
21 2 0.8 73
21 2 0.8 74
21 2 0.8 75
21 2 0.8 76
21 2 0.8 77
21 2 0.8 78
21 2 0.8 79
!!node 15!!
21 2 0.8 80
21 2 0.8 81
21 2 0.8 82
21 2 0.8 83
21 2 0.8 84
21 2 0.8 85
21 2 0.8 86
21 2 0.8 87
21 2 0.8 88
21 2 0.8 89
21 2 0.8 90
21 2 0.8 91
!!node 16!!
21 2 0.8 92
21 2 0.8 93
21 2 0.8 94
21 2 0.8 95
21 2 0.8 96
21 2 0.8 97
21 2 0.8 98
21 2 0.8 99
22 2 0.8 0
22 2 0.8 1
22 2 0.8 2
22 2 0.8 3
!!node 17!!
22 2 0.8 4
22 2 0.8 5
22 2 0.8 6
22 2 0.8 7
22 2 0.8 8
22 2 0.8 9
22 2 0.8 10
22 2 0.8 11
22 2 0.8 12
22 2 0.8 13
22 2 0.8 14
22 2 0.8 15
!!node 18!!
22 2 0.8 16
22 2 0.8 17
22 2 0.8 18
22 2 0.8 19
22 2 0.8 20
22 2 0.8 21
22 2 0.8 22
22 2 0.8 23
22 2 0.8 24
22 2 0.8 25
22 2 0.8 26
22 2 0.8 27
!!node 19!!
22 2 0.8 28
22 2 0.8 29
22 2 0.8 30
22 2 0.8 31
22 2 0.8 32
22 2 0.8 33
22 2 0.8 34
22 2 0.8 35
22 2 0.8 36
22 2 0.8 37
22 2 0.8 38
22 2 0.8 39
!!node 20!!
22 2 0.8 40
22 2 0.8 41
22 2 0.8 42
22 2 0.8 43
22 2 0.8 44
22 2 0.8 45
22 2 0.8 46
22 2 0.8 47
22 2 0.8 48
22 2 0.8 49
22 2 0.8 50
22 2 0.8 51
!!node 21!!
22 2 0.8 52
22 2 0.8 53
22 2 0.8 54
22 2 0.8 55
22 2 0.8 56
22 2 0.8 57
22 2 0.8 58
22 2 0.8 59
22 2 0.8 60
22 2 0.8 61
22 2 0.8 62
22 2 0.8 63
!!node 22!!
22 2 0.8 64
22 2 0.8 65
22 2 0.8 66
22 2 0.8 67
22 2 0.8 68
22 2 0.8 69
22 2 0.8 70
22 2 0.8 71
22 2 0.8 72
22 2 0.8 73
22 2 0.8 74
22 2 0.8 75
!!node 23!!
22 2 0.8 76
22 2 0.8 77
22 2 0.8 78
22 2 0.8 79
22 2 0.8 80
22 2 0.8 81
22 2 0.8 82
22 2 0.8 83
22 2 0.8 84
22 2 0.8 85
22 2 0.8 86
22 2 0.8 87
!!node 24!!
22 2 0.8 88
22 2 0.8 89
22 2 0.8 90
22 2 0.8 91
22 2 0.8 92
22 2 0.8 93
22 2 0.8 94
22 2 0.8 95
22 2 0.8 96
22 2 0.8 97
22 2 0.8 98
22 2 0.8 99
!!node 25!!
23 2 0.8 0
23 2 0.8 1
23 2 0.8 2
23 2 0.8 3
23 2 0.8 4
23 2 0.8 5
23 2 0.8 6
23 2 0.8 7
23 2 0.8 8
23 2 0.8 9
23 2 0.8 10
23 2 0.8 11
!!node 26!!
23 2 0.8 12
23 2 0.8 13
23 2 0.8 14
23 2 0.8 15
23 2 0.8 16
23 2 0.8 17
23 2 0.8 18
23 2 0.8 19
23 2 0.8 20
23 2 0.8 21
23 2 0.8 22
23 2 0.8 23
!!node 27!!
23 2 0.8 24
23 2 0.8 25
23 2 0.8 26
23 2 0.8 27
23 2 0.8 28
23 2 0.8 29
23 2 0.8 30
23 2 0.8 31
23 2 0.8 32
23 2 0.8 33
23 2 0.8 34
23 2 0.8 35
!!node 28!!
23 2 0.8 36
23 2 0.8 37
23 2 0.8 38
23 2 0.8 39
23 2 0.8 40
23 2 0.8 41
23 2 0.8 42
23 2 0.8 43
23 2 0.8 44
23 2 0.8 45
23 2 0.8 46
23 2 0.8 47
!!node 29!!
23 2 0.8 48
23 2 0.8 49
23 2 0.8 50
23 2 0.8 51
23 2 0.8 52
23 2 0.8 53
23 2 0.8 54
23 2 0.8 55
23 2 0.8 56
23 2 0.8 57
23 2 0.8 58
23 2 0.8 59
!!node 30!!
23 2 0.8 60
23 2 0.8 61
23 2 0.8 62
23 2 0.8 63
23 2 0.8 64
23 2 0.8 65
23 2 0.8 66
23 2 0.8 67
23 2 0.8 68
23 2 0.8 69
23 2 0.8 70
23 2 0.8 71
!!node 31!!
23 2 0.8 72
23 2 0.8 73
23 2 0.8 74
23 2 0.8 75
23 2 0.8 76
23 2 0.8 77
23 2 0.8 78
23 2 0.8 79
23 2 0.8 80
23 2 0.8 81
23 2 0.8 82
23 2 0.8 83
!!node 32!!
23 2 0.8 84
23 2 0.8 85
23 2 0.8 86
23 2 0.8 87
23 2 0.8 88
23 2 0.8 89
23 2 0.8 90
23 2 0.8 91
23 2 0.8 92
23 2 0.8 93
23 2 0.8 94
23 2 0.8 95
!!node 33!!
23 2 0.8 96
23 2 0.8 97
23 2 0.8 98
23 2 0.8 99
24 2 0.8 0
24 2 0.8 1
24 2 0.8 2
24 2 0.8 3
24 2 0.8 4
24 2 0.8 5
24 2 0.8 6
24 2 0.8 7
!!node 34!!
24 2 0.8 8
24 2 0.8 9
24 2 0.8 10
24 2 0.8 11
24 2 0.8 12
24 2 0.8 13
24 2 0.8 14
24 2 0.8 15
24 2 0.8 16
24 2 0.8 17
24 2 0.8 18
24 2 0.8 19
!!node 35!!
24 2 0.8 20
24 2 0.8 21
24 2 0.8 22
24 2 0.8 23
24 2 0.8 24
24 2 0.8 25
24 2 0.8 26
24 2 0.8 27
24 2 0.8 28
24 2 0.8 29
24 2 0.8 30
24 2 0.8 31
!!node 36!!
24 2 0.8 32
24 2 0.8 33
24 2 0.8 34
24 2 0.8 35
24 2 0.8 36
24 2 0.8 37
24 2 0.8 38
24 2 0.8 39
24 2 0.8 40
24 2 0.8 41
24 2 0.8 42
24 2 0.8 43
!!node 37!!
24 2 0.8 44
24 2 0.8 45
24 2 0.8 46
24 2 0.8 47
24 2 0.8 48
24 2 0.8 49
24 2 0.8 50
24 2 0.8 51
24 2 0.8 52
24 2 0.8 53
24 2 0.8 54
24 2 0.8 55
!!node 38!!
24 2 0.8 56
24 2 0.8 57
24 2 0.8 58
24 2 0.8 59
24 2 0.8 60
24 2 0.8 61
24 2 0.8 62
24 2 0.8 63
24 2 0.8 64
24 2 0.8 65
24 2 0.8 66
24 2 0.8 67
!!node 39!!
24 2 0.8 68
24 2 0.8 69
24 2 0.8 70
24 2 0.8 71
24 2 0.8 72
24 2 0.8 73
24 2 0.8 74
24 2 0.8 75
24 2 0.8 76
24 2 0.8 77
24 2 0.8 78
24 2 0.8 79
!!node 40!!
24 2 0.8 80
24 2 0.8 81
24 2 0.8 82
24 2 0.8 83
24 2 0.8 84
24 2 0.8 85
24 2 0.8 86
24 2 0.8 87
24 2 0.8 88
24 2 0.8 89
24 2 0.8 90
24 2 0.8 91
!!node 41!!
24 2 0.8 92
24 2 0.8 93
24 2 0.8 94
24 2 0.8 95
24 2 0.8 96
24 2 0.8 97
24 2 0.8 98
24 2 0.8 99
25 2 0.8 0
25 2 0.8 1
25 2 0.8 2
25 2 0.8 3
!!node 42!!
25 2 0.8 4
25 2 0.8 5
25 2 0.8 6
25 2 0.8 7
25 2 0.8 8
25 2 0.8 9
25 2 0.8 10
25 2 0.8 11
25 2 0.8 12
25 2 0.8 13
25 2 0.8 14
25 2 0.8 15
!!node 43!!
25 2 0.8 16
25 2 0.8 17
25 2 0.8 18
25 2 0.8 19
25 2 0.8 20
25 2 0.8 21
25 2 0.8 22
25 2 0.8 23
25 2 0.8 24
25 2 0.8 25
25 2 0.8 26
25 2 0.8 27
!!node 44!!
25 2 0.8 28
25 2 0.8 29
25 2 0.8 30
25 2 0.8 31
25 2 0.8 32
25 2 0.8 33
25 2 0.8 34
25 2 0.8 35
25 2 0.8 36
25 2 0.8 37
25 2 0.8 38
25 2 0.8 39
!!node 45!!
25 2 0.8 40
25 2 0.8 41
25 2 0.8 42
25 2 0.8 43
25 2 0.8 44
25 2 0.8 45
25 2 0.8 46
25 2 0.8 47
25 2 0.8 48
25 2 0.8 49
25 2 0.8 50
25 2 0.8 51
!!node 46!!
25 2 0.8 52
25 2 0.8 53
25 2 0.8 54
25 2 0.8 55
25 2 0.8 56
25 2 0.8 57
25 2 0.8 58
25 2 0.8 59
25 2 0.8 60
25 2 0.8 61
25 2 0.8 62
25 2 0.8 63
!!node 47!!
25 2 0.8 64
25 2 0.8 65
25 2 0.8 66
25 2 0.8 67
25 2 0.8 68
25 2 0.8 69
25 2 0.8 70
25 2 0.8 71
25 2 0.8 72
25 2 0.8 73
25 2 0.8 74
25 2 0.8 75
!!node 48!!
25 2 0.8 76
25 2 0.8 77
25 2 0.8 78
25 2 0.8 79
25 2 0.8 80
25 2 0.8 81
25 2 0.8 82
25 2 0.8 83
25 2 0.8 84
25 2 0.8 85
25 2 0.8 86
25 2 0.8 87
!!node 49!!
25 2 0.8 88
25 2 0.8 89
25 2 0.8 90
25 2 0.8 91
25 2 0.8 92
25 2 0.8 93
25 2 0.8 94
25 2 0.8 95
25 2 0.8 96
25 2 0.8 97
25 2 0.8 98
25 2 0.8 99
!!node 50!!
26 2 0.8 0
26 2 0.8 1
26 2 0.8 2
26 2 0.8 3
26 2 0.8 4
26 2 0.8 5
26 2 0.8 6
26 2 0.8 7
26 2 0.8 8
26 2 0.8 9
26 2 0.8 10
26 2 0.8 11
!!node 51!!
26 2 0.8 12
26 2 0.8 13
26 2 0.8 14
26 2 0.8 15
26 2 0.8 16
26 2 0.8 17
26 2 0.8 18
26 2 0.8 19
26 2 0.8 20
26 2 0.8 21
26 2 0.8 22
26 2 0.8 23
!!node 52!!
26 2 0.8 24
26 2 0.8 25
26 2 0.8 26
26 2 0.8 27
26 2 0.8 28
26 2 0.8 29
26 2 0.8 30
26 2 0.8 31
26 2 0.8 32
26 2 0.8 33
26 2 0.8 34
26 2 0.8 35
!!node 53!!
26 2 0.8 36
26 2 0.8 37
26 2 0.8 38
26 2 0.8 39
26 2 0.8 40
26 2 0.8 41
26 2 0.8 42
26 2 0.8 43
26 2 0.8 44
26 2 0.8 45
26 2 0.8 46
26 2 0.8 47
!!node 54!!
26 2 0.8 48
26 2 0.8 49
26 2 0.8 50
26 2 0.8 51
26 2 0.8 52
26 2 0.8 53
26 2 0.8 54
26 2 0.8 55
26 2 0.8 56
26 2 0.8 57
26 2 0.8 58
26 2 0.8 59
!!node 55!!
26 2 0.8 60
26 2 0.8 61
26 2 0.8 62
26 2 0.8 63
26 2 0.8 64
26 2 0.8 65
26 2 0.8 66
26 2 0.8 67
26 2 0.8 68
26 2 0.8 69
26 2 0.8 70
26 2 0.8 71
!!node 56!!
26 2 0.8 72
26 2 0.8 73
26 2 0.8 74
26 2 0.8 75
26 2 0.8 76
26 2 0.8 77
26 2 0.8 78
26 2 0.8 79
26 2 0.8 80
26 2 0.8 81
26 2 0.8 82
26 2 0.8 83
!!node 57!!
26 2 0.8 84
26 2 0.8 85
26 2 0.8 86
26 2 0.8 87
26 2 0.8 88
26 2 0.8 89
26 2 0.8 90
26 2 0.8 91
26 2 0.8 92
26 2 0.8 93
26 2 0.8 94
26 2 0.8 95
!!node 58!!
26 2 0.8 96
26 2 0.8 97
26 2 0.8 98
26 2 0.8 99
27 2 0.8 0
27 2 0.8 1
27 2 0.8 2
27 2 0.8 3
27 2 0.8 4
27 2 0.8 5
27 2 0.8 6
27 2 0.8 7
!!node 59!!
27 2 0.8 8
27 2 0.8 9
27 2 0.8 10
27 2 0.8 11
27 2 0.8 12
27 2 0.8 13
27 2 0.8 14
27 2 0.8 15
27 2 0.8 16
27 2 0.8 17
27 2 0.8 18
27 2 0.8 19
!!node 60!!
27 2 0.8 20
27 2 0.8 21
27 2 0.8 22
27 2 0.8 23
27 2 0.8 24
27 2 0.8 25
27 2 0.8 26
27 2 0.8 27
27 2 0.8 28
27 2 0.8 29
27 2 0.8 30
27 2 0.8 31
!!node 61!!
27 2 0.8 32
27 2 0.8 33
27 2 0.8 34
27 2 0.8 35
27 2 0.8 36
27 2 0.8 37
27 2 0.8 38
27 2 0.8 39
27 2 0.8 40
27 2 0.8 41
27 2 0.8 42
27 2 0.8 43
!!node 62!!
27 2 0.8 44
27 2 0.8 45
27 2 0.8 46
27 2 0.8 47
27 2 0.8 48
27 2 0.8 49
27 2 0.8 50
27 2 0.8 51
27 2 0.8 52
27 2 0.8 53
27 2 0.8 54
27 2 0.8 55
!!node 63!!
27 2 0.8 56
27 2 0.8 57
27 2 0.8 58
27 2 0.8 59
27 2 0.8 60
27 2 0.8 61
27 2 0.8 62
27 2 0.8 63
27 2 0.8 64
27 2 0.8 65
27 2 0.8 66
27 2 0.8 67
!!node 64!!
27 2 0.8 68
27 2 0.8 69
27 2 0.8 70
27 2 0.8 71
27 2 0.8 72
27 2 0.8 73
27 2 0.8 74
27 2 0.8 75
27 2 0.8 76
27 2 0.8 77
27 2 0.8 78
27 2 0.8 79
!!node 65!!
27 2 0.8 80
27 2 0.8 81
27 2 0.8 82
27 2 0.8 83
27 2 0.8 84
27 2 0.8 85
27 2 0.8 86
27 2 0.8 87
27 2 0.8 88
27 2 0.8 89
27 2 0.8 90
27 2 0.8 91
!!node 66!!
27 2 0.8 92
27 2 0.8 93
27 2 0.8 94
27 2 0.8 95
27 2 0.8 96
27 2 0.8 97
27 2 0.8 98
27 2 0.8 99
28 2 0.8 0
28 2 0.8 1
28 2 0.8 2
28 2 0.8 3
!!node 67!!
28 2 0.8 4
28 2 0.8 5
28 2 0.8 6
28 2 0.8 7
28 2 0.8 8
28 2 0.8 9
28 2 0.8 10
28 2 0.8 11
28 2 0.8 12
28 2 0.8 13
28 2 0.8 14
28 2 0.8 15
!!node 68!!
28 2 0.8 16
28 2 0.8 17
28 2 0.8 18
28 2 0.8 19
28 2 0.8 20
28 2 0.8 21
28 2 0.8 22
28 2 0.8 23
28 2 0.8 24
28 2 0.8 25
28 2 0.8 26
28 2 0.8 27
!!node 69!!
28 2 0.8 28
28 2 0.8 29
28 2 0.8 30
28 2 0.8 31
28 2 0.8 32
28 2 0.8 33
28 2 0.8 34
28 2 0.8 35
28 2 0.8 36
28 2 0.8 37
28 2 0.8 38
28 2 0.8 39
!!node 70!!
28 2 0.8 40
28 2 0.8 41
28 2 0.8 42
28 2 0.8 43
28 2 0.8 44
28 2 0.8 45
28 2 0.8 46
28 2 0.8 47
28 2 0.8 48
28 2 0.8 49
28 2 0.8 50
28 2 0.8 51
!!node 71!!
28 2 0.8 52
28 2 0.8 53
28 2 0.8 54
28 2 0.8 55
28 2 0.8 56
28 2 0.8 57
28 2 0.8 58
28 2 0.8 59
28 2 0.8 60
28 2 0.8 61
28 2 0.8 62
28 2 0.8 63
!!node 72!!
28 2 0.8 64
28 2 0.8 65
28 2 0.8 66
28 2 0.8 67
28 2 0.8 68
28 2 0.8 69
28 2 0.8 70
28 2 0.8 71
28 2 0.8 72
28 2 0.8 73
28 2 0.8 74
28 2 0.8 75
!!node 73!!
28 2 0.8 76
28 2 0.8 77
28 2 0.8 78
28 2 0.8 79
28 2 0.8 80
28 2 0.8 81
28 2 0.8 82
28 2 0.8 83
28 2 0.8 84
28 2 0.8 85
28 2 0.8 86
28 2 0.8 87
!!node 74!!
28 2 0.8 88
28 2 0.8 89
28 2 0.8 90
28 2 0.8 91
28 2 0.8 92
28 2 0.8 93
28 2 0.8 94
28 2 0.8 95
28 2 0.8 96
28 2 0.8 97
28 2 0.8 98
28 2 0.8 99
!!node 75!!
29 2 0.8 0
29 2 0.8 1
29 2 0.8 2
29 2 0.8 3
29 2 0.8 4
29 2 0.8 5
29 2 0.8 6
29 2 0.8 7
29 2 0.8 8
29 2 0.8 9
29 2 0.8 10
29 2 0.8 11
!!node 76!!
29 2 0.8 12
29 2 0.8 13
29 2 0.8 14
29 2 0.8 15
29 2 0.8 16
29 2 0.8 17
29 2 0.8 18
29 2 0.8 19
29 2 0.8 20
29 2 0.8 21
29 2 0.8 22
29 2 0.8 23
!!node 77!!
29 2 0.8 24
29 2 0.8 25
29 2 0.8 26
29 2 0.8 27
29 2 0.8 28
29 2 0.8 29
29 2 0.8 30
29 2 0.8 31
29 2 0.8 32
29 2 0.8 33
29 2 0.8 34
29 2 0.8 35
!!node 78!!
29 2 0.8 36
29 2 0.8 37
29 2 0.8 38
29 2 0.8 39
29 2 0.8 40
29 2 0.8 41
29 2 0.8 42
29 2 0.8 43
29 2 0.8 44
29 2 0.8 45
29 2 0.8 46
29 2 0.8 47
!!node 79!!
29 2 0.8 48
29 2 0.8 49
29 2 0.8 50
29 2 0.8 51
29 2 0.8 52
29 2 0.8 53
29 2 0.8 54
29 2 0.8 55
29 2 0.8 56
29 2 0.8 57
29 2 0.8 58
29 2 0.8 59
!!node 80!!
29 2 0.8 60
29 2 0.8 61
29 2 0.8 62
29 2 0.8 63
29 2 0.8 64
29 2 0.8 65
29 2 0.8 66
29 2 0.8 67
29 2 0.8 68
29 2 0.8 69
29 2 0.8 70
29 2 0.8 71
!!node 81!!
29 2 0.8 72
29 2 0.8 73
29 2 0.8 74
29 2 0.8 75
29 2 0.8 76
29 2 0.8 77
29 2 0.8 78
29 2 0.8 79
29 2 0.8 80
29 2 0.8 81
29 2 0.8 82
29 2 0.8 83
!!node 82!!
29 2 0.8 84
29 2 0.8 85
29 2 0.8 86
29 2 0.8 87
29 2 0.8 88
29 2 0.8 89
29 2 0.8 90
29 2 0.8 91
29 2 0.8 92
29 2 0.8 93
29 2 0.8 94
29 2 0.8 95
!!node 83!!
29 2 0.8 96
29 2 0.8 97
29 2 0.8 98
29 2 0.8 99
30 2 0.8 0
30 2 0.8 1
30 2 0.8 2
30 2 0.8 3
30 2 0.8 4
30 2 0.8 5
30 2 0.8 6
30 2 0.8 7
!!node 84!!
30 2 0.8 8
30 2 0.8 9
30 2 0.8 10
30 2 0.8 11
30 2 0.8 12
30 2 0.8 13
30 2 0.8 14
30 2 0.8 15
30 2 0.8 16
30 2 0.8 17
30 2 0.8 18
30 2 0.8 19
!!node 85!!
30 2 0.8 20
30 2 0.8 21
30 2 0.8 22
30 2 0.8 23
30 2 0.8 24
30 2 0.8 25
30 2 0.8 26
30 2 0.8 27
30 2 0.8 28
30 2 0.8 29
30 2 0.8 30
30 2 0.8 31
!!node 86!!
30 2 0.8 32
30 2 0.8 33
30 2 0.8 34
30 2 0.8 35
30 2 0.8 36
30 2 0.8 37
30 2 0.8 38
30 2 0.8 39
30 2 0.8 40
30 2 0.8 41
30 2 0.8 42
30 2 0.8 43
!!node 87!!
30 2 0.8 44
30 2 0.8 45
30 2 0.8 46
30 2 0.8 47
30 2 0.8 48
30 2 0.8 49
30 2 0.8 50
30 2 0.8 51
30 2 0.8 52
30 2 0.8 53
30 2 0.8 54
30 2 0.8 55
!!node 88!!
30 2 0.8 56
30 2 0.8 57
30 2 0.8 58
30 2 0.8 59
30 2 0.8 60
30 2 0.8 61
30 2 0.8 62
30 2 0.8 63
30 2 0.8 64
30 2 0.8 65
30 2 0.8 66
30 2 0.8 67
!!node 89!!
30 2 0.8 68
30 2 0.8 69
30 2 0.8 70
30 2 0.8 71
30 2 0.8 72
30 2 0.8 73
30 2 0.8 74
30 2 0.8 75
30 2 0.8 76
30 2 0.8 77
30 2 0.8 78
30 2 0.8 79
!!node 90!!
30 2 0.8 80
30 2 0.8 81
30 2 0.8 82
30 2 0.8 83
30 2 0.8 84
30 2 0.8 85
30 2 0.8 86
30 2 0.8 87
30 2 0.8 88
30 2 0.8 89
30 2 0.8 90
30 2 0.8 91
!!node 91!!
30 2 0.8 92
30 2 0.8 93
30 2 0.8 94
30 2 0.8 95
30 2 0.8 96
30 2 0.8 97
30 2 0.8 98
30 2 0.8 99
