!!node 0!!
6 -1 0
6 -1 1
6 -1 2
6 -1 3
6 -1 4
6 -1 5
6 -1 6
6 -1 7
6 -1 8
6 -1 9
6 -1 10
6 -1 11
!!node 1!!
6 -1 12
6 -1 13
6 -1 14
6 -1 15
6 -1 16
6 -1 17
6 -1 18
6 -1 19
6 -1 20
6 -1 21
6 -1 22
6 -1 23
!!node 2!!
6 -1 24
6.5 -1 0
6.5 -1 1
6.5 -1 2
6.5 -1 3
6.5 -1 4
6.5 -1 5
6.5 -1 6
6.5 -1 7
6.5 -1 8
6.5 -1 9
6.5 -1 10
!!node 3!!
6.5 -1 11
6.5 -1 12
6.5 -1 13
6.5 -1 14
6.5 -1 15
6.5 -1 16
6.5 -1 17
6.5 -1 18
6.5 -1 19
6.5 -1 20
6.5 -1 21
6.5 -1 22
!!node 4!!
6.5 -1 23
6.5 -1 24
7 -1 0
7 -1 1
7 -1 2
7 -1 3
7 -1 4
7 -1 5
7 -1 6
7 -1 7
7 -1 8
7 -1 9
!!node 5!!
7 -1 10
7 -1 11
7 -1 12
7 -1 13
7 -1 14
7 -1 15
7 -1 16
7 -1 17
7 -1 18
7 -1 19
7 -1 20
7 -1 21
!!node 6!!
7 -1 22
7 -1 23
7 -1 24
7.5 -1 0
7.5 -1 1
7.5 -1 2
7.5 -1 3
7.5 -1 4
7.5 -1 5
7.5 -1 6
7.5 -1 7
7.5 -1 8
!!node 7!!
7.5 -1 9
7.5 -1 10
7.5 -1 11
7.5 -1 12
7.5 -1 13
7.5 -1 14
7.5 -1 15
7.5 -1 16
7.5 -1 17
7.5 -1 18
7.5 -1 19
7.5 -1 20
!!node 8!!
7.5 -1 21
7.5 -1 22
7.5 -1 23
7.5 -1 24
8 -1 0
8 -1 1
8 -1 2
8 -1 3
8 -1 4
8 -1 5
8 -1 6
8 -1 7
!!node 9!!
8 -1 8
8 -1 9
8 -1 10
8 -1 11
8 -1 12
8 -1 13
8 -1 14
8 -1 15
8 -1 16
8 -1 17
8 -1 18
8 -1 19
!!node 10!!
8 -1 20
8 -1 21
8 -1 22
8 -1 23
8 -1 24
8.5 -1 0
8.5 -1 1
8.5 -1 2
8.5 -1 3
8.5 -1 4
8.5 -1 5
8.5 -1 6
!!node 11!!
8.5 -1 7
8.5 -1 8
8.5 -1 9
8.5 -1 10
8.5 -1 11
8.5 -1 12
8.5 -1 13
8.5 -1 14
8.5 -1 15
8.5 -1 16
8.5 -1 17
8.5 -1 18
!!node 12!!
8.5 -1 19
8.5 -1 20
8.5 -1 21
8.5 -1 22
8.5 -1 23
8.5 -1 24
9 -1 0
9 -1 1
9 -1 2
9 -1 3
9 -1 4
9 -1 5
!!node 13!!
9 -1 6
9 -1 7
9 -1 8
9 -1 9
9 -1 10
9 -1 11
9 -1 12
9 -1 13
9 -1 14
9 -1 15
9 -1 16
9 -1 17
!!node 14!!
9 -1 18
9 -1 19
9 -1 20
9 -1 21
9 -1 22
9 -1 23
9 -1 24
9.5 -1 0
9.5 -1 1
9.5 -1 2
9.5 -1 3
9.5 -1 4
!!node 15!!
9.5 -1 5
9.5 -1 6
9.5 -1 7
9.5 -1 8
9.5 -1 9
9.5 -1 10
9.5 -1 11
9.5 -1 12
9.5 -1 13
9.5 -1 14
9.5 -1 15
9.5 -1 16
!!node 16!!
9.5 -1 17
9.5 -1 18
9.5 -1 19
9.5 -1 20
9.5 -1 21
9.5 -1 22
9.5 -1 23
9.5 -1 24
10 -1 0
10 -1 1
10 -1 2
10 -1 3
!!node 17!!
10 -1 4
10 -1 5
10 -1 6
10 -1 7
10 -1 8
10 -1 9
10 -1 10
10 -1 11
10 -1 12
10 -1 13
10 -1 14
10 -1 15
!!node 18!!
10 -1 16
10 -1 17
10 -1 18
10 -1 19
10 -1 20
10 -1 21
10 -1 22
10 -1 23
10 -1 24
10.5 -1 0
10.5 -1 1
10.5 -1 2
!!node 19!!
10.5 -1 3
10.5 -1 4
10.5 -1 5
10.5 -1 6
10.5 -1 7
10.5 -1 8
10.5 -1 9
10.5 -1 10
10.5 -1 11
10.5 -1 12
10.5 -1 13
10.5 -1 14
!!node 20!!
10.5 -1 15
10.5 -1 16
10.5 -1 17
10.5 -1 18
10.5 -1 19
10.5 -1 20
10.5 -1 21
10.5 -1 22
10.5 -1 23
10.5 -1 24
11 -1 0
11 -1 1
!!node 21!!
11 -1 2
11 -1 3
11 -1 4
11 -1 5
11 -1 6
11 -1 7
11 -1 8
11 -1 9
11 -1 10
11 -1 11
11 -1 12
11 -1 13
!!node 22!!
11 -1 14
11 -1 15
11 -1 16
11 -1 17
11 -1 18
11 -1 19
11 -1 20
11 -1 21
11 -1 22
11 -1 23
11 -1 24
11.5 -1 0
!!node 23!!
11.5 -1 1
11.5 -1 2
11.5 -1 3
11.5 -1 4
11.5 -1 5
11.5 -1 6
11.5 -1 7
11.5 -1 8
11.5 -1 9
11.5 -1 10
11.5 -1 11
11.5 -1 12
!!node 24!!
11.5 -1 13
11.5 -1 14
11.5 -1 15
11.5 -1 16
11.5 -1 17
11.5 -1 18
11.5 -1 19
11.5 -1 20
11.5 -1 21
11.5 -1 22
11.5 -1 23
11.5 -1 24
