!!node 0!!
6 1 0
6 1 1
6 1 2
6 1 3
6 1 4
6 1 5
6 1 6
6 1 7
6 1 8
6 1 9
6 1 10
6 1 11
!!node 1!!
6 1 12
6 1 13
6 1 14
6 1 15
6 1 16
6 1 17
6 1 18
6 1 19
6 1 20
6 1 21
6 1 22
6 1 23
!!node 2!!
6 1 24
6 1 25
6 1 26
6 1 27
6 1 28
6 1 29
6 1 30
6 1 31
6 1 32
6 1 33
6 1 34
6 1 35
!!node 3!!
6 1 36
6 1 37
6 1 38
6 1 39
6 1 40
6 1 41
6 1 42
6 1 43
6 1 44
6 1 45
6 1 46
6 1 47
!!node 4!!
6 1 48
6 1 49
6 1 50
6 1 51
6 1 52
6 1 53
6 1 54
6 1 55
6 1 56
6 1 57
6 1 58
6 1 59
!!node 5!!
6 1 60
6 1 61
6 1 62
6 1 63
6 1 64
6 1 65
6 1 66
6 1 67
6 1 68
6 1 69
6 1 70
6 1 71
!!node 6!!
6 1 72
6 1 73
6 1 74
6 1 75
6 1 76
6 1 77
6 1 78
6 1 79
6 1 80
6 1 81
6 1 82
6 1 83
!!node 7!!
6 1 84
6 1 85
6 1 86
6 1 87
6 1 88
6 1 89
6 1 90
6 1 91
6 1 92
6 1 93
6 1 94
6 1 95
!!node 8!!
6 1 96
6 1 97
6 1 98
6 1 99
7 1 0
7 1 1
7 1 2
7 1 3
7 1 4
7 1 5
7 1 6
7 1 7
!!node 9!!
7 1 8
7 1 9
7 1 10
7 1 11
7 1 12
7 1 13
7 1 14
7 1 15
7 1 16
7 1 17
7 1 18
7 1 19
!!node 10!!
7 1 20
7 1 21
7 1 22
7 1 23
7 1 24
7 1 25
7 1 26
7 1 27
7 1 28
7 1 29
7 1 30
7 1 31
!!node 11!!
7 1 32
7 1 33
7 1 34
7 1 35
7 1 36
7 1 37
7 1 38
7 1 39
7 1 40
7 1 41
7 1 42
7 1 43
!!node 12!!
7 1 44
7 1 45
7 1 46
7 1 47
7 1 48
7 1 49
7 1 50
7 1 51
7 1 52
7 1 53
7 1 54
7 1 55
!!node 13!!
7 1 56
7 1 57
7 1 58
7 1 59
7 1 60
7 1 61
7 1 62
7 1 63
7 1 64
7 1 65
7 1 66
7 1 67
!!node 14!!
7 1 68
7 1 69
7 1 70
7 1 71
7 1 72
7 1 73
7 1 74
7 1 75
7 1 76
7 1 77
7 1 78
7 1 79
!!node 15!!
7 1 80
7 1 81
7 1 82
7 1 83
7 1 84
7 1 85
7 1 86
7 1 87
7 1 88
7 1 89
7 1 90
7 1 91
!!node 16!!
7 1 92
7 1 93
7 1 94
7 1 95
7 1 96
7 1 97
7 1 98
7 1 99
8 1 0
8 1 1
8 1 2
8 1 3
!!node 17!!
8 1 4
8 1 5
8 1 6
8 1 7
8 1 8
8 1 9
8 1 10
8 1 11
8 1 12
8 1 13
8 1 14
8 1 15
!!node 18!!
8 1 16
8 1 17
8 1 18
8 1 19
8 1 20
8 1 21
8 1 22
8 1 23
8 1 24
8 1 25
8 1 26
8 1 27
!!node 19!!
8 1 28
8 1 29
8 1 30
8 1 31
8 1 32
8 1 33
8 1 34
8 1 35
8 1 36
8 1 37
8 1 38
8 1 39
!!node 20!!
8 1 40
8 1 41
8 1 42
8 1 43
8 1 44
8 1 45
8 1 46
8 1 47
8 1 48
8 1 49
8 1 50
8 1 51
!!node 21!!
8 1 52
8 1 53
8 1 54
8 1 55
8 1 56
8 1 57
8 1 58
8 1 59
8 1 60
8 1 61
8 1 62
8 1 63
!!node 22!!
8 1 64
8 1 65
8 1 66
8 1 67
8 1 68
8 1 69
8 1 70
8 1 71
8 1 72
8 1 73
8 1 74
8 1 75
!!node 23!!
8 1 76
8 1 77
8 1 78
8 1 79
8 1 80
8 1 81
8 1 82
8 1 83
8 1 84
8 1 85
8 1 86
8 1 87
!!node 24!!
8 1 88
8 1 89
8 1 90
8 1 91
8 1 92
8 1 93
8 1 94
8 1 95
8 1 96
8 1 97
8 1 98
8 1 99
!!node 25!!
9 1 0
9 1 1
9 1 2
9 1 3
9 1 4
9 1 5
9 1 6
9 1 7
9 1 8
9 1 9
9 1 10
9 1 11
!!node 26!!
9 1 12
9 1 13
9 1 14
9 1 15
9 1 16
9 1 17
9 1 18
9 1 19
9 1 20
9 1 21
9 1 22
9 1 23
!!node 27!!
9 1 24
9 1 25
9 1 26
9 1 27
9 1 28
9 1 29
9 1 30
9 1 31
9 1 32
9 1 33
9 1 34
9 1 35
!!node 28!!
9 1 36
9 1 37
9 1 38
9 1 39
9 1 40
9 1 41
9 1 42
9 1 43
9 1 44
9 1 45
9 1 46
9 1 47
!!node 29!!
9 1 48
9 1 49
9 1 50
9 1 51
9 1 52
9 1 53
9 1 54
9 1 55
9 1 56
9 1 57
9 1 58
9 1 59
!!node 30!!
9 1 60
9 1 61
9 1 62
9 1 63
9 1 64
9 1 65
9 1 66
9 1 67
9 1 68
9 1 69
9 1 70
9 1 71
!!node 31!!
9 1 72
9 1 73
9 1 74
9 1 75
9 1 76
9 1 77
9 1 78
9 1 79
9 1 80
9 1 81
9 1 82
9 1 83
!!node 32!!
9 1 84
9 1 85
9 1 86
9 1 87
9 1 88
9 1 89
9 1 90
9 1 91
9 1 92
9 1 93
9 1 94
9 1 95
!!node 33!!
9 1 96
9 1 97
9 1 98
9 1 99
10 1 0
10 1 1
10 1 2
10 1 3
10 1 4
10 1 5
10 1 6
10 1 7
!!node 34!!
10 1 8
10 1 9
10 1 10
10 1 11
10 1 12
10 1 13
10 1 14
10 1 15
10 1 16
10 1 17
10 1 18
10 1 19
!!node 35!!
10 1 20
10 1 21
10 1 22
10 1 23
10 1 24
10 1 25
10 1 26
10 1 27
10 1 28
10 1 29
10 1 30
10 1 31
!!node 36!!
10 1 32
10 1 33
10 1 34
10 1 35
10 1 36
10 1 37
10 1 38
10 1 39
10 1 40
10 1 41
10 1 42
10 1 43
!!node 37!!
10 1 44
10 1 45
10 1 46
10 1 47
10 1 48
10 1 49
10 1 50
10 1 51
10 1 52
10 1 53
10 1 54
10 1 55
!!node 38!!
10 1 56
10 1 57
10 1 58
10 1 59
10 1 60
10 1 61
10 1 62
10 1 63
10 1 64
10 1 65
10 1 66
10 1 67
!!node 39!!
10 1 68
10 1 69
10 1 70
10 1 71
10 1 72
10 1 73
10 1 74
10 1 75
10 1 76
10 1 77
10 1 78
10 1 79
!!node 40!!
10 1 80
10 1 81
10 1 82
10 1 83
10 1 84
10 1 85
10 1 86
10 1 87
10 1 88
10 1 89
10 1 90
10 1 91
!!node 41!!
10 1 92
10 1 93
10 1 94
10 1 95
10 1 96
10 1 97
10 1 98
10 1 99
11 1 0
11 1 1
11 1 2
11 1 3
!!node 42!!
11 1 4
11 1 5
11 1 6
11 1 7
11 1 8
11 1 9
11 1 10
11 1 11
11 1 12
11 1 13
11 1 14
11 1 15
!!node 43!!
11 1 16
11 1 17
11 1 18
11 1 19
11 1 20
11 1 21
11 1 22
11 1 23
11 1 24
11 1 25
11 1 26
11 1 27
!!node 44!!
11 1 28
11 1 29
11 1 30
11 1 31
11 1 32
11 1 33
11 1 34
11 1 35
11 1 36
11 1 37
11 1 38
11 1 39
!!node 45!!
11 1 40
11 1 41
11 1 42
11 1 43
11 1 44
11 1 45
11 1 46
11 1 47
11 1 48
11 1 49
11 1 50
11 1 51
!!node 46!!
11 1 52
11 1 53
11 1 54
11 1 55
11 1 56
11 1 57
11 1 58
11 1 59
11 1 60
11 1 61
11 1 62
11 1 63
!!node 47!!
11 1 64
11 1 65
11 1 66
11 1 67
11 1 68
11 1 69
11 1 70
11 1 71
11 1 72
11 1 73
11 1 74
11 1 75
!!node 48!!
11 1 76
11 1 77
11 1 78
11 1 79
11 1 80
11 1 81
11 1 82
11 1 83
11 1 84
11 1 85
11 1 86
11 1 87
!!node 49!!
11 1 88
11 1 89
11 1 90
11 1 91
11 1 92
11 1 93
11 1 94
11 1 95
11 1 96
11 1 97
11 1 98
11 1 99
!!node 50!!
12 1 0
12 1 1
12 1 2
12 1 3
12 1 4
12 1 5
12 1 6
12 1 7
12 1 8
12 1 9
12 1 10
12 1 11
!!node 51!!
12 1 12
12 1 13
12 1 14
12 1 15
12 1 16
12 1 17
12 1 18
12 1 19
12 1 20
12 1 21
12 1 22
12 1 23
!!node 52!!
12 1 24
12 1 25
12 1 26
12 1 27
12 1 28
12 1 29
12 1 30
12 1 31
12 1 32
12 1 33
12 1 34
12 1 35
!!node 53!!
12 1 36
12 1 37
12 1 38
12 1 39
12 1 40
12 1 41
12 1 42
12 1 43
12 1 44
12 1 45
12 1 46
12 1 47
!!node 54!!
12 1 48
12 1 49
12 1 50
12 1 51
12 1 52
12 1 53
12 1 54
12 1 55
12 1 56
12 1 57
12 1 58
12 1 59
!!node 55!!
12 1 60
12 1 61
12 1 62
12 1 63
12 1 64
12 1 65
12 1 66
12 1 67
12 1 68
12 1 69
12 1 70
12 1 71
!!node 56!!
12 1 72
12 1 73
12 1 74
12 1 75
12 1 76
12 1 77
12 1 78
12 1 79
12 1 80
12 1 81
12 1 82
12 1 83
!!node 57!!
12 1 84
12 1 85
12 1 86
12 1 87
12 1 88
12 1 89
12 1 90
12 1 91
12 1 92
12 1 93
12 1 94
12 1 95
!!node 58!!
12 1 96
12 1 97
12 1 98
12 1 99
13 1 0
13 1 1
13 1 2
13 1 3
13 1 4
13 1 5
13 1 6
13 1 7
!!node 59!!
13 1 8
13 1 9
13 1 10
13 1 11
13 1 12
13 1 13
13 1 14
13 1 15
13 1 16
13 1 17
13 1 18
13 1 19
!!node 60!!
13 1 20
13 1 21
13 1 22
13 1 23
13 1 24
13 1 25
13 1 26
13 1 27
13 1 28
13 1 29
13 1 30
13 1 31
!!node 61!!
13 1 32
13 1 33
13 1 34
13 1 35
13 1 36
13 1 37
13 1 38
13 1 39
13 1 40
13 1 41
13 1 42
13 1 43
!!node 62!!
13 1 44
13 1 45
13 1 46
13 1 47
13 1 48
13 1 49
13 1 50
13 1 51
13 1 52
13 1 53
13 1 54
13 1 55
!!node 63!!
13 1 56
13 1 57
13 1 58
13 1 59
13 1 60
13 1 61
13 1 62
13 1 63
13 1 64
13 1 65
13 1 66
13 1 67
!!node 64!!
13 1 68
13 1 69
13 1 70
13 1 71
13 1 72
13 1 73
13 1 74
13 1 75
13 1 76
13 1 77
13 1 78
13 1 79
!!node 65!!
13 1 80
13 1 81
13 1 82
13 1 83
13 1 84
13 1 85
13 1 86
13 1 87
13 1 88
13 1 89
13 1 90
13 1 91
!!node 66!!
13 1 92
13 1 93
13 1 94
13 1 95
13 1 96
13 1 97
13 1 98
13 1 99
14 1 0
14 1 1
14 1 2
14 1 3
!!node 67!!
14 1 4
14 1 5
14 1 6
14 1 7
14 1 8
14 1 9
14 1 10
14 1 11
14 1 12
14 1 13
14 1 14
14 1 15
!!node 68!!
14 1 16
14 1 17
14 1 18
14 1 19
14 1 20
14 1 21
14 1 22
14 1 23
14 1 24
14 1 25
14 1 26
14 1 27
!!node 69!!
14 1 28
14 1 29
14 1 30
14 1 31
14 1 32
14 1 33
14 1 34
14 1 35
14 1 36
14 1 37
14 1 38
14 1 39
!!node 70!!
14 1 40
14 1 41
14 1 42
14 1 43
14 1 44
14 1 45
14 1 46
14 1 47
14 1 48
14 1 49
14 1 50
14 1 51
!!node 71!!
14 1 52
14 1 53
14 1 54
14 1 55
14 1 56
14 1 57
14 1 58
14 1 59
14 1 60
14 1 61
14 1 62
14 1 63
!!node 72!!
14 1 64
14 1 65
14 1 66
14 1 67
14 1 68
14 1 69
14 1 70
14 1 71
14 1 72
14 1 73
14 1 74
14 1 75
!!node 73!!
14 1 76
14 1 77
14 1 78
14 1 79
14 1 80
14 1 81
14 1 82
14 1 83
14 1 84
14 1 85
14 1 86
14 1 87
!!node 74!!
14 1 88
14 1 89
14 1 90
14 1 91
14 1 92
14 1 93
14 1 94
14 1 95
14 1 96
14 1 97
14 1 98
14 1 99
!!node 75!!
15 1 0
15 1 1
15 1 2
15 1 3
15 1 4
15 1 5
15 1 6
15 1 7
15 1 8
15 1 9
15 1 10
15 1 11
!!node 76!!
15 1 12
15 1 13
15 1 14
15 1 15
15 1 16
15 1 17
15 1 18
15 1 19
15 1 20
15 1 21
15 1 22
15 1 23
!!node 77!!
15 1 24
15 1 25
15 1 26
15 1 27
15 1 28
15 1 29
15 1 30
15 1 31
15 1 32
15 1 33
15 1 34
15 1 35
!!node 78!!
15 1 36
15 1 37
15 1 38
15 1 39
15 1 40
15 1 41
15 1 42
15 1 43
15 1 44
15 1 45
15 1 46
15 1 47
!!node 79!!
15 1 48
15 1 49
15 1 50
15 1 51
15 1 52
15 1 53
15 1 54
15 1 55
15 1 56
15 1 57
15 1 58
15 1 59
!!node 80!!
15 1 60
15 1 61
15 1 62
15 1 63
15 1 64
15 1 65
15 1 66
15 1 67
15 1 68
15 1 69
15 1 70
15 1 71
!!node 81!!
15 1 72
15 1 73
15 1 74
15 1 75
15 1 76
15 1 77
15 1 78
15 1 79
15 1 80
15 1 81
15 1 82
15 1 83
!!node 82!!
15 1 84
15 1 85
15 1 86
15 1 87
15 1 88
15 1 89
15 1 90
15 1 91
15 1 92
15 1 93
15 1 94
15 1 95
!!node 83!!
15 1 96
15 1 97
15 1 98
15 1 99
16 1 0
16 1 1
16 1 2
16 1 3
16 1 4
16 1 5
16 1 6
16 1 7
!!node 84!!
16 1 8
16 1 9
16 1 10
16 1 11
16 1 12
16 1 13
16 1 14
16 1 15
16 1 16
16 1 17
16 1 18
16 1 19
!!node 85!!
16 1 20
16 1 21
16 1 22
16 1 23
16 1 24
16 1 25
16 1 26
16 1 27
16 1 28
16 1 29
16 1 30
16 1 31
!!node 86!!
16 1 32
16 1 33
16 1 34
16 1 35
16 1 36
16 1 37
16 1 38
16 1 39
16 1 40
16 1 41
16 1 42
16 1 43
!!node 87!!
16 1 44
16 1 45
16 1 46
16 1 47
16 1 48
16 1 49
16 1 50
16 1 51
16 1 52
16 1 53
16 1 54
16 1 55
!!node 88!!
16 1 56
16 1 57
16 1 58
16 1 59
16 1 60
16 1 61
16 1 62
16 1 63
16 1 64
16 1 65
16 1 66
16 1 67
!!node 89!!
16 1 68
16 1 69
16 1 70
16 1 71
16 1 72
16 1 73
16 1 74
16 1 75
16 1 76
16 1 77
16 1 78
16 1 79
!!node 90!!
16 1 80
16 1 81
16 1 82
16 1 83
16 1 84
16 1 85
16 1 86
16 1 87
16 1 88
16 1 89
16 1 90
16 1 91
!!node 91!!
16 1 92
16 1 93
16 1 94
16 1 95
16 1 96
16 1 97
16 1 98
16 1 99
