!!node 0!!
6 -1 0 0 0
6 -1 0 0 1
6 -1 0 0 2
6.4 -1 0 0 0
6.4 -1 0 0 1
6.4 -1 0 0 2
6.8 -1 0 0 0
6.8 -1 0 0 1
6.8 -1 0 0 2
7.2 -1 0 0 0
7.2 -1 0 0 1
7.2 -1 0 0 2
7.6 -1 0 0 0
7.6 -1 0 0 1
7.6 -1 0 0 2
8 -1 0 0 0
8 -1 0 0 1
8 -1 0 0 2
8.4 -1 0 0 0
8.4 -1 0 0 1
8.4 -1 0 0 2
8.8 -1 0 0 0
8.8 -1 0 0 1
8.8 -1 0 0 2
9.2 -1 0 0 0
9.2 -1 0 0 1
9.2 -1 0 0 2
9.6 -1 0 0 0
9.6 -1 0 0 1
9.6 -1 0 0 2
10 -1 0 0 0
10 -1 0 0 1
10 -1 0 0 2
10.4 -1 0 0 0
10.4 -1 0 0 1
10.4 -1 0 0 2
10.8 -1 0 0 0
10.8 -1 0 0 1
10.8 -1 0 0 2
11.2 -1 0 0 0
11.2 -1 0 0 1
11.2 -1 0 0 2
11.6 -1 0 0 0
11.6 -1 0 0 1
11.6 -1 0 0 2
12 -1 0 0 0
12 -1 0 0 1
12 -1 0 0 2
