!!node 0!!
8 4 0
8 4 1
8 4 2
8 4 3
8 4 4
8 4 5
8 4 6
8 4 7
8 4 8
8 4 9
8 4 10
8 4 11
8 4 12
8 4 13
8 4 14
8 4 15
8 4 16
8 4 17
8 4 18
8 4 19
8 4 20
8 4 21
8 4 22
8 4 23
8 4 24
8 4 25
8 4 26
8 4 27
8 4 28
8 4 29
8 4 30
8 4 31
8 4 32
8 4 33
8 4 34
8 4 35
8 4 36
8 4 37
8 4 38
8 4 39
8 4 40
8 4 41
8 4 42
8 4 43
8 4 44
8 4 45
8 4 46
8 4 47
8 4 48
8 4 49
8 4 50
8 4 51
8 4 52
8 4 53
8 4 54
8 4 55
8 4 56
8 4 57
8 4 58
8 4 59
8 4 60
8 4 61
8 4 62
8 4 63
8 4 64
8 4 65
8 4 66
8 4 67
8 4 68
8 4 69
8 4 70
8 4 71
8 4 72
8 4 73
8 4 74
8 4 75
8 4 76
8 4 77
8 4 78
8 4 79
8 4 80
8 4 81
8 4 82
8 4 83
8 4 84
8 4 85
8 4 86
8 4 87
8 4 88
8 4 89
8 4 90
8 4 91
8 4 92
8 4 93
8 4 94
8 4 95
8 4 96
8 4 97
8 4 98
8 4 99
8 4 100
8 4 101
8 4 102
8 4 103
8 4 104
8 4 105
8 4 106
8 4 107
8 4 108
8 4 109
8 4 110
8 4 111
8 4 112
8 4 113
8 4 114
8 4 115
8 4 116
8 4 117
8 4 118
8 4 119
!!node 1!!
9 4 0
9 4 1
9 4 2
9 4 3
9 4 4
9 4 5
9 4 6
9 4 7
9 4 8
9 4 9
9 4 10
9 4 11
9 4 12
9 4 13
9 4 14
9 4 15
9 4 16
9 4 17
9 4 18
9 4 19
9 4 20
9 4 21
9 4 22
9 4 23
9 4 24
9 4 25
9 4 26
9 4 27
9 4 28
9 4 29
9 4 30
9 4 31
9 4 32
9 4 33
9 4 34
9 4 35
9 4 36
9 4 37
9 4 38
9 4 39
9 4 40
9 4 41
9 4 42
9 4 43
9 4 44
9 4 45
9 4 46
9 4 47
9 4 48
9 4 49
9 4 50
9 4 51
9 4 52
9 4 53
9 4 54
9 4 55
9 4 56
9 4 57
9 4 58
9 4 59
9 4 60
9 4 61
9 4 62
9 4 63
9 4 64
9 4 65
9 4 66
9 4 67
9 4 68
9 4 69
9 4 70
9 4 71
9 4 72
9 4 73
9 4 74
9 4 75
9 4 76
9 4 77
9 4 78
9 4 79
9 4 80
9 4 81
9 4 82
9 4 83
9 4 84
9 4 85
9 4 86
9 4 87
9 4 88
9 4 89
9 4 90
9 4 91
9 4 92
9 4 93
9 4 94
9 4 95
9 4 96
9 4 97
9 4 98
9 4 99
9 4 100
9 4 101
9 4 102
9 4 103
9 4 104
9 4 105
9 4 106
9 4 107
9 4 108
9 4 109
9 4 110
9 4 111
9 4 112
9 4 113
9 4 114
9 4 115
9 4 116
9 4 117
9 4 118
9 4 119
!!node 2!!
10 4 0
10 4 1
10 4 2
10 4 3
10 4 4
10 4 5
10 4 6
10 4 7
10 4 8
10 4 9
10 4 10
10 4 11
10 4 12
10 4 13
10 4 14
10 4 15
10 4 16
10 4 17
10 4 18
10 4 19
10 4 20
10 4 21
10 4 22
10 4 23
10 4 24
10 4 25
10 4 26
10 4 27
10 4 28
10 4 29
10 4 30
10 4 31
10 4 32
10 4 33
10 4 34
10 4 35
10 4 36
10 4 37
10 4 38
10 4 39
10 4 40
10 4 41
10 4 42
10 4 43
10 4 44
10 4 45
10 4 46
10 4 47
10 4 48
10 4 49
10 4 50
10 4 51
10 4 52
10 4 53
10 4 54
10 4 55
10 4 56
10 4 57
10 4 58
10 4 59
10 4 60
10 4 61
10 4 62
10 4 63
10 4 64
10 4 65
10 4 66
10 4 67
10 4 68
10 4 69
10 4 70
10 4 71
10 4 72
10 4 73
10 4 74
10 4 75
10 4 76
10 4 77
10 4 78
10 4 79
10 4 80
10 4 81
10 4 82
10 4 83
10 4 84
10 4 85
10 4 86
10 4 87
10 4 88
10 4 89
10 4 90
10 4 91
10 4 92
10 4 93
10 4 94
10 4 95
10 4 96
10 4 97
10 4 98
10 4 99
10 4 100
10 4 101
10 4 102
10 4 103
10 4 104
10 4 105
10 4 106
10 4 107
10 4 108
10 4 109
10 4 110
10 4 111
10 4 112
10 4 113
10 4 114
10 4 115
10 4 116
10 4 117
10 4 118
10 4 119
