5.000000000000000000e+00 1.000000000000000000e+00 6.826048661488381963e-01
6.000000000000000000e+00 1.000000000000000000e+00 6.455282857318227485e-01
7.000000000000000000e+00 1.000000000000000000e+00 7.390586982993226917e-01
8.000000000000000000e+00 1.000000000000000000e+00 7.468854250397338745e-01
9.000000000000000000e+00 1.000000000000000000e+00 7.206343698232053896e-01
1.000000000000000000e+01 1.000000000000000000e+00 7.069554632824126550e-01
1.100000000000000000e+01 1.000000000000000000e+00 7.987327082705996117e-01
1.200000000000000000e+01 1.000000000000000000e+00 6.223874555528998709e-01
1.300000000000000000e+01 1.000000000000000000e+00 4.590475945333525321e-01
1.400000000000000000e+01 1.000000000000000000e+00 2.927460352704832625e-01
1.500000000000000000e+01 1.000000000000000000e+00 6.678641833491847368e-01
