1.000000000000000021e-03 4.300326208932989981e-03
3.507537688442211032e-03 1.288162645035903671e-02
6.015075376884422044e-03 2.046667983707429334e-02
8.522613065326633056e-03 2.751119006485146581e-02
1.103015075376884493e-02 3.417972011621486089e-02
1.353768844221105508e-02 4.055913688220100233e-02
1.604522613065326522e-02 4.670339337695161852e-02
1.855276381909547884e-02 5.264932155851812651e-02
2.106030150753768898e-02 5.842368760072565864e-02
2.356783919597989913e-02 6.404683069015786046e-02
2.607537688442210927e-02 6.953473354366142278e-02
2.858291457286432288e-02 7.490028853780866802e-02
3.109045226130653303e-02 8.015411595599901406e-02
3.359798994974874664e-02 8.530511650360568521e-02
3.610552763819095679e-02 9.036085795680232069e-02
3.861306532663316693e-02 9.532785388842546226e-02
4.112060301507537707e-02 1.002117696943689712e-01
4.362814070351758722e-02 1.050175781859302576e-01
4.613567839195979736e-02 1.097496792986055736e-01
4.864321608040200751e-02 1.144119937028244133e-01
5.115075376884421765e-02 1.190080370641639906e-01
5.365829145728643473e-02 1.235409797092311829e-01
5.616582914572864488e-02 1.280136951158439840e-01
5.867336683417085502e-02 1.324287997278828233e-01
6.118090452261306517e-02 1.367886859524110599e-01
6.368844221105528225e-02 1.410955497388667046e-01
6.619597989949749239e-02 1.453514138087545204e-01
6.870351758793970254e-02 1.495581473609194079e-01
7.121105527638191268e-02 1.537174828965721107e-01
7.371859296482412283e-02 1.578310306718322675e-01
7.622613065326633297e-02 1.619002911818078760e-01
7.873366834170854311e-02 1.659266660003862470e-01
8.124120603015075326e-02 1.699114672378412016e-01
8.374874371859296340e-02 1.738559258298073562e-01
8.625628140703517355e-02 1.777611988327140458e-01
8.876381909547738369e-02 1.816283758702791351e-01
9.127135678391959384e-02 1.854584848510008599e-01
9.377889447236180398e-02 1.892524970569489651e-01
9.628643216080401412e-02 1.930113316879046581e-01
9.879396984924622427e-02 1.967358599318807244e-01
1.013015075376884344e-01 2.004269086221241725e-01
1.038090452261306584e-01 2.040852635318331221e-01
1.063165829145728686e-01 2.077116723503789342e-01
1.088241206030150787e-01 2.113068473785868484e-01
1.113316582914572889e-01 2.148714679755007462e-01
1.138391959798994990e-01 2.184061827846041359e-01
1.163467336683417092e-01 2.219116117637976726e-01
1.188542713567839193e-01 2.253883480403122974e-01
1.213618090452261294e-01 2.288369596090275848e-01
1.238693467336683396e-01 2.322579908903613100e-01
1.263768844221105636e-01 2.356519641619673477e-01
1.288844221105527599e-01 2.390193808767801797e-01
1.313919597989949839e-01 2.423607228784262768e-01
1.338994974874371802e-01 2.456764535238251113e-01
1.364070351758794042e-01 2.489670187217025432e-01
1.389145728643216005e-01 2.522328478946675445e-01
1.414221105527638245e-01 2.554743548718431678e-01
1.439296482412060207e-01 2.586919387181457197e-01
1.464371859296482448e-01 2.618859845057646130e-01
1.489447236180904410e-01 2.650568640327935488e-01
1.514522613065326651e-01 2.682049364934332991e-01
1.539597989949748613e-01 2.713305491038165429e-01
1.564673366834170853e-01 2.744340376870441078e-01
1.589748743718592816e-01 2.775157272206969505e-01
1.614824120603015056e-01 2.805759323498186464e-01
1.639899497487437297e-01 2.836149578680055572e-01
1.664974874371859259e-01 2.866330991690694274e-01
1.690050251256281499e-01 2.896306426714946869e-01
1.715125628140703462e-01 2.926078662176831435e-01
1.740201005025125702e-01 2.955650394498544054e-01
1.765276381909547665e-01 2.985024241642698639e-01
1.790351758793969905e-01 3.014202746453293336e-01
1.815427135678391868e-01 3.043188379809456667e-01
1.840502512562814108e-01 3.071983543604810407e-01
1.865577889447236071e-01 3.100590573564549479e-01
1.890653266331658311e-01 3.129011741910957545e-01
1.915728643216080274e-01 3.157249259887480175e-01
1.940804020100502514e-01 3.185305280150627083e-01
1.965879396984924476e-01 3.213181899038218825e-01
1.990954773869346717e-01 3.240881158721894417e-01
2.016030150753768679e-01 3.268405049251068561e-01
2.041105527638190920e-01 3.295755510495298468e-01
2.066180904522613160e-01 3.322934433991051595e-01
2.091256281407035122e-01 3.349943664698871171e-01
2.116331658291457363e-01 3.376785002676177538e-01
2.141407035175879325e-01 3.403460204670899492e-01
2.166482412060301566e-01 3.429970985640168335e-01
2.191557788944723528e-01 3.456319020199045133e-01
2.216633165829145768e-01 3.482505944002596832e-01
2.241708542713567731e-01 3.508533355065534542e-01
2.266783919597989971e-01 3.534402815022916200e-01
2.291859296482411934e-01 3.560115850334744092e-01
2.316934673366834174e-01 3.585673953438106021e-01
2.342010050251256137e-01 3.611078583849368639e-01
2.367085427135678377e-01 3.636331169218987580e-01
2.392160804020100340e-01 3.661433106341658306e-01
2.417236180904522580e-01 3.686385762124330112e-01
2.442311557788944820e-01 3.711190474513718640e-01
2.467386934673366783e-01 3.735848553385881510e-01
2.492462311557789023e-01 3.760361281399472455e-01
2.517537688442211263e-01 3.784729914814897733e-01
2.542613065326633226e-01 3.808955684280601051e-01
2.567688442211055189e-01 3.833039795588319421e-01
2.592763819095477151e-01 3.856983430398901458e-01
2.617839195979899669e-01 3.880787746940089211e-01
2.642914572864321632e-01 3.904453880677337674e-01
2.667989949748743594e-01 3.927982944959385048e-01
2.693065326633165557e-01 3.951376031639355357e-01
2.718140703517588075e-01 3.974634211672881667e-01
2.743216080402010038e-01 3.997758535694015403e-01
2.768291457286432000e-01 4.020750034570052533e-01
2.793366834170853963e-01 4.043609719936432922e-01
2.818442211055276481e-01 4.066338584712114179e-01
2.843517587939698443e-01 4.088937603596886072e-01
2.868592964824120406e-01 4.111407733550906940e-01
2.893668341708542924e-01 4.133749914257578428e-01
2.918743718592964886e-01 4.155965068570371956e-01
2.943819095477386849e-01 4.178054102944156467e-01
2.968894472361808812e-01 4.200017907851991139e-01
2.993969849246231330e-01 4.221857358187610654e-01
3.019045226130653292e-01 4.243573313654727119e-01
3.044120603015075255e-01 4.265166619142950477e-01
3.069195979899497218e-01 4.286638105091821749e-01
3.094271356783919735e-01 4.307988587842314643e-01
3.119346733668341698e-01 4.329218869977674577e-01
3.144422110552763661e-01 4.350329740652582045e-01
3.169497487437185623e-01 4.371321975912204616e-01
3.194572864321608141e-01 4.392196339001063210e-01
3.219648241206030104e-01 4.412953580662145603e-01
3.244723618090452066e-01 4.433594439426694067e-01
3.269798994974874584e-01 4.454119641895004644e-01
3.294874371859296547e-01 4.474529903008686582e-01
3.319949748743718509e-01 4.494825926314554021e-01
3.345025125628140472e-01 4.515008404220410831e-01
3.370100502512562990e-01 4.535078018243496878e-01
3.395175879396984953e-01 4.555035439251025609e-01
3.420251256281406915e-01 4.574881327694184652e-01
3.445326633165828878e-01 4.594616333834696809e-01
3.470402010050251396e-01 4.614241097965177674e-01
3.495477386934673358e-01 4.633756250622925177e-01
3.520552763819095321e-01 4.653162412797542946e-01
3.545628140703517284e-01 4.672460196132824928e-01
3.570703517587939801e-01 4.691650203122660345e-01
3.595778894472361764e-01 4.710733027301507447e-01
3.620854271356783727e-01 4.729709253429757454e-01
3.645929648241206245e-01 4.748579457673588466e-01
3.671005025125628207e-01 4.767344207780073728e-01
3.696080402010050170e-01 4.786004063247554785e-01
3.721155778894472133e-01 4.804559575491142431e-01
3.746231155778894650e-01 4.823011288003937747e-01
3.771306532663316613e-01 4.841359736513853873e-01
3.796381909547738576e-01 4.859605449136298327e-01
3.821457286432160538e-01 4.877748946522667550e-01
3.846532663316583056e-01 4.895790742005139418e-01
3.871608040201005019e-01 4.913731341737496705e-01
3.896683417085426981e-01 4.931571244832407275e-01
3.921758793969848944e-01 4.949310943495071613e-01
3.946834170854271462e-01 4.966950923153518604e-01
3.971909547738693425e-01 4.984491662585439076e-01
3.996984924623115387e-01 5.001933634041998422e-01
4.022060301507537350e-01 5.019277303368415710e-01
4.047135678391959868e-01 5.036523130121479674e-01
4.072211055276381830e-01 5.053671567684190347e-01
4.097286432160803793e-01 5.070723063377627904e-01
4.122361809045226311e-01 5.087678058569909956e-01
4.147437185929648273e-01 5.104536988782684137e-01
4.172512562814070236e-01 5.121300283794845143e-01
4.197587939698492199e-01 5.137968367743829257e-01
4.222663316582914717e-01 5.154541659224516348e-01
4.247738693467336679e-01 5.171020571385672726e-01
4.272814070351758642e-01 5.187405512024139131e-01
4.297889447236180605e-01 5.203696883676890428e-01
4.322964824120603122e-01 5.219895083710717198e-01
4.348040201005025085e-01 5.236000504410078804e-01
4.373115577889447048e-01 5.252013533062673822e-01
4.398190954773869010e-01 5.267934552043125329e-01
4.423266331658291528e-01 5.283763938894903145e-01
4.448341708542713491e-01 5.299502066410024526e-01
4.473417085427135453e-01 5.315149302707322665e-01
4.498492462311557971e-01 5.330706011308635750e-01
4.523567839195979934e-01 5.346172551213478341e-01
4.548643216080401896e-01 5.361549276972003009e-01
4.573718592964823859e-01 5.376836538756176731e-01
4.598793969849246377e-01 5.392034682429752701e-01
4.623869346733668340e-01 5.407144049616264825e-01
4.648944723618090302e-01 5.422164977765775440e-01
4.674020100502512265e-01 5.437097800220226373e-01
4.699095477386934783e-01 5.451942846277144650e-01
4.724170854271356745e-01 5.466700441252207998e-01
4.749246231155778708e-01 5.481370906540259380e-01
4.774321608040200671e-01 5.495954559675239048e-01
4.799396984924623188e-01 5.510451714388616695e-01
4.824472361809045151e-01 5.524862680666737802e-01
4.849547738693467114e-01 5.539187764806970948e-01
4.874623115577889632e-01 5.553427269472505090e-01
4.899698492462311594e-01 5.567581493746256438e-01
4.924773869346733557e-01 5.581650733183419755e-01
4.949849246231155520e-01 5.595635279863117040e-01
4.974924623115578037e-01 5.609535422438887142e-01
5.000000000000000000e-01 5.623351446188088465e-01
