1.000000000000000021e-03 5.000625312695516911e-04
3.507537688442211032e-03 1.754539121993303752e-03
6.015075376884422044e-03 3.009805835862411350e-03
8.522613065326633056e-03 4.265865664649259870e-03
1.103015075376884493e-02 5.522721619054538067e-03
1.353768844221105508e-02 6.780376728875214809e-03
1.604522613065326522e-02 8.038834043174514221e-03
1.855276381909547884e-02 9.298096630453889233e-03
2.106030150753768898e-02 1.055816757882710455e-02
2.356783919597989913e-02 1.181904999619565189e-02
2.607537688442210927e-02 1.308074701042749588e-02
2.858291457286432288e-02 1.434326176953659715e-02
3.109045226130653303e-02 1.560659744186509990e-02
3.359798994974874664e-02 1.687075721626773994e-02
3.610552763819095679e-02 1.813574430229791812e-02
3.861306532663316693e-02 1.940156193039699328e-02
4.112060301507537707e-02 2.066821335208424149e-02
4.362814070351758722e-02 2.193570184015025681e-02
4.613567839195979736e-02 2.320403068885301678e-02
4.864321608040200751e-02 2.447320321411372568e-02
5.115075376884421765e-02 2.574322275371876412e-02
5.365829145728643473e-02 2.701409266752086147e-02
5.616582914572864488e-02 2.828581633764415404e-02
5.867336683417085502e-02 2.955839716869168576e-02
6.118090452261306517e-02 3.083183858795490728e-02
6.368844221105528225e-02 3.210614404562572854e-02
6.619597989949749239e-02 3.338131701501168003e-02
6.870351758793970254e-02 3.465736099275307236e-02
7.121105527638191268e-02 3.593427949904326457e-02
7.371859296482412283e-02 3.721207607785093074e-02
7.622613065326633297e-02 3.849075429714610141e-02
7.873366834170854311e-02 3.977031774912764828e-02
8.124120603015075326e-02 4.105077005045520977e-02
8.374874371859296340e-02 4.233211484248178280e-02
8.625628140703517355e-02 4.361435579149119945e-02
8.876381909547738369e-02 4.489749658893815720e-02
9.127135678391959384e-02 4.618154095168958140e-02
9.377889447236180398e-02 4.746649262227109478e-02
9.628643216080401412e-02 4.875235536911581846e-02
9.879396984924622427e-02 5.003913298681528232e-02
1.013015075376884344e-01 5.132682929637533142e-02
1.038090452261306584e-01 5.261544814547347571e-02
1.063165829145728686e-01 5.390499340872123568e-02
1.088241206030150787e-01 5.519546898792737633e-02
1.113316582914572889e-01 5.648687881236735819e-02
1.138391959798994990e-01 5.777922683905389878e-02
1.163467336683417092e-01 5.907251705301230782e-02
1.188542713567839193e-01 6.036675346755882021e-02
1.213618090452261294e-01 6.166194012458248164e-02
1.238693467336683396e-01 6.295808109483058690e-02
1.263768844221105636e-01 6.425518047819855916e-02
1.288844221105527599e-01 6.555324240402238267e-02
1.313919597989949839e-01 6.685227103137580951e-02
1.338994974874371802e-01 6.815227054937056383e-02
1.364070351758794042e-01 6.945324517746187531e-02
1.389145728643216005e-01 7.075519916575589985e-02
1.414221105527638245e-01 7.205813679532302451e-02
1.439296482412060207e-01 7.336206237851494727e-02
1.464371859296482448e-01 7.466698025928453220e-02
1.489447236180904410e-01 7.597289481351221507e-02
1.514522613065326651e-01 7.727981044933440735e-02
1.539597989949748613e-01 7.858773160747811737e-02
1.564673366834170853e-01 7.989666276159912428e-02
1.589748743718592816e-01 8.120660841862437085e-02
1.614824120603015056e-01 8.251757311910035142e-02
1.639899497487437297e-01 8.382956143754394240e-02
1.664974874371859259e-01 8.514257798280078227e-02
1.690050251256281499e-01 8.645662739840553890e-02
1.715125628140703462e-01 8.777171436295005957e-02
1.740201005025125702e-01 8.908784359045351930e-02
1.765276381909547665e-01 9.040501983074022974e-02
1.790351758793969905e-01 9.172324786982111178e-02
1.815427135678391868e-01 9.304253253028083037e-02
1.840502512562814108e-01 9.436287867167036936e-02
1.865577889447236071e-01 9.568429119090504642e-02
1.890653266331658311e-01 9.700677502266763508e-02
1.915728643216080274e-01 9.833033513981770390e-02
1.940804020100502514e-01 9.965497655380628483e-02
1.965879396984924476e-01 1.009807043150965367e-01
1.990954773869346717e-01 1.023075235135902927e-01
2.016030150753768679e-01 1.036354392790600487e-01
2.041105527638190920e-01 1.049644567815884999e-01
2.066180904522613160e-01 1.062945812320126304e-01
2.091256281407035122e-01 1.076258178823752409e-01
2.116331658291457363e-01 1.089581720263826936e-01
2.141407035175879325e-01 1.102916489998688743e-01
2.166482412060301566e-01 1.116262541812655940e-01
2.191557788944723528e-01 1.129619929920810950e-01
2.216633165829145768e-01 1.142988708973846634e-01
2.241708542713567731e-01 1.156368934062967924e-01
2.266783919597989971e-01 1.169760660724900037e-01
2.291859296482411934e-01 1.183163944946927781e-01
2.316934673366834174e-01 1.196578843172048101e-01
2.342010050251256137e-01 1.210005412304162586e-01
2.367085427135678377e-01 1.223443709713383232e-01
2.392160804020100340e-01 1.236893793241380379e-01
2.417236180904522580e-01 1.250355721206832804e-01
2.442311557788944820e-01 1.263829552410959955e-01
2.467386934673366783e-01 1.277315346143119701e-01
2.492462311557789023e-01 1.290813162186507101e-01
2.517537688442211263e-01 1.304323060823933123e-01
2.542613065326633226e-01 1.317845102843681060e-01
2.567688442211055189e-01 1.331379349545472879e-01
2.592763819095477151e-01 1.344925862746502165e-01
2.617839195979899669e-01 1.358484704787579211e-01
2.642914572864321632e-01 1.372055938539351594e-01
2.667989949748743594e-01 1.385639627408647989e-01
2.693065326633165557e-01 1.399235835344878609e-01
2.718140703517588075e-01 1.412844626846572194e-01
2.743216080402010038e-01 1.426466066967999602e-01
2.768291457286432000e-01 1.440100221325898433e-01
2.793366834170853963e-01 1.453747156106302008e-01
2.818442211055276481e-01 1.467406938071481592e-01
2.843517587939698443e-01 1.481079634566997427e-01
2.868592964824120406e-01 1.494765313528851891e-01
2.893668341708542924e-01 1.508464043490768125e-01
2.918743718592964886e-01 1.522175893591573015e-01
2.943819095477386849e-01 1.535900933582710071e-01
2.968894472361808812e-01 1.549639233835857777e-01
2.993969849246231330e-01 1.563390865350688941e-01
3.019045226130653292e-01 1.577155899762731073e-01
3.044120603015075255e-01 1.590934409351382195e-01
3.069195979899497218e-01 1.604726467048032124e-01
3.094271356783919735e-01 1.618532146444328079e-01
3.119346733668341698e-01 1.632351521800573524e-01
3.144422110552763661e-01 1.646184668054267997e-01
3.169497487437185623e-01 1.660031660828780176e-01
3.194572864321608141e-01 1.673892576442171931e-01
3.219648241206030104e-01 1.687767491916165596e-01
3.244723618090452066e-01 1.701656484985254458e-01
3.269798994974874584e-01 1.715559634105978670e-01
3.294874371859296547e-01 1.729477018466347715e-01
3.319949748743718509e-01 1.743408717995424961e-01
3.345025125628140472e-01 1.757354813373068758e-01
3.370100502512562990e-01 1.771315386039845619e-01
3.395175879396984953e-01 1.785290518207112154e-01
3.420251256281406915e-01 1.799280292867263542e-01
3.445326633165828878e-01 1.813284793804160744e-01
3.470402010050251396e-01 1.827304105603744233e-01
3.495477386934673358e-01 1.841338313664819815e-01
3.520552763819095321e-01 1.855387504210034288e-01
3.545628140703517284e-01 1.869451764297049845e-01
3.570703517587939801e-01 1.883531181829914969e-01
3.595778894472361764e-01 1.897625845570616310e-01
3.620854271356783727e-01 1.911735845150857038e-01
3.645929648241206245e-01 1.925861271084031712e-01
3.671005025125628207e-01 1.940002214777414302e-01
3.696080402010050170e-01 1.954158768544572711e-01
3.721155778894472133e-01 1.968331025617986452e-01
3.746231155778894650e-01 1.982519080161921909e-01
3.771306532663316613e-01 1.996723027285502994e-01
3.796381909547738576e-01 2.010942963056052690e-01
3.821457286432160538e-01 2.025178984512651104e-01
3.846532663316583056e-01 2.039431189679964396e-01
3.871608040201005019e-01 2.053699677582306871e-01
3.896683417085426981e-01 2.067984548257979505e-01
3.921758793969848944e-01 2.082285902773856057e-01
3.946834170854271462e-01 2.096603843240258946e-01
3.971909547738693425e-01 2.110938472826101586e-01
3.996984924623115387e-01 2.125289895774310489e-01
4.022060301507537350e-01 2.139658217417557129e-01
4.047135678391959868e-01 2.154043544194260695e-01
4.072211055276381830e-01 2.168445983664912813e-01
4.097286432160803793e-01 2.182865644528709792e-01
4.122361809045226311e-01 2.197302636640499074e-01
4.147437185929648273e-01 2.211757071028054300e-01
4.172512562814070236e-01 2.226229059909682340e-01
4.197587939698492199e-01 2.240718716712175596e-01
4.222663316582914717e-01 2.255226156089108480e-01
4.247738693467336679e-01 2.269751493939491382e-01
4.272814070351758642e-01 2.284294847426804331e-01
4.297889447236180605e-01 2.298856334998380380e-01
4.322964824120603122e-01 2.313436076405196440e-01
4.348040201005025085e-01 2.328034192722048257e-01
4.373115577889447048e-01 2.342650806368132832e-01
4.398190954773869010e-01 2.357286041128032750e-01
4.423266331658291528e-01 2.371940022173139040e-01
4.448341708542713491e-01 2.386612876083501478e-01
4.473417085427135453e-01 2.401304730870114090e-01
4.498492462311557971e-01 2.416015715997676949e-01
4.523567839195979934e-01 2.430745962407804273e-01
4.548643216080401896e-01 2.445495602542724356e-01
4.573718592964823859e-01 2.460264770369468001e-01
4.598793969849246377e-01 2.475053601404553216e-01
4.623869346733668340e-01 2.489862232739201708e-01
4.648944723618090302e-01 2.504690803065064975e-01
4.674020100502512265e-01 2.519539452700516602e-01
4.699095477386934783e-01 2.534408323617477476e-01
4.724170854271356745e-01 2.549297559468833851e-01
4.749246231155778708e-01 2.564207305616431620e-01
4.774321608040200671e-01 2.579137709159671221e-01
4.799396984924623188e-01 2.594088918964735369e-01
4.824472361809045151e-01 2.609061085694427407e-01
4.849547738693467114e-01 2.624054361838690230e-01
4.874623115577889632e-01 2.639068901745760254e-01
4.899698492462311594e-01 2.654104861654043024e-01
4.924773869346733557e-01 2.669162399724671619e-01
4.949849246231155520e-01 2.684241676074803351e-01
4.974924623115578037e-01 2.699342852811644766e-01
5.000000000000000000e-01 2.714466094067262691e-01
