!!node 0!!
3 5 0
3 5 1
3 5 2
3 5 3
3 5 4
3 5 5
3 5 6
3 5 7
3 5 8
3 5 9
3 5 10
3 5 11
3 5 12
3 5 13
3 5 14
3 5 15
3 5 16
3 5 17
3 5 18
3 5 19
3 5 20
3 5 21
3 5 22
3 5 23
!!node 1!!
3 5 24
3 5 25
3 5 26
3 5 27
3 5 28
3 5 29
3 5 30
3 5 31
3 5 32
3 5 33
3 5 34
3 5 35
3 5 36
3 5 37
3 5 38
3 5 39
3 5 40
3 5 41
3 5 42
3 5 43
3 5 44
3 5 45
3 5 46
3 5 47
!!node 2!!
3 5 48
3 5 49
3 5 50
3 5 51
3 5 52
3 5 53
3 5 54
3 5 55
3 5 56
3 5 57
3 5 58
3 5 59
3 5 60
3 5 61
3 5 62
3 5 63
3 5 64
3 5 65
3 5 66
3 5 67
3 5 68
3 5 69
3 5 70
3 5 71
!!node 3!!
3 5 72
3 5 73
3 5 74
3 5 75
3 5 76
3 5 77
3 5 78
3 5 79
3 5 80
3 5 81
3 5 82
3 5 83
3 5 84
3 5 85
3 5 86
3 5 87
3 5 88
3 5 89
3 5 90
3 5 91
3 5 92
3 5 93
3 5 94
3 5 95
!!node 4!!
3 5 96
3 5 97
3 5 98
3 5 99
3 5 100
3 5 101
3 5 102
3 5 103
3 5 104
3 5 105
3 5 106
3 5 107
3 5 108
3 5 109
3 5 110
3 5 111
3 5 112
3 5 113
3 5 114
3 5 115
3 5 116
3 5 117
3 5 118
3 5 119
!!node 5!!
3 5 120
3 5 121
3 5 122
3 5 123
3 5 124
3 5 125
3 5 126
3 5 127
3 5 128
3 5 129
3 5 130
3 5 131
3 5 132
3 5 133
3 5 134
3 5 135
3 5 136
3 5 137
3 5 138
3 5 139
3 5 140
3 5 141
3 5 142
3 5 143
!!node 6!!
3 5 144
3 5 145
3 5 146
3 5 147
3 5 148
3 5 149
3 5 150
3 5 151
3 5 152
3 5 153
3 5 154
3 5 155
3 5 156
3 5 157
3 5 158
3 5 159
3 5 160
3 5 161
3 5 162
3 5 163
3 5 164
3 5 165
3 5 166
3 5 167
!!node 7!!
3 5 168
3 5 169
3 5 170
3 5 171
3 5 172
3 5 173
3 5 174
3 5 175
3 5 176
3 5 177
3 5 178
3 5 179
3 5 180
3 5 181
3 5 182
3 5 183
3 5 184
3 5 185
3 5 186
3 5 187
3 5 188
3 5 189
3 5 190
3 5 191
!!node 8!!
3 5 192
3 5 193
3 5 194
3 5 195
3 5 196
3 5 197
3 5 198
3 5 199
4 5 0
4 5 1
4 5 2
4 5 3
4 5 4
4 5 5
4 5 6
4 5 7
4 5 8
4 5 9
4 5 10
4 5 11
4 5 12
4 5 13
4 5 14
4 5 15
!!node 9!!
4 5 16
4 5 17
4 5 18
4 5 19
4 5 20
4 5 21
4 5 22
4 5 23
4 5 24
4 5 25
4 5 26
4 5 27
4 5 28
4 5 29
4 5 30
4 5 31
4 5 32
4 5 33
4 5 34
4 5 35
4 5 36
4 5 37
4 5 38
4 5 39
!!node 10!!
4 5 40
4 5 41
4 5 42
4 5 43
4 5 44
4 5 45
4 5 46
4 5 47
4 5 48
4 5 49
4 5 50
4 5 51
4 5 52
4 5 53
4 5 54
4 5 55
4 5 56
4 5 57
4 5 58
4 5 59
4 5 60
4 5 61
4 5 62
4 5 63
!!node 11!!
4 5 64
4 5 65
4 5 66
4 5 67
4 5 68
4 5 69
4 5 70
4 5 71
4 5 72
4 5 73
4 5 74
4 5 75
4 5 76
4 5 77
4 5 78
4 5 79
4 5 80
4 5 81
4 5 82
4 5 83
4 5 84
4 5 85
4 5 86
4 5 87
!!node 12!!
4 5 88
4 5 89
4 5 90
4 5 91
4 5 92
4 5 93
4 5 94
4 5 95
4 5 96
4 5 97
4 5 98
4 5 99
4 5 100
4 5 101
4 5 102
4 5 103
4 5 104
4 5 105
4 5 106
4 5 107
4 5 108
4 5 109
4 5 110
4 5 111
!!node 13!!
4 5 112
4 5 113
4 5 114
4 5 115
4 5 116
4 5 117
4 5 118
4 5 119
4 5 120
4 5 121
4 5 122
4 5 123
4 5 124
4 5 125
4 5 126
4 5 127
4 5 128
4 5 129
4 5 130
4 5 131
4 5 132
4 5 133
4 5 134
4 5 135
!!node 14!!
4 5 136
4 5 137
4 5 138
4 5 139
4 5 140
4 5 141
4 5 142
4 5 143
4 5 144
4 5 145
4 5 146
4 5 147
4 5 148
4 5 149
4 5 150
4 5 151
4 5 152
4 5 153
4 5 154
4 5 155
4 5 156
4 5 157
4 5 158
4 5 159
!!node 15!!
4 5 160
4 5 161
4 5 162
4 5 163
4 5 164
4 5 165
4 5 166
4 5 167
4 5 168
4 5 169
4 5 170
4 5 171
4 5 172
4 5 173
4 5 174
4 5 175
4 5 176
4 5 177
4 5 178
4 5 179
4 5 180
4 5 181
4 5 182
4 5 183
!!node 16!!
4 5 184
4 5 185
4 5 186
4 5 187
4 5 188
4 5 189
4 5 190
4 5 191
4 5 192
4 5 193
4 5 194
4 5 195
4 5 196
4 5 197
4 5 198
4 5 199
5 5 0
5 5 1
5 5 2
5 5 3
5 5 4
5 5 5
5 5 6
5 5 7
!!node 17!!
5 5 8
5 5 9
5 5 10
5 5 11
5 5 12
5 5 13
5 5 14
5 5 15
5 5 16
5 5 17
5 5 18
5 5 19
5 5 20
5 5 21
5 5 22
5 5 23
5 5 24
5 5 25
5 5 26
5 5 27
5 5 28
5 5 29
5 5 30
5 5 31
!!node 18!!
5 5 32
5 5 33
5 5 34
5 5 35
5 5 36
5 5 37
5 5 38
5 5 39
5 5 40
5 5 41
5 5 42
5 5 43
5 5 44
5 5 45
5 5 46
5 5 47
5 5 48
5 5 49
5 5 50
5 5 51
5 5 52
5 5 53
5 5 54
5 5 55
!!node 19!!
5 5 56
5 5 57
5 5 58
5 5 59
5 5 60
5 5 61
5 5 62
5 5 63
5 5 64
5 5 65
5 5 66
5 5 67
5 5 68
5 5 69
5 5 70
5 5 71
5 5 72
5 5 73
5 5 74
5 5 75
5 5 76
5 5 77
5 5 78
5 5 79
!!node 20!!
5 5 80
5 5 81
5 5 82
5 5 83
5 5 84
5 5 85
5 5 86
5 5 87
5 5 88
5 5 89
5 5 90
5 5 91
5 5 92
5 5 93
5 5 94
5 5 95
5 5 96
5 5 97
5 5 98
5 5 99
5 5 100
5 5 101
5 5 102
5 5 103
!!node 21!!
5 5 104
5 5 105
5 5 106
5 5 107
5 5 108
5 5 109
5 5 110
5 5 111
5 5 112
5 5 113
5 5 114
5 5 115
5 5 116
5 5 117
5 5 118
5 5 119
5 5 120
5 5 121
5 5 122
5 5 123
5 5 124
5 5 125
5 5 126
5 5 127
!!node 22!!
5 5 128
5 5 129
5 5 130
5 5 131
5 5 132
5 5 133
5 5 134
5 5 135
5 5 136
5 5 137
5 5 138
5 5 139
5 5 140
5 5 141
5 5 142
5 5 143
5 5 144
5 5 145
5 5 146
5 5 147
5 5 148
5 5 149
5 5 150
5 5 151
!!node 23!!
5 5 152
5 5 153
5 5 154
5 5 155
5 5 156
5 5 157
5 5 158
5 5 159
5 5 160
5 5 161
5 5 162
5 5 163
5 5 164
5 5 165
5 5 166
5 5 167
5 5 168
5 5 169
5 5 170
5 5 171
5 5 172
5 5 173
5 5 174
5 5 175
!!node 24!!
5 5 176
5 5 177
5 5 178
5 5 179
5 5 180
5 5 181
5 5 182
5 5 183
5 5 184
5 5 185
5 5 186
5 5 187
5 5 188
5 5 189
5 5 190
5 5 191
5 5 192
5 5 193
5 5 194
5 5 195
5 5 196
5 5 197
5 5 198
5 5 199
!!node 25!!
6 5 0
6 5 1
6 5 2
6 5 3
6 5 4
6 5 5
6 5 6
6 5 7
6 5 8
6 5 9
6 5 10
6 5 11
6 5 12
6 5 13
6 5 14
6 5 15
6 5 16
6 5 17
6 5 18
6 5 19
6 5 20
6 5 21
6 5 22
6 5 23
!!node 26!!
6 5 24
6 5 25
6 5 26
6 5 27
6 5 28
6 5 29
6 5 30
6 5 31
6 5 32
6 5 33
6 5 34
6 5 35
6 5 36
6 5 37
6 5 38
6 5 39
6 5 40
6 5 41
6 5 42
6 5 43
6 5 44
6 5 45
6 5 46
6 5 47
!!node 27!!
6 5 48
6 5 49
6 5 50
6 5 51
6 5 52
6 5 53
6 5 54
6 5 55
6 5 56
6 5 57
6 5 58
6 5 59
6 5 60
6 5 61
6 5 62
6 5 63
6 5 64
6 5 65
6 5 66
6 5 67
6 5 68
6 5 69
6 5 70
6 5 71
!!node 28!!
6 5 72
6 5 73
6 5 74
6 5 75
6 5 76
6 5 77
6 5 78
6 5 79
6 5 80
6 5 81
6 5 82
6 5 83
6 5 84
6 5 85
6 5 86
6 5 87
6 5 88
6 5 89
6 5 90
6 5 91
6 5 92
6 5 93
6 5 94
6 5 95
!!node 29!!
6 5 96
6 5 97
6 5 98
6 5 99
6 5 100
6 5 101
6 5 102
6 5 103
6 5 104
6 5 105
6 5 106
6 5 107
6 5 108
6 5 109
6 5 110
6 5 111
6 5 112
6 5 113
6 5 114
6 5 115
6 5 116
6 5 117
6 5 118
6 5 119
!!node 30!!
6 5 120
6 5 121
6 5 122
6 5 123
6 5 124
6 5 125
6 5 126
6 5 127
6 5 128
6 5 129
6 5 130
6 5 131
6 5 132
6 5 133
6 5 134
6 5 135
6 5 136
6 5 137
6 5 138
6 5 139
6 5 140
6 5 141
6 5 142
6 5 143
!!node 31!!
6 5 144
6 5 145
6 5 146
6 5 147
6 5 148
6 5 149
6 5 150
6 5 151
6 5 152
6 5 153
6 5 154
6 5 155
6 5 156
6 5 157
6 5 158
6 5 159
6 5 160
6 5 161
6 5 162
6 5 163
6 5 164
6 5 165
6 5 166
6 5 167
!!node 32!!
6 5 168
6 5 169
6 5 170
6 5 171
6 5 172
6 5 173
6 5 174
6 5 175
6 5 176
6 5 177
6 5 178
6 5 179
6 5 180
6 5 181
6 5 182
6 5 183
6 5 184
6 5 185
6 5 186
6 5 187
6 5 188
6 5 189
6 5 190
6 5 191
!!node 33!!
6 5 192
6 5 193
6 5 194
6 5 195
6 5 196
6 5 197
6 5 198
6 5 199
7 5 0
7 5 1
7 5 2
7 5 3
7 5 4
7 5 5
7 5 6
7 5 7
7 5 8
7 5 9
7 5 10
7 5 11
7 5 12
7 5 13
7 5 14
7 5 15
!!node 34!!
7 5 16
7 5 17
7 5 18
7 5 19
7 5 20
7 5 21
7 5 22
7 5 23
7 5 24
7 5 25
7 5 26
7 5 27
7 5 28
7 5 29
7 5 30
7 5 31
7 5 32
7 5 33
7 5 34
7 5 35
7 5 36
7 5 37
7 5 38
7 5 39
!!node 35!!
7 5 40
7 5 41
7 5 42
7 5 43
7 5 44
7 5 45
7 5 46
7 5 47
7 5 48
7 5 49
7 5 50
7 5 51
7 5 52
7 5 53
7 5 54
7 5 55
7 5 56
7 5 57
7 5 58
7 5 59
7 5 60
7 5 61
7 5 62
7 5 63
!!node 36!!
7 5 64
7 5 65
7 5 66
7 5 67
7 5 68
7 5 69
7 5 70
7 5 71
7 5 72
7 5 73
7 5 74
7 5 75
7 5 76
7 5 77
7 5 78
7 5 79
7 5 80
7 5 81
7 5 82
7 5 83
7 5 84
7 5 85
7 5 86
7 5 87
!!node 37!!
7 5 88
7 5 89
7 5 90
7 5 91
7 5 92
7 5 93
7 5 94
7 5 95
7 5 96
7 5 97
7 5 98
7 5 99
7 5 100
7 5 101
7 5 102
7 5 103
7 5 104
7 5 105
7 5 106
7 5 107
7 5 108
7 5 109
7 5 110
7 5 111
!!node 38!!
7 5 112
7 5 113
7 5 114
7 5 115
7 5 116
7 5 117
7 5 118
7 5 119
7 5 120
7 5 121
7 5 122
7 5 123
7 5 124
7 5 125
7 5 126
7 5 127
7 5 128
7 5 129
7 5 130
7 5 131
7 5 132
7 5 133
7 5 134
7 5 135
!!node 39!!
7 5 136
7 5 137
7 5 138
7 5 139
7 5 140
7 5 141
7 5 142
7 5 143
7 5 144
7 5 145
7 5 146
7 5 147
7 5 148
7 5 149
7 5 150
7 5 151
7 5 152
7 5 153
7 5 154
7 5 155
7 5 156
7 5 157
7 5 158
7 5 159
!!node 40!!
7 5 160
7 5 161
7 5 162
7 5 163
7 5 164
7 5 165
7 5 166
7 5 167
7 5 168
7 5 169
7 5 170
7 5 171
7 5 172
7 5 173
7 5 174
7 5 175
7 5 176
7 5 177
7 5 178
7 5 179
7 5 180
7 5 181
7 5 182
7 5 183
!!node 41!!
7 5 184
7 5 185
7 5 186
7 5 187
7 5 188
7 5 189
7 5 190
7 5 191
7 5 192
7 5 193
7 5 194
7 5 195
7 5 196
7 5 197
7 5 198
7 5 199
8 5 0
8 5 1
8 5 2
8 5 3
8 5 4
8 5 5
8 5 6
8 5 7
!!node 42!!
8 5 8
8 5 9
8 5 10
8 5 11
8 5 12
8 5 13
8 5 14
8 5 15
8 5 16
8 5 17
8 5 18
8 5 19
8 5 20
8 5 21
8 5 22
8 5 23
8 5 24
8 5 25
8 5 26
8 5 27
8 5 28
8 5 29
8 5 30
8 5 31
!!node 43!!
8 5 32
8 5 33
8 5 34
8 5 35
8 5 36
8 5 37
8 5 38
8 5 39
8 5 40
8 5 41
8 5 42
8 5 43
8 5 44
8 5 45
8 5 46
8 5 47
8 5 48
8 5 49
8 5 50
8 5 51
8 5 52
8 5 53
8 5 54
8 5 55
!!node 44!!
8 5 56
8 5 57
8 5 58
8 5 59
8 5 60
8 5 61
8 5 62
8 5 63
8 5 64
8 5 65
8 5 66
8 5 67
8 5 68
8 5 69
8 5 70
8 5 71
8 5 72
8 5 73
8 5 74
8 5 75
8 5 76
8 5 77
8 5 78
8 5 79
!!node 45!!
8 5 80
8 5 81
8 5 82
8 5 83
8 5 84
8 5 85
8 5 86
8 5 87
8 5 88
8 5 89
8 5 90
8 5 91
8 5 92
8 5 93
8 5 94
8 5 95
8 5 96
8 5 97
8 5 98
8 5 99
8 5 100
8 5 101
8 5 102
8 5 103
!!node 46!!
8 5 104
8 5 105
8 5 106
8 5 107
8 5 108
8 5 109
8 5 110
8 5 111
8 5 112
8 5 113
8 5 114
8 5 115
8 5 116
8 5 117
8 5 118
8 5 119
8 5 120
8 5 121
8 5 122
8 5 123
8 5 124
8 5 125
8 5 126
8 5 127
!!node 47!!
8 5 128
8 5 129
8 5 130
8 5 131
8 5 132
8 5 133
8 5 134
8 5 135
8 5 136
8 5 137
8 5 138
8 5 139
8 5 140
8 5 141
8 5 142
8 5 143
8 5 144
8 5 145
8 5 146
8 5 147
8 5 148
8 5 149
8 5 150
8 5 151
!!node 48!!
8 5 152
8 5 153
8 5 154
8 5 155
8 5 156
8 5 157
8 5 158
8 5 159
8 5 160
8 5 161
8 5 162
8 5 163
8 5 164
8 5 165
8 5 166
8 5 167
8 5 168
8 5 169
8 5 170
8 5 171
8 5 172
8 5 173
8 5 174
8 5 175
!!node 49!!
8 5 176
8 5 177
8 5 178
8 5 179
8 5 180
8 5 181
8 5 182
8 5 183
8 5 184
8 5 185
8 5 186
8 5 187
8 5 188
8 5 189
8 5 190
8 5 191
8 5 192
8 5 193
8 5 194
8 5 195
8 5 196
8 5 197
8 5 198
8 5 199
!!node 50!!
9 5 0
9 5 1
9 5 2
9 5 3
9 5 4
9 5 5
9 5 6
9 5 7
9 5 8
9 5 9
9 5 10
9 5 11
9 5 12
9 5 13
9 5 14
9 5 15
9 5 16
9 5 17
9 5 18
9 5 19
9 5 20
9 5 21
9 5 22
9 5 23
!!node 51!!
9 5 24
9 5 25
9 5 26
9 5 27
9 5 28
9 5 29
9 5 30
9 5 31
9 5 32
9 5 33
9 5 34
9 5 35
9 5 36
9 5 37
9 5 38
9 5 39
9 5 40
9 5 41
9 5 42
9 5 43
9 5 44
9 5 45
9 5 46
9 5 47
!!node 52!!
9 5 48
9 5 49
9 5 50
9 5 51
9 5 52
9 5 53
9 5 54
9 5 55
9 5 56
9 5 57
9 5 58
9 5 59
9 5 60
9 5 61
9 5 62
9 5 63
9 5 64
9 5 65
9 5 66
9 5 67
9 5 68
9 5 69
9 5 70
9 5 71
!!node 53!!
9 5 72
9 5 73
9 5 74
9 5 75
9 5 76
9 5 77
9 5 78
9 5 79
9 5 80
9 5 81
9 5 82
9 5 83
9 5 84
9 5 85
9 5 86
9 5 87
9 5 88
9 5 89
9 5 90
9 5 91
9 5 92
9 5 93
9 5 94
9 5 95
!!node 54!!
9 5 96
9 5 97
9 5 98
9 5 99
9 5 100
9 5 101
9 5 102
9 5 103
9 5 104
9 5 105
9 5 106
9 5 107
9 5 108
9 5 109
9 5 110
9 5 111
9 5 112
9 5 113
9 5 114
9 5 115
9 5 116
9 5 117
9 5 118
9 5 119
!!node 55!!
9 5 120
9 5 121
9 5 122
9 5 123
9 5 124
9 5 125
9 5 126
9 5 127
9 5 128
9 5 129
9 5 130
9 5 131
9 5 132
9 5 133
9 5 134
9 5 135
9 5 136
9 5 137
9 5 138
9 5 139
9 5 140
9 5 141
9 5 142
9 5 143
!!node 56!!
9 5 144
9 5 145
9 5 146
9 5 147
9 5 148
9 5 149
9 5 150
9 5 151
9 5 152
9 5 153
9 5 154
9 5 155
9 5 156
9 5 157
9 5 158
9 5 159
9 5 160
9 5 161
9 5 162
9 5 163
9 5 164
9 5 165
9 5 166
9 5 167
!!node 57!!
9 5 168
9 5 169
9 5 170
9 5 171
9 5 172
9 5 173
9 5 174
9 5 175
9 5 176
9 5 177
9 5 178
9 5 179
9 5 180
9 5 181
9 5 182
9 5 183
9 5 184
9 5 185
9 5 186
9 5 187
9 5 188
9 5 189
9 5 190
9 5 191
!!node 58!!
9 5 192
9 5 193
9 5 194
9 5 195
9 5 196
9 5 197
9 5 198
9 5 199
10 5 0
10 5 1
10 5 2
10 5 3
10 5 4
10 5 5
10 5 6
10 5 7
10 5 8
10 5 9
10 5 10
10 5 11
10 5 12
10 5 13
10 5 14
10 5 15
!!node 59!!
10 5 16
10 5 17
10 5 18
10 5 19
10 5 20
10 5 21
10 5 22
10 5 23
10 5 24
10 5 25
10 5 26
10 5 27
10 5 28
10 5 29
10 5 30
10 5 31
10 5 32
10 5 33
10 5 34
10 5 35
10 5 36
10 5 37
10 5 38
10 5 39
!!node 60!!
10 5 40
10 5 41
10 5 42
10 5 43
10 5 44
10 5 45
10 5 46
10 5 47
10 5 48
10 5 49
10 5 50
10 5 51
10 5 52
10 5 53
10 5 54
10 5 55
10 5 56
10 5 57
10 5 58
10 5 59
10 5 60
10 5 61
10 5 62
10 5 63
!!node 61!!
10 5 64
10 5 65
10 5 66
10 5 67
10 5 68
10 5 69
10 5 70
10 5 71
10 5 72
10 5 73
10 5 74
10 5 75
10 5 76
10 5 77
10 5 78
10 5 79
10 5 80
10 5 81
10 5 82
10 5 83
10 5 84
10 5 85
10 5 86
10 5 87
!!node 62!!
10 5 88
10 5 89
10 5 90
10 5 91
10 5 92
10 5 93
10 5 94
10 5 95
10 5 96
10 5 97
10 5 98
10 5 99
10 5 100
10 5 101
10 5 102
10 5 103
10 5 104
10 5 105
10 5 106
10 5 107
10 5 108
10 5 109
10 5 110
10 5 111
!!node 63!!
10 5 112
10 5 113
10 5 114
10 5 115
10 5 116
10 5 117
10 5 118
10 5 119
10 5 120
10 5 121
10 5 122
10 5 123
10 5 124
10 5 125
10 5 126
10 5 127
10 5 128
10 5 129
10 5 130
10 5 131
10 5 132
10 5 133
10 5 134
10 5 135
!!node 64!!
10 5 136
10 5 137
10 5 138
10 5 139
10 5 140
10 5 141
10 5 142
10 5 143
10 5 144
10 5 145
10 5 146
10 5 147
10 5 148
10 5 149
10 5 150
10 5 151
10 5 152
10 5 153
10 5 154
10 5 155
10 5 156
10 5 157
10 5 158
10 5 159
!!node 65!!
10 5 160
10 5 161
10 5 162
10 5 163
10 5 164
10 5 165
10 5 166
10 5 167
10 5 168
10 5 169
10 5 170
10 5 171
10 5 172
10 5 173
10 5 174
10 5 175
10 5 176
10 5 177
10 5 178
10 5 179
10 5 180
10 5 181
10 5 182
10 5 183
!!node 66!!
10 5 184
10 5 185
10 5 186
10 5 187
10 5 188
10 5 189
10 5 190
10 5 191
10 5 192
10 5 193
10 5 194
10 5 195
10 5 196
10 5 197
10 5 198
10 5 199
11 5 0
11 5 1
11 5 2
11 5 3
11 5 4
11 5 5
11 5 6
11 5 7
!!node 67!!
11 5 8
11 5 9
11 5 10
11 5 11
11 5 12
11 5 13
11 5 14
11 5 15
11 5 16
11 5 17
11 5 18
11 5 19
11 5 20
11 5 21
11 5 22
11 5 23
11 5 24
11 5 25
11 5 26
11 5 27
11 5 28
11 5 29
11 5 30
11 5 31
!!node 68!!
11 5 32
11 5 33
11 5 34
11 5 35
11 5 36
11 5 37
11 5 38
11 5 39
11 5 40
11 5 41
11 5 42
11 5 43
11 5 44
11 5 45
11 5 46
11 5 47
11 5 48
11 5 49
11 5 50
11 5 51
11 5 52
11 5 53
11 5 54
11 5 55
!!node 69!!
11 5 56
11 5 57
11 5 58
11 5 59
11 5 60
11 5 61
11 5 62
11 5 63
11 5 64
11 5 65
11 5 66
11 5 67
11 5 68
11 5 69
11 5 70
11 5 71
11 5 72
11 5 73
11 5 74
11 5 75
11 5 76
11 5 77
11 5 78
11 5 79
!!node 70!!
11 5 80
11 5 81
11 5 82
11 5 83
11 5 84
11 5 85
11 5 86
11 5 87
11 5 88
11 5 89
11 5 90
11 5 91
11 5 92
11 5 93
11 5 94
11 5 95
11 5 96
11 5 97
11 5 98
11 5 99
11 5 100
11 5 101
11 5 102
11 5 103
!!node 71!!
11 5 104
11 5 105
11 5 106
11 5 107
11 5 108
11 5 109
11 5 110
11 5 111
11 5 112
11 5 113
11 5 114
11 5 115
11 5 116
11 5 117
11 5 118
11 5 119
11 5 120
11 5 121
11 5 122
11 5 123
11 5 124
11 5 125
11 5 126
11 5 127
!!node 72!!
11 5 128
11 5 129
11 5 130
11 5 131
11 5 132
11 5 133
11 5 134
11 5 135
11 5 136
11 5 137
11 5 138
11 5 139
11 5 140
11 5 141
11 5 142
11 5 143
11 5 144
11 5 145
11 5 146
11 5 147
11 5 148
11 5 149
11 5 150
11 5 151
!!node 73!!
11 5 152
11 5 153
11 5 154
11 5 155
11 5 156
11 5 157
11 5 158
11 5 159
11 5 160
11 5 161
11 5 162
11 5 163
11 5 164
11 5 165
11 5 166
11 5 167
11 5 168
11 5 169
11 5 170
11 5 171
11 5 172
11 5 173
11 5 174
11 5 175
!!node 74!!
11 5 176
11 5 177
11 5 178
11 5 179
11 5 180
11 5 181
11 5 182
11 5 183
11 5 184
11 5 185
11 5 186
11 5 187
11 5 188
11 5 189
11 5 190
11 5 191
11 5 192
11 5 193
11 5 194
11 5 195
11 5 196
11 5 197
11 5 198
11 5 199
!!node 75!!
12 5 0
12 5 1
12 5 2
12 5 3
12 5 4
12 5 5
12 5 6
12 5 7
12 5 8
12 5 9
12 5 10
12 5 11
12 5 12
12 5 13
12 5 14
12 5 15
12 5 16
12 5 17
12 5 18
12 5 19
12 5 20
12 5 21
12 5 22
12 5 23
!!node 76!!
12 5 24
12 5 25
12 5 26
12 5 27
12 5 28
12 5 29
12 5 30
12 5 31
12 5 32
12 5 33
12 5 34
12 5 35
12 5 36
12 5 37
12 5 38
12 5 39
12 5 40
12 5 41
12 5 42
12 5 43
12 5 44
12 5 45
12 5 46
12 5 47
!!node 77!!
12 5 48
12 5 49
12 5 50
12 5 51
12 5 52
12 5 53
12 5 54
12 5 55
12 5 56
12 5 57
12 5 58
12 5 59
12 5 60
12 5 61
12 5 62
12 5 63
12 5 64
12 5 65
12 5 66
12 5 67
12 5 68
12 5 69
12 5 70
12 5 71
!!node 78!!
12 5 72
12 5 73
12 5 74
12 5 75
12 5 76
12 5 77
12 5 78
12 5 79
12 5 80
12 5 81
12 5 82
12 5 83
12 5 84
12 5 85
12 5 86
12 5 87
12 5 88
12 5 89
12 5 90
12 5 91
12 5 92
12 5 93
12 5 94
12 5 95
!!node 79!!
12 5 96
12 5 97
12 5 98
12 5 99
12 5 100
12 5 101
12 5 102
12 5 103
12 5 104
12 5 105
12 5 106
12 5 107
12 5 108
12 5 109
12 5 110
12 5 111
12 5 112
12 5 113
12 5 114
12 5 115
12 5 116
12 5 117
12 5 118
12 5 119
!!node 80!!
12 5 120
12 5 121
12 5 122
12 5 123
12 5 124
12 5 125
12 5 126
12 5 127
12 5 128
12 5 129
12 5 130
12 5 131
12 5 132
12 5 133
12 5 134
12 5 135
12 5 136
12 5 137
12 5 138
12 5 139
12 5 140
12 5 141
12 5 142
12 5 143
!!node 81!!
12 5 144
12 5 145
12 5 146
12 5 147
12 5 148
12 5 149
12 5 150
12 5 151
12 5 152
12 5 153
12 5 154
12 5 155
12 5 156
12 5 157
12 5 158
12 5 159
12 5 160
12 5 161
12 5 162
12 5 163
12 5 164
12 5 165
12 5 166
12 5 167
!!node 82!!
12 5 168
12 5 169
12 5 170
12 5 171
12 5 172
12 5 173
12 5 174
12 5 175
12 5 176
12 5 177
12 5 178
12 5 179
12 5 180
12 5 181
12 5 182
12 5 183
12 5 184
12 5 185
12 5 186
12 5 187
12 5 188
12 5 189
12 5 190
12 5 191
!!node 83!!
12 5 192
12 5 193
12 5 194
12 5 195
12 5 196
12 5 197
12 5 198
12 5 199
