!!node 0!!
12 2 0.3 0.1 0
12 2 0.3 0.1 1
12 2 0.3 0.1 2
12 2 0.3 0.1 3
12 2 0.3 0.1 4
12 2 0.3 0.1 5
12 2 0.3 0.1 6
12 2 0.3 0.1 7
12 2 0.3 0.1 8
12 2 0.3 0.1 9
12 2 0.3 0.1 10
12 2 0.3 0.1 11
12 2 0.3 0.1 12
12 2 0.3 0.1 13
12 2 0.3 0.1 14
12 2 0.3 0.1 15
12 2 0.3 0.1 16
12 2 0.3 0.1 17
12 2 0.3 0.1 18
12 2 0.3 0.1 19
12 2 0.3 0.1 20
12 2 0.3 0.1 21
12 2 0.3 0.1 22
12 2 0.3 0.1 23
13.5 2 0.3 0.1 0
13.5 2 0.3 0.1 1
13.5 2 0.3 0.1 2
13.5 2 0.3 0.1 3
13.5 2 0.3 0.1 4
13.5 2 0.3 0.1 5
13.5 2 0.3 0.1 6
13.5 2 0.3 0.1 7
13.5 2 0.3 0.1 8
13.5 2 0.3 0.1 9
13.5 2 0.3 0.1 10
13.5 2 0.3 0.1 11
13.5 2 0.3 0.1 12
13.5 2 0.3 0.1 13
13.5 2 0.3 0.1 14
13.5 2 0.3 0.1 15
13.5 2 0.3 0.1 16
13.5 2 0.3 0.1 17
13.5 2 0.3 0.1 18
13.5 2 0.3 0.1 19
13.5 2 0.3 0.1 20
13.5 2 0.3 0.1 21
13.5 2 0.3 0.1 22
13.5 2 0.3 0.1 23
15 2 0.3 0.1 0
15 2 0.3 0.1 1
15 2 0.3 0.1 2
15 2 0.3 0.1 3
15 2 0.3 0.1 4
15 2 0.3 0.1 5
15 2 0.3 0.1 6
15 2 0.3 0.1 7
15 2 0.3 0.1 8
15 2 0.3 0.1 9
15 2 0.3 0.1 10
15 2 0.3 0.1 11
15 2 0.3 0.1 12
15 2 0.3 0.1 13
15 2 0.3 0.1 14
15 2 0.3 0.1 15
15 2 0.3 0.1 16
15 2 0.3 0.1 17
15 2 0.3 0.1 18
15 2 0.3 0.1 19
15 2 0.3 0.1 20
15 2 0.3 0.1 21
15 2 0.3 0.1 22
15 2 0.3 0.1 23
16.5 2 0.3 0.1 0
16.5 2 0.3 0.1 1
16.5 2 0.3 0.1 2
16.5 2 0.3 0.1 3
16.5 2 0.3 0.1 4
16.5 2 0.3 0.1 5
16.5 2 0.3 0.1 6
16.5 2 0.3 0.1 7
16.5 2 0.3 0.1 8
16.5 2 0.3 0.1 9
16.5 2 0.3 0.1 10
16.5 2 0.3 0.1 11
16.5 2 0.3 0.1 12
16.5 2 0.3 0.1 13
16.5 2 0.3 0.1 14
16.5 2 0.3 0.1 15
16.5 2 0.3 0.1 16
16.5 2 0.3 0.1 17
16.5 2 0.3 0.1 18
16.5 2 0.3 0.1 19
16.5 2 0.3 0.1 20
16.5 2 0.3 0.1 21
16.5 2 0.3 0.1 22
16.5 2 0.3 0.1 23
18 2 0.3 0.1 0
18 2 0.3 0.1 1
18 2 0.3 0.1 2
18 2 0.3 0.1 3
18 2 0.3 0.1 4
18 2 0.3 0.1 5
18 2 0.3 0.1 6
18 2 0.3 0.1 7
18 2 0.3 0.1 8
18 2 0.3 0.1 9
18 2 0.3 0.1 10
18 2 0.3 0.1 11
18 2 0.3 0.1 12
18 2 0.3 0.1 13
18 2 0.3 0.1 14
18 2 0.3 0.1 15
18 2 0.3 0.1 16
18 2 0.3 0.1 17
18 2 0.3 0.1 18
18 2 0.3 0.1 19
18 2 0.3 0.1 20
18 2 0.3 0.1 21
18 2 0.3 0.1 22
18 2 0.3 0.1 23
19.5 2 0.3 0.1 0
19.5 2 0.3 0.1 1
19.5 2 0.3 0.1 2
19.5 2 0.3 0.1 3
19.5 2 0.3 0.1 4
19.5 2 0.3 0.1 5
19.5 2 0.3 0.1 6
19.5 2 0.3 0.1 7
19.5 2 0.3 0.1 8
19.5 2 0.3 0.1 9
19.5 2 0.3 0.1 10
19.5 2 0.3 0.1 11
19.5 2 0.3 0.1 12
19.5 2 0.3 0.1 13
19.5 2 0.3 0.1 14
19.5 2 0.3 0.1 15
19.5 2 0.3 0.1 16
19.5 2 0.3 0.1 17
19.5 2 0.3 0.1 18
19.5 2 0.3 0.1 19
19.5 2 0.3 0.1 20
19.5 2 0.3 0.1 21
19.5 2 0.3 0.1 22
19.5 2 0.3 0.1 23
!!node 1!!
21 2 0.3 0.1 0
21 2 0.3 0.1 1
21 2 0.3 0.1 2
21 2 0.3 0.1 3
21 2 0.3 0.1 4
21 2 0.3 0.1 5
21 2 0.3 0.1 6
21 2 0.3 0.1 7
21 2 0.3 0.1 8
21 2 0.3 0.1 9
21 2 0.3 0.1 10
21 2 0.3 0.1 11
21 2 0.3 0.1 12
21 2 0.3 0.1 13
21 2 0.3 0.1 14
21 2 0.3 0.1 15
21 2 0.3 0.1 16
21 2 0.3 0.1 17
21 2 0.3 0.1 18
21 2 0.3 0.1 19
21 2 0.3 0.1 20
21 2 0.3 0.1 21
21 2 0.3 0.1 22
21 2 0.3 0.1 23
22.5 2 0.3 0.1 0
22.5 2 0.3 0.1 1
22.5 2 0.3 0.1 2
22.5 2 0.3 0.1 3
22.5 2 0.3 0.1 4
22.5 2 0.3 0.1 5
22.5 2 0.3 0.1 6
22.5 2 0.3 0.1 7
22.5 2 0.3 0.1 8
22.5 2 0.3 0.1 9
22.5 2 0.3 0.1 10
22.5 2 0.3 0.1 11
22.5 2 0.3 0.1 12
22.5 2 0.3 0.1 13
22.5 2 0.3 0.1 14
22.5 2 0.3 0.1 15
22.5 2 0.3 0.1 16
22.5 2 0.3 0.1 17
22.5 2 0.3 0.1 18
22.5 2 0.3 0.1 19
22.5 2 0.3 0.1 20
22.5 2 0.3 0.1 21
22.5 2 0.3 0.1 22
22.5 2 0.3 0.1 23
24 2 0.3 0.1 0
24 2 0.3 0.1 1
24 2 0.3 0.1 2
24 2 0.3 0.1 3
24 2 0.3 0.1 4
24 2 0.3 0.1 5
24 2 0.3 0.1 6
24 2 0.3 0.1 7
24 2 0.3 0.1 8
24 2 0.3 0.1 9
24 2 0.3 0.1 10
24 2 0.3 0.1 11
24 2 0.3 0.1 12
24 2 0.3 0.1 13
24 2 0.3 0.1 14
24 2 0.3 0.1 15
24 2 0.3 0.1 16
24 2 0.3 0.1 17
24 2 0.3 0.1 18
24 2 0.3 0.1 19
24 2 0.3 0.1 20
24 2 0.3 0.1 21
24 2 0.3 0.1 22
24 2 0.3 0.1 23
25.5 2 0.3 0.1 0
25.5 2 0.3 0.1 1
25.5 2 0.3 0.1 2
25.5 2 0.3 0.1 3
25.5 2 0.3 0.1 4
25.5 2 0.3 0.1 5
25.5 2 0.3 0.1 6
25.5 2 0.3 0.1 7
25.5 2 0.3 0.1 8
25.5 2 0.3 0.1 9
25.5 2 0.3 0.1 10
25.5 2 0.3 0.1 11
25.5 2 0.3 0.1 12
25.5 2 0.3 0.1 13
25.5 2 0.3 0.1 14
25.5 2 0.3 0.1 15
25.5 2 0.3 0.1 16
25.5 2 0.3 0.1 17
25.5 2 0.3 0.1 18
25.5 2 0.3 0.1 19
25.5 2 0.3 0.1 20
25.5 2 0.3 0.1 21
25.5 2 0.3 0.1 22
25.5 2 0.3 0.1 23
27 2 0.3 0.1 0
27 2 0.3 0.1 1
27 2 0.3 0.1 2
27 2 0.3 0.1 3
27 2 0.3 0.1 4
27 2 0.3 0.1 5
27 2 0.3 0.1 6
27 2 0.3 0.1 7
27 2 0.3 0.1 8
27 2 0.3 0.1 9
27 2 0.3 0.1 10
27 2 0.3 0.1 11
27 2 0.3 0.1 12
27 2 0.3 0.1 13
27 2 0.3 0.1 14
27 2 0.3 0.1 15
27 2 0.3 0.1 16
27 2 0.3 0.1 17
27 2 0.3 0.1 18
27 2 0.3 0.1 19
27 2 0.3 0.1 20
27 2 0.3 0.1 21
27 2 0.3 0.1 22
27 2 0.3 0.1 23
28.5 2 0.3 0.1 0
28.5 2 0.3 0.1 1
28.5 2 0.3 0.1 2
28.5 2 0.3 0.1 3
28.5 2 0.3 0.1 4
28.5 2 0.3 0.1 5
28.5 2 0.3 0.1 6
28.5 2 0.3 0.1 7
28.5 2 0.3 0.1 8
28.5 2 0.3 0.1 9
28.5 2 0.3 0.1 10
28.5 2 0.3 0.1 11
28.5 2 0.3 0.1 12
28.5 2 0.3 0.1 13
28.5 2 0.3 0.1 14
28.5 2 0.3 0.1 15
28.5 2 0.3 0.1 16
28.5 2 0.3 0.1 17
28.5 2 0.3 0.1 18
28.5 2 0.3 0.1 19
28.5 2 0.3 0.1 20
28.5 2 0.3 0.1 21
28.5 2 0.3 0.1 22
28.5 2 0.3 0.1 23
