!!node 0!!
6.4 -1 0 0 0
6.4 -1 0 0 1
6.4 -1 0 0 2
6.4 -1 0 0 3
6.4 -1 0 0 4
6.4 -1 0 0 5
6.4 -1 0 0 6
6.4 -1 0 0 7
6.4 -1 0 0 8
6.4 -1 0 0 9
6.4 -1 0 0 10
6.4 -1 0 0 11
6.4 -1 0 0 12
6.4 -1 0 0 13
6.4 -1 0 0 14
6.4 -1 0 0 15
6.4 -1 0 0 16
6.4 -1 0 0 17
6.4 -1 0 0 18
6.4 -1 0 0 19
6.4 -1 0 0 20
6.4 -1 0 0 21
6.4 -1 0 0 22
6.4 -1 0 0 23
6.4 -1 0 0 24
6.4 -1 0 0 25
6.4 -1 0 0 26
6.4 -1 0 0 27
6.4 -1 0 0 28
6.4 -1 0 0 29
6.4 -1 0 0 30
6.4 -1 0 0 31
6.4 -1 0 0 32
6.4 -1 0 0 33
6.4 -1 0 0 34
6.4 -1 0 0 35
6.4 -1 0 0 36
6.4 -1 0 0 37
6.4 -1 0 0 38
6.4 -1 0 0 39
6.4 -1 0 0 40
6.4 -1 0 0 41
6.4 -1 0 0 42
6.4 -1 0 0 43
6.4 -1 0 0 44
6.4 -1 0 0 45
6.4 -1 0 0 46
6.4 -1 0 0 47
6.4 -1 0 0 48
6.4 -1 0 0 49
6.4 -1 0 0 50
6.4 -1 0 0 51
6.4 -1 0 0 52
6.4 -1 0 0 53
6.4 -1 0 0 54
6.4 -1 0 0 55
6.4 -1 0 0 56
6.4 -1 0 0 57
6.4 -1 0 0 58
6.4 -1 0 0 59
6.4 -1 0 0 60
6.4 -1 0 0 61
6.4 -1 0 0 62
6.4 -1 0 0 63
6.4 -1 0 0 64
6.4 -1 0 0 65
6.4 -1 0 0 66
6.4 -1 0 0 67
6.4 -1 0 0 68
6.4 -1 0 0 69
6.4 -1 0 0 70
6.4 -1 0 0 71
6.4 -1 0 0 72
6.4 -1 0 0 73
6.4 -1 0 0 74
6.4 -1 0 0 75
6.4 -1 0 0 76
6.4 -1 0 0 77
6.4 -1 0 0 78
6.4 -1 0 0 79
6.4 -1 0 0 80
6.4 -1 0 0 81
6.4 -1 0 0 82
6.4 -1 0 0 83
6.4 -1 0 0 84
6.4 -1 0 0 85
6.4 -1 0 0 86
6.4 -1 0 0 87
6.4 -1 0 0 88
6.4 -1 0 0 89
6.4 -1 0 0 90
6.4 -1 0 0 91
6.4 -1 0 0 92
6.4 -1 0 0 93
6.4 -1 0 0 94
6.4 -1 0 0 95
6.4 -1 0 0 96
6.4 -1 0 0 97
6.4 -1 0 0 98
6.4 -1 0 0 99
6.4 -1 0 0 100
6.4 -1 0 0 101
6.4 -1 0 0 102
6.4 -1 0 0 103
6.4 -1 0 0 104
6.4 -1 0 0 105
6.4 -1 0 0 106
6.4 -1 0 0 107
6.4 -1 0 0 108
6.4 -1 0 0 109
6.4 -1 0 0 110
6.4 -1 0 0 111
6.4 -1 0 0 112
6.4 -1 0 0 113
6.4 -1 0 0 114
6.4 -1 0 0 115
6.4 -1 0 0 116
6.4 -1 0 0 117
6.4 -1 0 0 118
6.4 -1 0 0 119
6.4 -1 0 0 120
6.4 -1 0 0 121
6.4 -1 0 0 122
6.4 -1 0 0 123
6.4 -1 0 0 124
6.4 -1 0 0 125
6.4 -1 0 0 126
6.4 -1 0 0 127
6.4 -1 0 0 128
6.4 -1 0 0 129
6.4 -1 0 0 130
6.4 -1 0 0 131
6.4 -1 0 0 132
6.4 -1 0 0 133
6.4 -1 0 0 134
6.4 -1 0 0 135
6.4 -1 0 0 136
6.4 -1 0 0 137
6.4 -1 0 0 138
6.4 -1 0 0 139
6.4 -1 0 0 140
6.4 -1 0 0 141
6.4 -1 0 0 142
6.4 -1 0 0 143
6.4 -1 0 0 144
6.4 -1 0 0 145
6.4 -1 0 0 146
6.4 -1 0 0 147
6.4 -1 0 0 148
6.4 -1 0 0 149
6.4 -1 0 0 150
6.4 -1 0 0 151
6.4 -1 0 0 152
6.4 -1 0 0 153
6.4 -1 0 0 154
6.4 -1 0 0 155
6.4 -1 0 0 156
6.4 -1 0 0 157
6.4 -1 0 0 158
6.4 -1 0 0 159
6.4 -1 0 0 160
6.4 -1 0 0 161
6.4 -1 0 0 162
6.4 -1 0 0 163
6.4 -1 0 0 164
6.4 -1 0 0 165
6.4 -1 0 0 166
6.4 -1 0 0 167
6.4 -1 0 0 168
6.4 -1 0 0 169
6.4 -1 0 0 170
6.4 -1 0 0 171
6.4 -1 0 0 172
6.4 -1 0 0 173
6.4 -1 0 0 174
6.4 -1 0 0 175
6.4 -1 0 0 176
6.4 -1 0 0 177
6.4 -1 0 0 178
6.4 -1 0 0 179
6.4 -1 0 0 180
6.4 -1 0 0 181
6.4 -1 0 0 182
6.4 -1 0 0 183
6.4 -1 0 0 184
6.4 -1 0 0 185
6.4 -1 0 0 186
6.4 -1 0 0 187
6.4 -1 0 0 188
6.4 -1 0 0 189
6.4 -1 0 0 190
6.4 -1 0 0 191
6.4 -1 0 0 192
6.4 -1 0 0 193
6.4 -1 0 0 194
6.4 -1 0 0 195
6.4 -1 0 0 196
6.4 -1 0 0 197
6.4 -1 0 0 198
6.4 -1 0 0 199
6.4 -1 0 0 200
6.4 -1 0 0 201
6.4 -1 0 0 202
6.4 -1 0 0 203
6.4 -1 0 0 204
6.4 -1 0 0 205
6.4 -1 0 0 206
6.4 -1 0 0 207
6.4 -1 0 0 208
6.4 -1 0 0 209
6.4 -1 0 0 210
6.4 -1 0 0 211
6.4 -1 0 0 212
6.4 -1 0 0 213
6.4 -1 0 0 214
6.4 -1 0 0 215
6.4 -1 0 0 216
6.4 -1 0 0 217
6.4 -1 0 0 218
6.4 -1 0 0 219
6.4 -1 0 0 220
6.4 -1 0 0 221
6.4 -1 0 0 222
6.4 -1 0 0 223
6.4 -1 0 0 224
6.4 -1 0 0 225
6.4 -1 0 0 226
6.4 -1 0 0 227
6.4 -1 0 0 228
6.4 -1 0 0 229
6.4 -1 0 0 230
6.4 -1 0 0 231
6.4 -1 0 0 232
6.4 -1 0 0 233
6.4 -1 0 0 234
6.4 -1 0 0 235
6.4 -1 0 0 236
6.4 -1 0 0 237
6.4 -1 0 0 238
6.4 -1 0 0 239
6.4 -1 0 0 240
6.4 -1 0 0 241
6.4 -1 0 0 242
6.4 -1 0 0 243
6.4 -1 0 0 244
6.4 -1 0 0 245
6.4 -1 0 0 246
6.4 -1 0 0 247
6.4 -1 0 0 248
6.4 -1 0 0 249
6.4 -1 0 0 250
6.4 -1 0 0 251
6.4 -1 0 0 252
6.4 -1 0 0 253
6.4 -1 0 0 254
6.4 -1 0 0 255
6.4 -1 0 0 256
6.4 -1 0 0 257
6.4 -1 0 0 258
6.4 -1 0 0 259
6.4 -1 0 0 260
6.4 -1 0 0 261
6.4 -1 0 0 262
6.4 -1 0 0 263
6.4 -1 0 0 264
6.4 -1 0 0 265
6.4 -1 0 0 266
6.4 -1 0 0 267
6.4 -1 0 0 268
6.4 -1 0 0 269
6.4 -1 0 0 270
6.4 -1 0 0 271
6.4 -1 0 0 272
6.4 -1 0 0 273
6.4 -1 0 0 274
6.4 -1 0 0 275
6.4 -1 0 0 276
6.4 -1 0 0 277
6.4 -1 0 0 278
6.4 -1 0 0 279
6.4 -1 0 0 280
6.4 -1 0 0 281
6.4 -1 0 0 282
6.4 -1 0 0 283
6.4 -1 0 0 284
6.4 -1 0 0 285
6.4 -1 0 0 286
6.4 -1 0 0 287
6.4 -1 0 0 288
6.4 -1 0 0 289
6.4 -1 0 0 290
6.4 -1 0 0 291
6.4 -1 0 0 292
6.4 -1 0 0 293
6.4 -1 0 0 294
6.4 -1 0 0 295
6.4 -1 0 0 296
6.4 -1 0 0 297
6.4 -1 0 0 298
6.4 -1 0 0 299
6.4 -1 0 0 300
6.4 -1 0 0 301
6.4 -1 0 0 302
6.4 -1 0 0 303
6.4 -1 0 0 304
6.4 -1 0 0 305
6.4 -1 0 0 306
6.4 -1 0 0 307
6.4 -1 0 0 308
6.4 -1 0 0 309
6.4 -1 0 0 310
6.4 -1 0 0 311
6.4 -1 0 0 312
6.4 -1 0 0 313
6.4 -1 0 0 314
6.4 -1 0 0 315
6.4 -1 0 0 316
6.4 -1 0 0 317
6.4 -1 0 0 318
6.4 -1 0 0 319
6.4 -1 0 0 320
6.4 -1 0 0 321
6.4 -1 0 0 322
6.4 -1 0 0 323
6.4 -1 0 0 324
6.4 -1 0 0 325
6.4 -1 0 0 326
6.4 -1 0 0 327
6.4 -1 0 0 328
6.4 -1 0 0 329
6.4 -1 0 0 330
6.4 -1 0 0 331
6.4 -1 0 0 332
6.4 -1 0 0 333
6.4 -1 0 0 334
6.4 -1 0 0 335
6.4 -1 0 0 336
6.4 -1 0 0 337
6.4 -1 0 0 338
6.4 -1 0 0 339
6.4 -1 0 0 340
6.4 -1 0 0 341
6.4 -1 0 0 342
6.4 -1 0 0 343
6.4 -1 0 0 344
6.4 -1 0 0 345
6.4 -1 0 0 346
6.4 -1 0 0 347
6.4 -1 0 0 348
6.4 -1 0 0 349
6.4 -1 0 0 350
6.4 -1 0 0 351
6.4 -1 0 0 352
6.4 -1 0 0 353
6.4 -1 0 0 354
6.4 -1 0 0 355
6.4 -1 0 0 356
6.4 -1 0 0 357
6.4 -1 0 0 358
6.4 -1 0 0 359
6.4 -1 0 0 360
6.4 -1 0 0 361
6.4 -1 0 0 362
6.4 -1 0 0 363
6.4 -1 0 0 364
6.4 -1 0 0 365
6.4 -1 0 0 366
6.4 -1 0 0 367
6.4 -1 0 0 368
6.4 -1 0 0 369
6.4 -1 0 0 370
6.4 -1 0 0 371
6.4 -1 0 0 372
6.4 -1 0 0 373
6.4 -1 0 0 374
6.4 -1 0 0 375
6.4 -1 0 0 376
6.4 -1 0 0 377
6.4 -1 0 0 378
6.4 -1 0 0 379
6.4 -1 0 0 380
6.4 -1 0 0 381
6.4 -1 0 0 382
6.4 -1 0 0 383
6.4 -1 0 0 384
6.4 -1 0 0 385
6.4 -1 0 0 386
6.4 -1 0 0 387
6.4 -1 0 0 388
6.4 -1 0 0 389
6.4 -1 0 0 390
6.4 -1 0 0 391
6.4 -1 0 0 392
6.4 -1 0 0 393
6.4 -1 0 0 394
6.4 -1 0 0 395
6.4 -1 0 0 396
6.4 -1 0 0 397
6.4 -1 0 0 398
6.4 -1 0 0 399
6.4 -1 0 0 400
6.4 -1 0 0 401
6.4 -1 0 0 402
6.4 -1 0 0 403
6.4 -1 0 0 404
6.4 -1 0 0 405
6.4 -1 0 0 406
6.4 -1 0 0 407
6.4 -1 0 0 408
6.4 -1 0 0 409
6.4 -1 0 0 410
6.4 -1 0 0 411
6.4 -1 0 0 412
6.4 -1 0 0 413
6.4 -1 0 0 414
6.4 -1 0 0 415
6.4 -1 0 0 416
6.4 -1 0 0 417
6.4 -1 0 0 418
6.4 -1 0 0 419
6.4 -1 0 0 420
6.4 -1 0 0 421
6.4 -1 0 0 422
6.4 -1 0 0 423
6.4 -1 0 0 424
6.4 -1 0 0 425
6.4 -1 0 0 426
6.4 -1 0 0 427
6.4 -1 0 0 428
6.4 -1 0 0 429
6.4 -1 0 0 430
6.4 -1 0 0 431
6.4 -1 0 0 432
6.4 -1 0 0 433
6.4 -1 0 0 434
6.4 -1 0 0 435
6.4 -1 0 0 436
6.4 -1 0 0 437
6.4 -1 0 0 438
6.4 -1 0 0 439
6.4 -1 0 0 440
6.4 -1 0 0 441
6.4 -1 0 0 442
6.4 -1 0 0 443
6.4 -1 0 0 444
6.4 -1 0 0 445
6.4 -1 0 0 446
6.4 -1 0 0 447
6.4 -1 0 0 448
6.4 -1 0 0 449
6.4 -1 0 0 450
6.4 -1 0 0 451
6.4 -1 0 0 452
6.4 -1 0 0 453
6.4 -1 0 0 454
6.4 -1 0 0 455
6.4 -1 0 0 456
6.4 -1 0 0 457
6.4 -1 0 0 458
6.4 -1 0 0 459
6.4 -1 0 0 460
6.4 -1 0 0 461
6.4 -1 0 0 462
6.4 -1 0 0 463
6.4 -1 0 0 464
6.4 -1 0 0 465
6.4 -1 0 0 466
6.4 -1 0 0 467
6.4 -1 0 0 468
6.4 -1 0 0 469
6.4 -1 0 0 470
6.4 -1 0 0 471
6.4 -1 0 0 472
6.4 -1 0 0 473
6.4 -1 0 0 474
6.4 -1 0 0 475
6.4 -1 0 0 476
6.4 -1 0 0 477
6.4 -1 0 0 478
6.4 -1 0 0 479
6.4 -1 0 0 480
6.4 -1 0 0 481
6.4 -1 0 0 482
6.4 -1 0 0 483
6.4 -1 0 0 484
6.4 -1 0 0 485
6.4 -1 0 0 486
6.4 -1 0 0 487
6.4 -1 0 0 488
6.4 -1 0 0 489
6.4 -1 0 0 490
6.4 -1 0 0 491
6.4 -1 0 0 492
6.4 -1 0 0 493
6.4 -1 0 0 494
6.4 -1 0 0 495
6.4 -1 0 0 496
6.4 -1 0 0 497
6.4 -1 0 0 498
6.4 -1 0 0 499
6.4 -1 0 0 500
6.4 -1 0 0 501
6.4 -1 0 0 502
6.4 -1 0 0 503
6.4 -1 0 0 504
6.4 -1 0 0 505
6.4 -1 0 0 506
6.4 -1 0 0 507
6.4 -1 0 0 508
6.4 -1 0 0 509
6.4 -1 0 0 510
6.4 -1 0 0 511
6.4 -1 0 0 512
6.4 -1 0 0 513
6.4 -1 0 0 514
6.4 -1 0 0 515
6.4 -1 0 0 516
6.4 -1 0 0 517
6.4 -1 0 0 518
6.4 -1 0 0 519
6.4 -1 0 0 520
6.4 -1 0 0 521
6.4 -1 0 0 522
6.4 -1 0 0 523
6.4 -1 0 0 524
6.4 -1 0 0 525
6.4 -1 0 0 526
6.4 -1 0 0 527
6.4 -1 0 0 528
6.4 -1 0 0 529
6.4 -1 0 0 530
6.4 -1 0 0 531
6.4 -1 0 0 532
6.4 -1 0 0 533
6.4 -1 0 0 534
6.4 -1 0 0 535
6.4 -1 0 0 536
6.4 -1 0 0 537
6.4 -1 0 0 538
6.4 -1 0 0 539
6.4 -1 0 0 540
6.4 -1 0 0 541
6.4 -1 0 0 542
6.4 -1 0 0 543
6.4 -1 0 0 544
6.4 -1 0 0 545
6.4 -1 0 0 546
6.4 -1 0 0 547
6.4 -1 0 0 548
6.4 -1 0 0 549
6.4 -1 0 0 550
6.4 -1 0 0 551
6.4 -1 0 0 552
6.4 -1 0 0 553
6.4 -1 0 0 554
6.4 -1 0 0 555
6.4 -1 0 0 556
6.4 -1 0 0 557
6.4 -1 0 0 558
6.4 -1 0 0 559
6.4 -1 0 0 560
6.4 -1 0 0 561
6.4 -1 0 0 562
6.4 -1 0 0 563
6.4 -1 0 0 564
6.4 -1 0 0 565
6.4 -1 0 0 566
6.4 -1 0 0 567
6.4 -1 0 0 568
6.4 -1 0 0 569
6.4 -1 0 0 570
6.4 -1 0 0 571
6.4 -1 0 0 572
6.4 -1 0 0 573
6.4 -1 0 0 574
6.4 -1 0 0 575
6.4 -1 0 0 576
6.4 -1 0 0 577
6.4 -1 0 0 578
6.4 -1 0 0 579
6.4 -1 0 0 580
6.4 -1 0 0 581
6.4 -1 0 0 582
6.4 -1 0 0 583
6.4 -1 0 0 584
6.4 -1 0 0 585
6.4 -1 0 0 586
6.4 -1 0 0 587
6.4 -1 0 0 588
6.4 -1 0 0 589
6.4 -1 0 0 590
6.4 -1 0 0 591
6.4 -1 0 0 592
6.4 -1 0 0 593
6.4 -1 0 0 594
6.4 -1 0 0 595
6.4 -1 0 0 596
6.4 -1 0 0 597
6.4 -1 0 0 598
6.4 -1 0 0 599
6.4 -1 0 0 600
6.4 -1 0 0 601
6.4 -1 0 0 602
6.4 -1 0 0 603
6.4 -1 0 0 604
6.4 -1 0 0 605
6.4 -1 0 0 606
6.4 -1 0 0 607
6.4 -1 0 0 608
6.4 -1 0 0 609
6.4 -1 0 0 610
6.4 -1 0 0 611
6.4 -1 0 0 612
6.4 -1 0 0 613
6.4 -1 0 0 614
6.4 -1 0 0 615
6.4 -1 0 0 616
6.4 -1 0 0 617
6.4 -1 0 0 618
6.4 -1 0 0 619
6.4 -1 0 0 620
6.4 -1 0 0 621
6.4 -1 0 0 622
6.4 -1 0 0 623
6.4 -1 0 0 624
6.4 -1 0 0 625
6.4 -1 0 0 626
6.4 -1 0 0 627
6.4 -1 0 0 628
6.4 -1 0 0 629
6.4 -1 0 0 630
6.4 -1 0 0 631
6.4 -1 0 0 632
6.4 -1 0 0 633
6.4 -1 0 0 634
6.4 -1 0 0 635
6.4 -1 0 0 636
6.4 -1 0 0 637
6.4 -1 0 0 638
6.4 -1 0 0 639
6.4 -1 0 0 640
6.4 -1 0 0 641
6.4 -1 0 0 642
6.4 -1 0 0 643
6.4 -1 0 0 644
6.4 -1 0 0 645
6.4 -1 0 0 646
6.4 -1 0 0 647
6.4 -1 0 0 648
6.4 -1 0 0 649
6.4 -1 0 0 650
6.4 -1 0 0 651
6.4 -1 0 0 652
6.4 -1 0 0 653
6.4 -1 0 0 654
6.4 -1 0 0 655
6.4 -1 0 0 656
6.4 -1 0 0 657
6.4 -1 0 0 658
6.4 -1 0 0 659
6.4 -1 0 0 660
6.4 -1 0 0 661
6.4 -1 0 0 662
6.4 -1 0 0 663
6.4 -1 0 0 664
6.4 -1 0 0 665
6.4 -1 0 0 666
6.4 -1 0 0 667
6.4 -1 0 0 668
6.4 -1 0 0 669
6.4 -1 0 0 670
6.4 -1 0 0 671
!!node 1!!
6.4 -1 0 0 672
6.4 -1 0 0 673
6.4 -1 0 0 674
6.4 -1 0 0 675
6.4 -1 0 0 676
6.4 -1 0 0 677
6.4 -1 0 0 678
6.4 -1 0 0 679
6.4 -1 0 0 680
6.4 -1 0 0 681
6.4 -1 0 0 682
6.4 -1 0 0 683
6.4 -1 0 0 684
6.4 -1 0 0 685
6.4 -1 0 0 686
6.4 -1 0 0 687
6.4 -1 0 0 688
6.4 -1 0 0 689
6.4 -1 0 0 690
6.4 -1 0 0 691
6.4 -1 0 0 692
6.4 -1 0 0 693
6.4 -1 0 0 694
6.4 -1 0 0 695
6.4 -1 0 0 696
6.4 -1 0 0 697
6.4 -1 0 0 698
6.4 -1 0 0 699
6.4 -1 0 0 700
6.4 -1 0 0 701
6.4 -1 0 0 702
6.4 -1 0 0 703
6.4 -1 0 0 704
6.4 -1 0 0 705
6.4 -1 0 0 706
6.4 -1 0 0 707
6.4 -1 0 0 708
6.4 -1 0 0 709
6.4 -1 0 0 710
6.4 -1 0 0 711
6.4 -1 0 0 712
6.4 -1 0 0 713
6.4 -1 0 0 714
6.4 -1 0 0 715
6.4 -1 0 0 716
6.4 -1 0 0 717
6.4 -1 0 0 718
6.4 -1 0 0 719
6.4 -1 0 0 720
6.4 -1 0 0 721
6.4 -1 0 0 722
6.4 -1 0 0 723
6.4 -1 0 0 724
6.4 -1 0 0 725
6.4 -1 0 0 726
6.4 -1 0 0 727
6.4 -1 0 0 728
6.4 -1 0 0 729
6.4 -1 0 0 730
6.4 -1 0 0 731
6.4 -1 0 0 732
6.4 -1 0 0 733
6.4 -1 0 0 734
6.4 -1 0 0 735
6.4 -1 0 0 736
6.4 -1 0 0 737
6.4 -1 0 0 738
6.4 -1 0 0 739
6.4 -1 0 0 740
6.4 -1 0 0 741
6.4 -1 0 0 742
6.4 -1 0 0 743
6.4 -1 0 0 744
6.4 -1 0 0 745
6.4 -1 0 0 746
6.4 -1 0 0 747
6.4 -1 0 0 748
6.4 -1 0 0 749
6.4 -1 0 0 750
6.4 -1 0 0 751
6.4 -1 0 0 752
6.4 -1 0 0 753
6.4 -1 0 0 754
6.4 -1 0 0 755
6.4 -1 0 0 756
6.4 -1 0 0 757
6.4 -1 0 0 758
6.4 -1 0 0 759
6.4 -1 0 0 760
6.4 -1 0 0 761
6.4 -1 0 0 762
6.4 -1 0 0 763
6.4 -1 0 0 764
6.4 -1 0 0 765
6.4 -1 0 0 766
6.4 -1 0 0 767
6.4 -1 0 0 768
6.4 -1 0 0 769
6.4 -1 0 0 770
6.4 -1 0 0 771
6.4 -1 0 0 772
6.4 -1 0 0 773
6.4 -1 0 0 774
6.4 -1 0 0 775
6.4 -1 0 0 776
6.4 -1 0 0 777
6.4 -1 0 0 778
6.4 -1 0 0 779
6.4 -1 0 0 780
6.4 -1 0 0 781
6.4 -1 0 0 782
6.4 -1 0 0 783
6.4 -1 0 0 784
6.4 -1 0 0 785
6.4 -1 0 0 786
6.4 -1 0 0 787
6.4 -1 0 0 788
6.4 -1 0 0 789
6.4 -1 0 0 790
6.4 -1 0 0 791
6.4 -1 0 0 792
6.4 -1 0 0 793
6.4 -1 0 0 794
6.4 -1 0 0 795
6.4 -1 0 0 796
6.4 -1 0 0 797
6.4 -1 0 0 798
6.4 -1 0 0 799
6.4 -1 0 0 800
6.4 -1 0 0 801
6.4 -1 0 0 802
6.4 -1 0 0 803
6.4 -1 0 0 804
6.4 -1 0 0 805
6.4 -1 0 0 806
6.4 -1 0 0 807
6.4 -1 0 0 808
6.4 -1 0 0 809
6.4 -1 0 0 810
6.4 -1 0 0 811
6.4 -1 0 0 812
6.4 -1 0 0 813
6.4 -1 0 0 814
6.4 -1 0 0 815
6.4 -1 0 0 816
6.4 -1 0 0 817
6.4 -1 0 0 818
6.4 -1 0 0 819
6.4 -1 0 0 820
6.4 -1 0 0 821
6.4 -1 0 0 822
6.4 -1 0 0 823
6.4 -1 0 0 824
6.4 -1 0 0 825
6.4 -1 0 0 826
6.4 -1 0 0 827
6.4 -1 0 0 828
6.4 -1 0 0 829
6.4 -1 0 0 830
6.4 -1 0 0 831
6.4 -1 0 0 832
6.4 -1 0 0 833
6.4 -1 0 0 834
6.4 -1 0 0 835
6.4 -1 0 0 836
6.4 -1 0 0 837
6.4 -1 0 0 838
6.4 -1 0 0 839
6.4 -1 0 0 840
6.4 -1 0 0 841
6.4 -1 0 0 842
6.4 -1 0 0 843
6.4 -1 0 0 844
6.4 -1 0 0 845
6.4 -1 0 0 846
6.4 -1 0 0 847
6.4 -1 0 0 848
6.4 -1 0 0 849
6.4 -1 0 0 850
6.4 -1 0 0 851
6.4 -1 0 0 852
6.4 -1 0 0 853
6.4 -1 0 0 854
6.4 -1 0 0 855
6.4 -1 0 0 856
6.4 -1 0 0 857
6.4 -1 0 0 858
6.4 -1 0 0 859
6.4 -1 0 0 860
6.4 -1 0 0 861
6.4 -1 0 0 862
6.4 -1 0 0 863
6.4 -1 0 0 864
6.4 -1 0 0 865
6.4 -1 0 0 866
6.4 -1 0 0 867
6.4 -1 0 0 868
6.4 -1 0 0 869
6.4 -1 0 0 870
6.4 -1 0 0 871
6.4 -1 0 0 872
6.4 -1 0 0 873
6.4 -1 0 0 874
6.4 -1 0 0 875
6.4 -1 0 0 876
6.4 -1 0 0 877
6.4 -1 0 0 878
6.4 -1 0 0 879
6.4 -1 0 0 880
6.4 -1 0 0 881
6.4 -1 0 0 882
6.4 -1 0 0 883
6.4 -1 0 0 884
6.4 -1 0 0 885
6.4 -1 0 0 886
6.4 -1 0 0 887
6.4 -1 0 0 888
6.4 -1 0 0 889
6.4 -1 0 0 890
6.4 -1 0 0 891
6.4 -1 0 0 892
6.4 -1 0 0 893
6.4 -1 0 0 894
6.4 -1 0 0 895
6.4 -1 0 0 896
6.4 -1 0 0 897
6.4 -1 0 0 898
6.4 -1 0 0 899
6.4 -1 0 0 900
6.4 -1 0 0 901
6.4 -1 0 0 902
6.4 -1 0 0 903
6.4 -1 0 0 904
6.4 -1 0 0 905
6.4 -1 0 0 906
6.4 -1 0 0 907
6.4 -1 0 0 908
6.4 -1 0 0 909
6.4 -1 0 0 910
6.4 -1 0 0 911
6.4 -1 0 0 912
6.4 -1 0 0 913
6.4 -1 0 0 914
6.4 -1 0 0 915
6.4 -1 0 0 916
6.4 -1 0 0 917
6.4 -1 0 0 918
6.4 -1 0 0 919
6.4 -1 0 0 920
6.4 -1 0 0 921
6.4 -1 0 0 922
6.4 -1 0 0 923
6.4 -1 0 0 924
6.4 -1 0 0 925
6.4 -1 0 0 926
6.4 -1 0 0 927
6.4 -1 0 0 928
6.4 -1 0 0 929
6.4 -1 0 0 930
6.4 -1 0 0 931
6.4 -1 0 0 932
6.4 -1 0 0 933
6.4 -1 0 0 934
6.4 -1 0 0 935
6.4 -1 0 0 936
6.4 -1 0 0 937
6.4 -1 0 0 938
6.4 -1 0 0 939
6.4 -1 0 0 940
6.4 -1 0 0 941
6.4 -1 0 0 942
6.4 -1 0 0 943
6.4 -1 0 0 944
6.4 -1 0 0 945
6.4 -1 0 0 946
6.4 -1 0 0 947
6.4 -1 0 0 948
6.4 -1 0 0 949
6.4 -1 0 0 950
6.4 -1 0 0 951
6.4 -1 0 0 952
6.4 -1 0 0 953
6.4 -1 0 0 954
6.4 -1 0 0 955
6.4 -1 0 0 956
6.4 -1 0 0 957
6.4 -1 0 0 958
6.4 -1 0 0 959
6.4 -1 0 0 960
6.4 -1 0 0 961
6.4 -1 0 0 962
6.4 -1 0 0 963
6.4 -1 0 0 964
6.4 -1 0 0 965
6.4 -1 0 0 966
6.4 -1 0 0 967
6.4 -1 0 0 968
6.4 -1 0 0 969
6.4 -1 0 0 970
6.4 -1 0 0 971
6.4 -1 0 0 972
6.4 -1 0 0 973
6.4 -1 0 0 974
6.4 -1 0 0 975
6.4 -1 0 0 976
6.4 -1 0 0 977
6.4 -1 0 0 978
6.4 -1 0 0 979
6.4 -1 0 0 980
6.4 -1 0 0 981
6.4 -1 0 0 982
6.4 -1 0 0 983
6.4 -1 0 0 984
6.4 -1 0 0 985
6.4 -1 0 0 986
6.4 -1 0 0 987
6.4 -1 0 0 988
6.4 -1 0 0 989
6.4 -1 0 0 990
6.4 -1 0 0 991
6.4 -1 0 0 992
6.4 -1 0 0 993
6.4 -1 0 0 994
6.4 -1 0 0 995
6.4 -1 0 0 996
6.4 -1 0 0 997
6.4 -1 0 0 998
6.4 -1 0 0 999
6.8 -1 0 0 0
6.8 -1 0 0 1
6.8 -1 0 0 2
6.8 -1 0 0 3
6.8 -1 0 0 4
6.8 -1 0 0 5
6.8 -1 0 0 6
6.8 -1 0 0 7
6.8 -1 0 0 8
6.8 -1 0 0 9
6.8 -1 0 0 10
6.8 -1 0 0 11
6.8 -1 0 0 12
6.8 -1 0 0 13
6.8 -1 0 0 14
6.8 -1 0 0 15
6.8 -1 0 0 16
6.8 -1 0 0 17
6.8 -1 0 0 18
6.8 -1 0 0 19
6.8 -1 0 0 20
6.8 -1 0 0 21
6.8 -1 0 0 22
6.8 -1 0 0 23
6.8 -1 0 0 24
6.8 -1 0 0 25
6.8 -1 0 0 26
6.8 -1 0 0 27
6.8 -1 0 0 28
6.8 -1 0 0 29
6.8 -1 0 0 30
6.8 -1 0 0 31
6.8 -1 0 0 32
6.8 -1 0 0 33
6.8 -1 0 0 34
6.8 -1 0 0 35
6.8 -1 0 0 36
6.8 -1 0 0 37
6.8 -1 0 0 38
6.8 -1 0 0 39
6.8 -1 0 0 40
6.8 -1 0 0 41
6.8 -1 0 0 42
6.8 -1 0 0 43
6.8 -1 0 0 44
6.8 -1 0 0 45
6.8 -1 0 0 46
6.8 -1 0 0 47
6.8 -1 0 0 48
6.8 -1 0 0 49
6.8 -1 0 0 50
6.8 -1 0 0 51
6.8 -1 0 0 52
6.8 -1 0 0 53
6.8 -1 0 0 54
6.8 -1 0 0 55
6.8 -1 0 0 56
6.8 -1 0 0 57
6.8 -1 0 0 58
6.8 -1 0 0 59
6.8 -1 0 0 60
6.8 -1 0 0 61
6.8 -1 0 0 62
6.8 -1 0 0 63
6.8 -1 0 0 64
6.8 -1 0 0 65
6.8 -1 0 0 66
6.8 -1 0 0 67
6.8 -1 0 0 68
6.8 -1 0 0 69
6.8 -1 0 0 70
6.8 -1 0 0 71
6.8 -1 0 0 72
6.8 -1 0 0 73
6.8 -1 0 0 74
6.8 -1 0 0 75
6.8 -1 0 0 76
6.8 -1 0 0 77
6.8 -1 0 0 78
6.8 -1 0 0 79
6.8 -1 0 0 80
6.8 -1 0 0 81
6.8 -1 0 0 82
6.8 -1 0 0 83
6.8 -1 0 0 84
6.8 -1 0 0 85
6.8 -1 0 0 86
6.8 -1 0 0 87
6.8 -1 0 0 88
6.8 -1 0 0 89
6.8 -1 0 0 90
6.8 -1 0 0 91
6.8 -1 0 0 92
6.8 -1 0 0 93
6.8 -1 0 0 94
6.8 -1 0 0 95
6.8 -1 0 0 96
6.8 -1 0 0 97
6.8 -1 0 0 98
6.8 -1 0 0 99
6.8 -1 0 0 100
6.8 -1 0 0 101
6.8 -1 0 0 102
6.8 -1 0 0 103
6.8 -1 0 0 104
6.8 -1 0 0 105
6.8 -1 0 0 106
6.8 -1 0 0 107
6.8 -1 0 0 108
6.8 -1 0 0 109
6.8 -1 0 0 110
6.8 -1 0 0 111
6.8 -1 0 0 112
6.8 -1 0 0 113
6.8 -1 0 0 114
6.8 -1 0 0 115
6.8 -1 0 0 116
6.8 -1 0 0 117
6.8 -1 0 0 118
6.8 -1 0 0 119
6.8 -1 0 0 120
6.8 -1 0 0 121
6.8 -1 0 0 122
6.8 -1 0 0 123
6.8 -1 0 0 124
6.8 -1 0 0 125
6.8 -1 0 0 126
6.8 -1 0 0 127
6.8 -1 0 0 128
6.8 -1 0 0 129
6.8 -1 0 0 130
6.8 -1 0 0 131
6.8 -1 0 0 132
6.8 -1 0 0 133
6.8 -1 0 0 134
6.8 -1 0 0 135
6.8 -1 0 0 136
6.8 -1 0 0 137
6.8 -1 0 0 138
6.8 -1 0 0 139
6.8 -1 0 0 140
6.8 -1 0 0 141
6.8 -1 0 0 142
6.8 -1 0 0 143
6.8 -1 0 0 144
6.8 -1 0 0 145
6.8 -1 0 0 146
6.8 -1 0 0 147
6.8 -1 0 0 148
6.8 -1 0 0 149
6.8 -1 0 0 150
6.8 -1 0 0 151
6.8 -1 0 0 152
6.8 -1 0 0 153
6.8 -1 0 0 154
6.8 -1 0 0 155
6.8 -1 0 0 156
6.8 -1 0 0 157
6.8 -1 0 0 158
6.8 -1 0 0 159
6.8 -1 0 0 160
6.8 -1 0 0 161
6.8 -1 0 0 162
6.8 -1 0 0 163
6.8 -1 0 0 164
6.8 -1 0 0 165
6.8 -1 0 0 166
6.8 -1 0 0 167
6.8 -1 0 0 168
6.8 -1 0 0 169
6.8 -1 0 0 170
6.8 -1 0 0 171
6.8 -1 0 0 172
6.8 -1 0 0 173
6.8 -1 0 0 174
6.8 -1 0 0 175
6.8 -1 0 0 176
6.8 -1 0 0 177
6.8 -1 0 0 178
6.8 -1 0 0 179
6.8 -1 0 0 180
6.8 -1 0 0 181
6.8 -1 0 0 182
6.8 -1 0 0 183
6.8 -1 0 0 184
6.8 -1 0 0 185
6.8 -1 0 0 186
6.8 -1 0 0 187
6.8 -1 0 0 188
6.8 -1 0 0 189
6.8 -1 0 0 190
6.8 -1 0 0 191
6.8 -1 0 0 192
6.8 -1 0 0 193
6.8 -1 0 0 194
6.8 -1 0 0 195
6.8 -1 0 0 196
6.8 -1 0 0 197
6.8 -1 0 0 198
6.8 -1 0 0 199
6.8 -1 0 0 200
6.8 -1 0 0 201
6.8 -1 0 0 202
6.8 -1 0 0 203
6.8 -1 0 0 204
6.8 -1 0 0 205
6.8 -1 0 0 206
6.8 -1 0 0 207
6.8 -1 0 0 208
6.8 -1 0 0 209
6.8 -1 0 0 210
6.8 -1 0 0 211
6.8 -1 0 0 212
6.8 -1 0 0 213
6.8 -1 0 0 214
6.8 -1 0 0 215
6.8 -1 0 0 216
6.8 -1 0 0 217
6.8 -1 0 0 218
6.8 -1 0 0 219
6.8 -1 0 0 220
6.8 -1 0 0 221
6.8 -1 0 0 222
6.8 -1 0 0 223
6.8 -1 0 0 224
6.8 -1 0 0 225
6.8 -1 0 0 226
6.8 -1 0 0 227
6.8 -1 0 0 228
6.8 -1 0 0 229
6.8 -1 0 0 230
6.8 -1 0 0 231
6.8 -1 0 0 232
6.8 -1 0 0 233
6.8 -1 0 0 234
6.8 -1 0 0 235
6.8 -1 0 0 236
6.8 -1 0 0 237
6.8 -1 0 0 238
6.8 -1 0 0 239
6.8 -1 0 0 240
6.8 -1 0 0 241
6.8 -1 0 0 242
6.8 -1 0 0 243
6.8 -1 0 0 244
6.8 -1 0 0 245
6.8 -1 0 0 246
6.8 -1 0 0 247
6.8 -1 0 0 248
6.8 -1 0 0 249
6.8 -1 0 0 250
6.8 -1 0 0 251
6.8 -1 0 0 252
6.8 -1 0 0 253
6.8 -1 0 0 254
6.8 -1 0 0 255
6.8 -1 0 0 256
6.8 -1 0 0 257
6.8 -1 0 0 258
6.8 -1 0 0 259
6.8 -1 0 0 260
6.8 -1 0 0 261
6.8 -1 0 0 262
6.8 -1 0 0 263
6.8 -1 0 0 264
6.8 -1 0 0 265
6.8 -1 0 0 266
6.8 -1 0 0 267
6.8 -1 0 0 268
6.8 -1 0 0 269
6.8 -1 0 0 270
6.8 -1 0 0 271
6.8 -1 0 0 272
6.8 -1 0 0 273
6.8 -1 0 0 274
6.8 -1 0 0 275
6.8 -1 0 0 276
6.8 -1 0 0 277
6.8 -1 0 0 278
6.8 -1 0 0 279
6.8 -1 0 0 280
6.8 -1 0 0 281
6.8 -1 0 0 282
6.8 -1 0 0 283
6.8 -1 0 0 284
6.8 -1 0 0 285
6.8 -1 0 0 286
6.8 -1 0 0 287
6.8 -1 0 0 288
6.8 -1 0 0 289
6.8 -1 0 0 290
6.8 -1 0 0 291
6.8 -1 0 0 292
6.8 -1 0 0 293
6.8 -1 0 0 294
6.8 -1 0 0 295
6.8 -1 0 0 296
6.8 -1 0 0 297
6.8 -1 0 0 298
6.8 -1 0 0 299
6.8 -1 0 0 300
6.8 -1 0 0 301
6.8 -1 0 0 302
6.8 -1 0 0 303
6.8 -1 0 0 304
6.8 -1 0 0 305
6.8 -1 0 0 306
6.8 -1 0 0 307
6.8 -1 0 0 308
6.8 -1 0 0 309
6.8 -1 0 0 310
6.8 -1 0 0 311
6.8 -1 0 0 312
6.8 -1 0 0 313
6.8 -1 0 0 314
6.8 -1 0 0 315
6.8 -1 0 0 316
6.8 -1 0 0 317
6.8 -1 0 0 318
6.8 -1 0 0 319
6.8 -1 0 0 320
6.8 -1 0 0 321
6.8 -1 0 0 322
6.8 -1 0 0 323
6.8 -1 0 0 324
6.8 -1 0 0 325
6.8 -1 0 0 326
6.8 -1 0 0 327
6.8 -1 0 0 328
6.8 -1 0 0 329
6.8 -1 0 0 330
6.8 -1 0 0 331
6.8 -1 0 0 332
6.8 -1 0 0 333
6.8 -1 0 0 334
6.8 -1 0 0 335
6.8 -1 0 0 336
6.8 -1 0 0 337
6.8 -1 0 0 338
6.8 -1 0 0 339
6.8 -1 0 0 340
6.8 -1 0 0 341
6.8 -1 0 0 342
6.8 -1 0 0 343
!!node 2!!
6.8 -1 0 0 344
6.8 -1 0 0 345
6.8 -1 0 0 346
6.8 -1 0 0 347
6.8 -1 0 0 348
6.8 -1 0 0 349
6.8 -1 0 0 350
6.8 -1 0 0 351
6.8 -1 0 0 352
6.8 -1 0 0 353
6.8 -1 0 0 354
6.8 -1 0 0 355
6.8 -1 0 0 356
6.8 -1 0 0 357
6.8 -1 0 0 358
6.8 -1 0 0 359
6.8 -1 0 0 360
6.8 -1 0 0 361
6.8 -1 0 0 362
6.8 -1 0 0 363
6.8 -1 0 0 364
6.8 -1 0 0 365
6.8 -1 0 0 366
6.8 -1 0 0 367
6.8 -1 0 0 368
6.8 -1 0 0 369
6.8 -1 0 0 370
6.8 -1 0 0 371
6.8 -1 0 0 372
6.8 -1 0 0 373
6.8 -1 0 0 374
6.8 -1 0 0 375
6.8 -1 0 0 376
6.8 -1 0 0 377
6.8 -1 0 0 378
6.8 -1 0 0 379
6.8 -1 0 0 380
6.8 -1 0 0 381
6.8 -1 0 0 382
6.8 -1 0 0 383
6.8 -1 0 0 384
6.8 -1 0 0 385
6.8 -1 0 0 386
6.8 -1 0 0 387
6.8 -1 0 0 388
6.8 -1 0 0 389
6.8 -1 0 0 390
6.8 -1 0 0 391
6.8 -1 0 0 392
6.8 -1 0 0 393
6.8 -1 0 0 394
6.8 -1 0 0 395
6.8 -1 0 0 396
6.8 -1 0 0 397
6.8 -1 0 0 398
6.8 -1 0 0 399
6.8 -1 0 0 400
6.8 -1 0 0 401
6.8 -1 0 0 402
6.8 -1 0 0 403
6.8 -1 0 0 404
6.8 -1 0 0 405
6.8 -1 0 0 406
6.8 -1 0 0 407
6.8 -1 0 0 408
6.8 -1 0 0 409
6.8 -1 0 0 410
6.8 -1 0 0 411
6.8 -1 0 0 412
6.8 -1 0 0 413
6.8 -1 0 0 414
6.8 -1 0 0 415
6.8 -1 0 0 416
6.8 -1 0 0 417
6.8 -1 0 0 418
6.8 -1 0 0 419
6.8 -1 0 0 420
6.8 -1 0 0 421
6.8 -1 0 0 422
6.8 -1 0 0 423
6.8 -1 0 0 424
6.8 -1 0 0 425
6.8 -1 0 0 426
6.8 -1 0 0 427
6.8 -1 0 0 428
6.8 -1 0 0 429
6.8 -1 0 0 430
6.8 -1 0 0 431
6.8 -1 0 0 432
6.8 -1 0 0 433
6.8 -1 0 0 434
6.8 -1 0 0 435
6.8 -1 0 0 436
6.8 -1 0 0 437
6.8 -1 0 0 438
6.8 -1 0 0 439
6.8 -1 0 0 440
6.8 -1 0 0 441
6.8 -1 0 0 442
6.8 -1 0 0 443
6.8 -1 0 0 444
6.8 -1 0 0 445
6.8 -1 0 0 446
6.8 -1 0 0 447
6.8 -1 0 0 448
6.8 -1 0 0 449
6.8 -1 0 0 450
6.8 -1 0 0 451
6.8 -1 0 0 452
6.8 -1 0 0 453
6.8 -1 0 0 454
6.8 -1 0 0 455
6.8 -1 0 0 456
6.8 -1 0 0 457
6.8 -1 0 0 458
6.8 -1 0 0 459
6.8 -1 0 0 460
6.8 -1 0 0 461
6.8 -1 0 0 462
6.8 -1 0 0 463
6.8 -1 0 0 464
6.8 -1 0 0 465
6.8 -1 0 0 466
6.8 -1 0 0 467
6.8 -1 0 0 468
6.8 -1 0 0 469
6.8 -1 0 0 470
6.8 -1 0 0 471
6.8 -1 0 0 472
6.8 -1 0 0 473
6.8 -1 0 0 474
6.8 -1 0 0 475
6.8 -1 0 0 476
6.8 -1 0 0 477
6.8 -1 0 0 478
6.8 -1 0 0 479
6.8 -1 0 0 480
6.8 -1 0 0 481
6.8 -1 0 0 482
6.8 -1 0 0 483
6.8 -1 0 0 484
6.8 -1 0 0 485
6.8 -1 0 0 486
6.8 -1 0 0 487
6.8 -1 0 0 488
6.8 -1 0 0 489
6.8 -1 0 0 490
6.8 -1 0 0 491
6.8 -1 0 0 492
6.8 -1 0 0 493
6.8 -1 0 0 494
6.8 -1 0 0 495
6.8 -1 0 0 496
6.8 -1 0 0 497
6.8 -1 0 0 498
6.8 -1 0 0 499
6.8 -1 0 0 500
6.8 -1 0 0 501
6.8 -1 0 0 502
6.8 -1 0 0 503
6.8 -1 0 0 504
6.8 -1 0 0 505
6.8 -1 0 0 506
6.8 -1 0 0 507
6.8 -1 0 0 508
6.8 -1 0 0 509
6.8 -1 0 0 510
6.8 -1 0 0 511
6.8 -1 0 0 512
6.8 -1 0 0 513
6.8 -1 0 0 514
6.8 -1 0 0 515
6.8 -1 0 0 516
6.8 -1 0 0 517
6.8 -1 0 0 518
6.8 -1 0 0 519
6.8 -1 0 0 520
6.8 -1 0 0 521
6.8 -1 0 0 522
6.8 -1 0 0 523
6.8 -1 0 0 524
6.8 -1 0 0 525
6.8 -1 0 0 526
6.8 -1 0 0 527
6.8 -1 0 0 528
6.8 -1 0 0 529
6.8 -1 0 0 530
6.8 -1 0 0 531
6.8 -1 0 0 532
6.8 -1 0 0 533
6.8 -1 0 0 534
6.8 -1 0 0 535
6.8 -1 0 0 536
6.8 -1 0 0 537
6.8 -1 0 0 538
6.8 -1 0 0 539
6.8 -1 0 0 540
6.8 -1 0 0 541
6.8 -1 0 0 542
6.8 -1 0 0 543
6.8 -1 0 0 544
6.8 -1 0 0 545
6.8 -1 0 0 546
6.8 -1 0 0 547
6.8 -1 0 0 548
6.8 -1 0 0 549
6.8 -1 0 0 550
6.8 -1 0 0 551
6.8 -1 0 0 552
6.8 -1 0 0 553
6.8 -1 0 0 554
6.8 -1 0 0 555
6.8 -1 0 0 556
6.8 -1 0 0 557
6.8 -1 0 0 558
6.8 -1 0 0 559
6.8 -1 0 0 560
6.8 -1 0 0 561
6.8 -1 0 0 562
6.8 -1 0 0 563
6.8 -1 0 0 564
6.8 -1 0 0 565
6.8 -1 0 0 566
6.8 -1 0 0 567
6.8 -1 0 0 568
6.8 -1 0 0 569
6.8 -1 0 0 570
6.8 -1 0 0 571
6.8 -1 0 0 572
6.8 -1 0 0 573
6.8 -1 0 0 574
6.8 -1 0 0 575
6.8 -1 0 0 576
6.8 -1 0 0 577
6.8 -1 0 0 578
6.8 -1 0 0 579
6.8 -1 0 0 580
6.8 -1 0 0 581
6.8 -1 0 0 582
6.8 -1 0 0 583
6.8 -1 0 0 584
6.8 -1 0 0 585
6.8 -1 0 0 586
6.8 -1 0 0 587
6.8 -1 0 0 588
6.8 -1 0 0 589
6.8 -1 0 0 590
6.8 -1 0 0 591
6.8 -1 0 0 592
6.8 -1 0 0 593
6.8 -1 0 0 594
6.8 -1 0 0 595
6.8 -1 0 0 596
6.8 -1 0 0 597
6.8 -1 0 0 598
6.8 -1 0 0 599
6.8 -1 0 0 600
6.8 -1 0 0 601
6.8 -1 0 0 602
6.8 -1 0 0 603
6.8 -1 0 0 604
6.8 -1 0 0 605
6.8 -1 0 0 606
6.8 -1 0 0 607
6.8 -1 0 0 608
6.8 -1 0 0 609
6.8 -1 0 0 610
6.8 -1 0 0 611
6.8 -1 0 0 612
6.8 -1 0 0 613
6.8 -1 0 0 614
6.8 -1 0 0 615
6.8 -1 0 0 616
6.8 -1 0 0 617
6.8 -1 0 0 618
6.8 -1 0 0 619
6.8 -1 0 0 620
6.8 -1 0 0 621
6.8 -1 0 0 622
6.8 -1 0 0 623
6.8 -1 0 0 624
6.8 -1 0 0 625
6.8 -1 0 0 626
6.8 -1 0 0 627
6.8 -1 0 0 628
6.8 -1 0 0 629
6.8 -1 0 0 630
6.8 -1 0 0 631
6.8 -1 0 0 632
6.8 -1 0 0 633
6.8 -1 0 0 634
6.8 -1 0 0 635
6.8 -1 0 0 636
6.8 -1 0 0 637
6.8 -1 0 0 638
6.8 -1 0 0 639
6.8 -1 0 0 640
6.8 -1 0 0 641
6.8 -1 0 0 642
6.8 -1 0 0 643
6.8 -1 0 0 644
6.8 -1 0 0 645
6.8 -1 0 0 646
6.8 -1 0 0 647
6.8 -1 0 0 648
6.8 -1 0 0 649
6.8 -1 0 0 650
6.8 -1 0 0 651
6.8 -1 0 0 652
6.8 -1 0 0 653
6.8 -1 0 0 654
6.8 -1 0 0 655
6.8 -1 0 0 656
6.8 -1 0 0 657
6.8 -1 0 0 658
6.8 -1 0 0 659
6.8 -1 0 0 660
6.8 -1 0 0 661
6.8 -1 0 0 662
6.8 -1 0 0 663
6.8 -1 0 0 664
6.8 -1 0 0 665
6.8 -1 0 0 666
6.8 -1 0 0 667
6.8 -1 0 0 668
6.8 -1 0 0 669
6.8 -1 0 0 670
6.8 -1 0 0 671
6.8 -1 0 0 672
6.8 -1 0 0 673
6.8 -1 0 0 674
6.8 -1 0 0 675
6.8 -1 0 0 676
6.8 -1 0 0 677
6.8 -1 0 0 678
6.8 -1 0 0 679
6.8 -1 0 0 680
6.8 -1 0 0 681
6.8 -1 0 0 682
6.8 -1 0 0 683
6.8 -1 0 0 684
6.8 -1 0 0 685
6.8 -1 0 0 686
6.8 -1 0 0 687
6.8 -1 0 0 688
6.8 -1 0 0 689
6.8 -1 0 0 690
6.8 -1 0 0 691
6.8 -1 0 0 692
6.8 -1 0 0 693
6.8 -1 0 0 694
6.8 -1 0 0 695
6.8 -1 0 0 696
6.8 -1 0 0 697
6.8 -1 0 0 698
6.8 -1 0 0 699
6.8 -1 0 0 700
6.8 -1 0 0 701
6.8 -1 0 0 702
6.8 -1 0 0 703
6.8 -1 0 0 704
6.8 -1 0 0 705
6.8 -1 0 0 706
6.8 -1 0 0 707
6.8 -1 0 0 708
6.8 -1 0 0 709
6.8 -1 0 0 710
6.8 -1 0 0 711
6.8 -1 0 0 712
6.8 -1 0 0 713
6.8 -1 0 0 714
6.8 -1 0 0 715
6.8 -1 0 0 716
6.8 -1 0 0 717
6.8 -1 0 0 718
6.8 -1 0 0 719
6.8 -1 0 0 720
6.8 -1 0 0 721
6.8 -1 0 0 722
6.8 -1 0 0 723
6.8 -1 0 0 724
6.8 -1 0 0 725
6.8 -1 0 0 726
6.8 -1 0 0 727
6.8 -1 0 0 728
6.8 -1 0 0 729
6.8 -1 0 0 730
6.8 -1 0 0 731
6.8 -1 0 0 732
6.8 -1 0 0 733
6.8 -1 0 0 734
6.8 -1 0 0 735
6.8 -1 0 0 736
6.8 -1 0 0 737
6.8 -1 0 0 738
6.8 -1 0 0 739
6.8 -1 0 0 740
6.8 -1 0 0 741
6.8 -1 0 0 742
6.8 -1 0 0 743
6.8 -1 0 0 744
6.8 -1 0 0 745
6.8 -1 0 0 746
6.8 -1 0 0 747
6.8 -1 0 0 748
6.8 -1 0 0 749
6.8 -1 0 0 750
6.8 -1 0 0 751
6.8 -1 0 0 752
6.8 -1 0 0 753
6.8 -1 0 0 754
6.8 -1 0 0 755
6.8 -1 0 0 756
6.8 -1 0 0 757
6.8 -1 0 0 758
6.8 -1 0 0 759
6.8 -1 0 0 760
6.8 -1 0 0 761
6.8 -1 0 0 762
6.8 -1 0 0 763
6.8 -1 0 0 764
6.8 -1 0 0 765
6.8 -1 0 0 766
6.8 -1 0 0 767
6.8 -1 0 0 768
6.8 -1 0 0 769
6.8 -1 0 0 770
6.8 -1 0 0 771
6.8 -1 0 0 772
6.8 -1 0 0 773
6.8 -1 0 0 774
6.8 -1 0 0 775
6.8 -1 0 0 776
6.8 -1 0 0 777
6.8 -1 0 0 778
6.8 -1 0 0 779
6.8 -1 0 0 780
6.8 -1 0 0 781
6.8 -1 0 0 782
6.8 -1 0 0 783
6.8 -1 0 0 784
6.8 -1 0 0 785
6.8 -1 0 0 786
6.8 -1 0 0 787
6.8 -1 0 0 788
6.8 -1 0 0 789
6.8 -1 0 0 790
6.8 -1 0 0 791
6.8 -1 0 0 792
6.8 -1 0 0 793
6.8 -1 0 0 794
6.8 -1 0 0 795
6.8 -1 0 0 796
6.8 -1 0 0 797
6.8 -1 0 0 798
6.8 -1 0 0 799
6.8 -1 0 0 800
6.8 -1 0 0 801
6.8 -1 0 0 802
6.8 -1 0 0 803
6.8 -1 0 0 804
6.8 -1 0 0 805
6.8 -1 0 0 806
6.8 -1 0 0 807
6.8 -1 0 0 808
6.8 -1 0 0 809
6.8 -1 0 0 810
6.8 -1 0 0 811
6.8 -1 0 0 812
6.8 -1 0 0 813
6.8 -1 0 0 814
6.8 -1 0 0 815
6.8 -1 0 0 816
6.8 -1 0 0 817
6.8 -1 0 0 818
6.8 -1 0 0 819
6.8 -1 0 0 820
6.8 -1 0 0 821
6.8 -1 0 0 822
6.8 -1 0 0 823
6.8 -1 0 0 824
6.8 -1 0 0 825
6.8 -1 0 0 826
6.8 -1 0 0 827
6.8 -1 0 0 828
6.8 -1 0 0 829
6.8 -1 0 0 830
6.8 -1 0 0 831
6.8 -1 0 0 832
6.8 -1 0 0 833
6.8 -1 0 0 834
6.8 -1 0 0 835
6.8 -1 0 0 836
6.8 -1 0 0 837
6.8 -1 0 0 838
6.8 -1 0 0 839
6.8 -1 0 0 840
6.8 -1 0 0 841
6.8 -1 0 0 842
6.8 -1 0 0 843
6.8 -1 0 0 844
6.8 -1 0 0 845
6.8 -1 0 0 846
6.8 -1 0 0 847
6.8 -1 0 0 848
6.8 -1 0 0 849
6.8 -1 0 0 850
6.8 -1 0 0 851
6.8 -1 0 0 852
6.8 -1 0 0 853
6.8 -1 0 0 854
6.8 -1 0 0 855
6.8 -1 0 0 856
6.8 -1 0 0 857
6.8 -1 0 0 858
6.8 -1 0 0 859
6.8 -1 0 0 860
6.8 -1 0 0 861
6.8 -1 0 0 862
6.8 -1 0 0 863
6.8 -1 0 0 864
6.8 -1 0 0 865
6.8 -1 0 0 866
6.8 -1 0 0 867
6.8 -1 0 0 868
6.8 -1 0 0 869
6.8 -1 0 0 870
6.8 -1 0 0 871
6.8 -1 0 0 872
6.8 -1 0 0 873
6.8 -1 0 0 874
6.8 -1 0 0 875
6.8 -1 0 0 876
6.8 -1 0 0 877
6.8 -1 0 0 878
6.8 -1 0 0 879
6.8 -1 0 0 880
6.8 -1 0 0 881
6.8 -1 0 0 882
6.8 -1 0 0 883
6.8 -1 0 0 884
6.8 -1 0 0 885
6.8 -1 0 0 886
6.8 -1 0 0 887
6.8 -1 0 0 888
6.8 -1 0 0 889
6.8 -1 0 0 890
6.8 -1 0 0 891
6.8 -1 0 0 892
6.8 -1 0 0 893
6.8 -1 0 0 894
6.8 -1 0 0 895
6.8 -1 0 0 896
6.8 -1 0 0 897
6.8 -1 0 0 898
6.8 -1 0 0 899
6.8 -1 0 0 900
6.8 -1 0 0 901
6.8 -1 0 0 902
6.8 -1 0 0 903
6.8 -1 0 0 904
6.8 -1 0 0 905
6.8 -1 0 0 906
6.8 -1 0 0 907
6.8 -1 0 0 908
6.8 -1 0 0 909
6.8 -1 0 0 910
6.8 -1 0 0 911
6.8 -1 0 0 912
6.8 -1 0 0 913
6.8 -1 0 0 914
6.8 -1 0 0 915
6.8 -1 0 0 916
6.8 -1 0 0 917
6.8 -1 0 0 918
6.8 -1 0 0 919
6.8 -1 0 0 920
6.8 -1 0 0 921
6.8 -1 0 0 922
6.8 -1 0 0 923
6.8 -1 0 0 924
6.8 -1 0 0 925
6.8 -1 0 0 926
6.8 -1 0 0 927
6.8 -1 0 0 928
6.8 -1 0 0 929
6.8 -1 0 0 930
6.8 -1 0 0 931
6.8 -1 0 0 932
6.8 -1 0 0 933
6.8 -1 0 0 934
6.8 -1 0 0 935
6.8 -1 0 0 936
6.8 -1 0 0 937
6.8 -1 0 0 938
6.8 -1 0 0 939
6.8 -1 0 0 940
6.8 -1 0 0 941
6.8 -1 0 0 942
6.8 -1 0 0 943
6.8 -1 0 0 944
6.8 -1 0 0 945
6.8 -1 0 0 946
6.8 -1 0 0 947
6.8 -1 0 0 948
6.8 -1 0 0 949
6.8 -1 0 0 950
6.8 -1 0 0 951
6.8 -1 0 0 952
6.8 -1 0 0 953
6.8 -1 0 0 954
6.8 -1 0 0 955
6.8 -1 0 0 956
6.8 -1 0 0 957
6.8 -1 0 0 958
6.8 -1 0 0 959
6.8 -1 0 0 960
6.8 -1 0 0 961
6.8 -1 0 0 962
6.8 -1 0 0 963
6.8 -1 0 0 964
6.8 -1 0 0 965
6.8 -1 0 0 966
6.8 -1 0 0 967
6.8 -1 0 0 968
6.8 -1 0 0 969
6.8 -1 0 0 970
6.8 -1 0 0 971
6.8 -1 0 0 972
6.8 -1 0 0 973
6.8 -1 0 0 974
6.8 -1 0 0 975
6.8 -1 0 0 976
6.8 -1 0 0 977
6.8 -1 0 0 978
6.8 -1 0 0 979
6.8 -1 0 0 980
6.8 -1 0 0 981
6.8 -1 0 0 982
6.8 -1 0 0 983
6.8 -1 0 0 984
6.8 -1 0 0 985
6.8 -1 0 0 986
6.8 -1 0 0 987
6.8 -1 0 0 988
6.8 -1 0 0 989
6.8 -1 0 0 990
6.8 -1 0 0 991
6.8 -1 0 0 992
6.8 -1 0 0 993
6.8 -1 0 0 994
6.8 -1 0 0 995
6.8 -1 0 0 996
6.8 -1 0 0 997
6.8 -1 0 0 998
6.8 -1 0 0 999
7.2 -1 0 0 0
7.2 -1 0 0 1
7.2 -1 0 0 2
7.2 -1 0 0 3
7.2 -1 0 0 4
7.2 -1 0 0 5
7.2 -1 0 0 6
7.2 -1 0 0 7
7.2 -1 0 0 8
7.2 -1 0 0 9
7.2 -1 0 0 10
7.2 -1 0 0 11
7.2 -1 0 0 12
7.2 -1 0 0 13
7.2 -1 0 0 14
7.2 -1 0 0 15
!!node 3!!
7.2 -1 0 0 16
7.2 -1 0 0 17
7.2 -1 0 0 18
7.2 -1 0 0 19
7.2 -1 0 0 20
7.2 -1 0 0 21
7.2 -1 0 0 22
7.2 -1 0 0 23
7.2 -1 0 0 24
7.2 -1 0 0 25
7.2 -1 0 0 26
7.2 -1 0 0 27
7.2 -1 0 0 28
7.2 -1 0 0 29
7.2 -1 0 0 30
7.2 -1 0 0 31
7.2 -1 0 0 32
7.2 -1 0 0 33
7.2 -1 0 0 34
7.2 -1 0 0 35
7.2 -1 0 0 36
7.2 -1 0 0 37
7.2 -1 0 0 38
7.2 -1 0 0 39
7.2 -1 0 0 40
7.2 -1 0 0 41
7.2 -1 0 0 42
7.2 -1 0 0 43
7.2 -1 0 0 44
7.2 -1 0 0 45
7.2 -1 0 0 46
7.2 -1 0 0 47
7.2 -1 0 0 48
7.2 -1 0 0 49
7.2 -1 0 0 50
7.2 -1 0 0 51
7.2 -1 0 0 52
7.2 -1 0 0 53
7.2 -1 0 0 54
7.2 -1 0 0 55
7.2 -1 0 0 56
7.2 -1 0 0 57
7.2 -1 0 0 58
7.2 -1 0 0 59
7.2 -1 0 0 60
7.2 -1 0 0 61
7.2 -1 0 0 62
7.2 -1 0 0 63
7.2 -1 0 0 64
7.2 -1 0 0 65
7.2 -1 0 0 66
7.2 -1 0 0 67
7.2 -1 0 0 68
7.2 -1 0 0 69
7.2 -1 0 0 70
7.2 -1 0 0 71
7.2 -1 0 0 72
7.2 -1 0 0 73
7.2 -1 0 0 74
7.2 -1 0 0 75
7.2 -1 0 0 76
7.2 -1 0 0 77
7.2 -1 0 0 78
7.2 -1 0 0 79
7.2 -1 0 0 80
7.2 -1 0 0 81
7.2 -1 0 0 82
7.2 -1 0 0 83
7.2 -1 0 0 84
7.2 -1 0 0 85
7.2 -1 0 0 86
7.2 -1 0 0 87
7.2 -1 0 0 88
7.2 -1 0 0 89
7.2 -1 0 0 90
7.2 -1 0 0 91
7.2 -1 0 0 92
7.2 -1 0 0 93
7.2 -1 0 0 94
7.2 -1 0 0 95
7.2 -1 0 0 96
7.2 -1 0 0 97
7.2 -1 0 0 98
7.2 -1 0 0 99
7.2 -1 0 0 100
7.2 -1 0 0 101
7.2 -1 0 0 102
7.2 -1 0 0 103
7.2 -1 0 0 104
7.2 -1 0 0 105
7.2 -1 0 0 106
7.2 -1 0 0 107
7.2 -1 0 0 108
7.2 -1 0 0 109
7.2 -1 0 0 110
7.2 -1 0 0 111
7.2 -1 0 0 112
7.2 -1 0 0 113
7.2 -1 0 0 114
7.2 -1 0 0 115
7.2 -1 0 0 116
7.2 -1 0 0 117
7.2 -1 0 0 118
7.2 -1 0 0 119
7.2 -1 0 0 120
7.2 -1 0 0 121
7.2 -1 0 0 122
7.2 -1 0 0 123
7.2 -1 0 0 124
7.2 -1 0 0 125
7.2 -1 0 0 126
7.2 -1 0 0 127
7.2 -1 0 0 128
7.2 -1 0 0 129
7.2 -1 0 0 130
7.2 -1 0 0 131
7.2 -1 0 0 132
7.2 -1 0 0 133
7.2 -1 0 0 134
7.2 -1 0 0 135
7.2 -1 0 0 136
7.2 -1 0 0 137
7.2 -1 0 0 138
7.2 -1 0 0 139
7.2 -1 0 0 140
7.2 -1 0 0 141
7.2 -1 0 0 142
7.2 -1 0 0 143
7.2 -1 0 0 144
7.2 -1 0 0 145
7.2 -1 0 0 146
7.2 -1 0 0 147
7.2 -1 0 0 148
7.2 -1 0 0 149
7.2 -1 0 0 150
7.2 -1 0 0 151
7.2 -1 0 0 152
7.2 -1 0 0 153
7.2 -1 0 0 154
7.2 -1 0 0 155
7.2 -1 0 0 156
7.2 -1 0 0 157
7.2 -1 0 0 158
7.2 -1 0 0 159
7.2 -1 0 0 160
7.2 -1 0 0 161
7.2 -1 0 0 162
7.2 -1 0 0 163
7.2 -1 0 0 164
7.2 -1 0 0 165
7.2 -1 0 0 166
7.2 -1 0 0 167
7.2 -1 0 0 168
7.2 -1 0 0 169
7.2 -1 0 0 170
7.2 -1 0 0 171
7.2 -1 0 0 172
7.2 -1 0 0 173
7.2 -1 0 0 174
7.2 -1 0 0 175
7.2 -1 0 0 176
7.2 -1 0 0 177
7.2 -1 0 0 178
7.2 -1 0 0 179
7.2 -1 0 0 180
7.2 -1 0 0 181
7.2 -1 0 0 182
7.2 -1 0 0 183
7.2 -1 0 0 184
7.2 -1 0 0 185
7.2 -1 0 0 186
7.2 -1 0 0 187
7.2 -1 0 0 188
7.2 -1 0 0 189
7.2 -1 0 0 190
7.2 -1 0 0 191
7.2 -1 0 0 192
7.2 -1 0 0 193
7.2 -1 0 0 194
7.2 -1 0 0 195
7.2 -1 0 0 196
7.2 -1 0 0 197
7.2 -1 0 0 198
7.2 -1 0 0 199
7.2 -1 0 0 200
7.2 -1 0 0 201
7.2 -1 0 0 202
7.2 -1 0 0 203
7.2 -1 0 0 204
7.2 -1 0 0 205
7.2 -1 0 0 206
7.2 -1 0 0 207
7.2 -1 0 0 208
7.2 -1 0 0 209
7.2 -1 0 0 210
7.2 -1 0 0 211
7.2 -1 0 0 212
7.2 -1 0 0 213
7.2 -1 0 0 214
7.2 -1 0 0 215
7.2 -1 0 0 216
7.2 -1 0 0 217
7.2 -1 0 0 218
7.2 -1 0 0 219
7.2 -1 0 0 220
7.2 -1 0 0 221
7.2 -1 0 0 222
7.2 -1 0 0 223
7.2 -1 0 0 224
7.2 -1 0 0 225
7.2 -1 0 0 226
7.2 -1 0 0 227
7.2 -1 0 0 228
7.2 -1 0 0 229
7.2 -1 0 0 230
7.2 -1 0 0 231
7.2 -1 0 0 232
7.2 -1 0 0 233
7.2 -1 0 0 234
7.2 -1 0 0 235
7.2 -1 0 0 236
7.2 -1 0 0 237
7.2 -1 0 0 238
7.2 -1 0 0 239
7.2 -1 0 0 240
7.2 -1 0 0 241
7.2 -1 0 0 242
7.2 -1 0 0 243
7.2 -1 0 0 244
7.2 -1 0 0 245
7.2 -1 0 0 246
7.2 -1 0 0 247
7.2 -1 0 0 248
7.2 -1 0 0 249
7.2 -1 0 0 250
7.2 -1 0 0 251
7.2 -1 0 0 252
7.2 -1 0 0 253
7.2 -1 0 0 254
7.2 -1 0 0 255
7.2 -1 0 0 256
7.2 -1 0 0 257
7.2 -1 0 0 258
7.2 -1 0 0 259
7.2 -1 0 0 260
7.2 -1 0 0 261
7.2 -1 0 0 262
7.2 -1 0 0 263
7.2 -1 0 0 264
7.2 -1 0 0 265
7.2 -1 0 0 266
7.2 -1 0 0 267
7.2 -1 0 0 268
7.2 -1 0 0 269
7.2 -1 0 0 270
7.2 -1 0 0 271
7.2 -1 0 0 272
7.2 -1 0 0 273
7.2 -1 0 0 274
7.2 -1 0 0 275
7.2 -1 0 0 276
7.2 -1 0 0 277
7.2 -1 0 0 278
7.2 -1 0 0 279
7.2 -1 0 0 280
7.2 -1 0 0 281
7.2 -1 0 0 282
7.2 -1 0 0 283
7.2 -1 0 0 284
7.2 -1 0 0 285
7.2 -1 0 0 286
7.2 -1 0 0 287
7.2 -1 0 0 288
7.2 -1 0 0 289
7.2 -1 0 0 290
7.2 -1 0 0 291
7.2 -1 0 0 292
7.2 -1 0 0 293
7.2 -1 0 0 294
7.2 -1 0 0 295
7.2 -1 0 0 296
7.2 -1 0 0 297
7.2 -1 0 0 298
7.2 -1 0 0 299
7.2 -1 0 0 300
7.2 -1 0 0 301
7.2 -1 0 0 302
7.2 -1 0 0 303
7.2 -1 0 0 304
7.2 -1 0 0 305
7.2 -1 0 0 306
7.2 -1 0 0 307
7.2 -1 0 0 308
7.2 -1 0 0 309
7.2 -1 0 0 310
7.2 -1 0 0 311
7.2 -1 0 0 312
7.2 -1 0 0 313
7.2 -1 0 0 314
7.2 -1 0 0 315
7.2 -1 0 0 316
7.2 -1 0 0 317
7.2 -1 0 0 318
7.2 -1 0 0 319
7.2 -1 0 0 320
7.2 -1 0 0 321
7.2 -1 0 0 322
7.2 -1 0 0 323
7.2 -1 0 0 324
7.2 -1 0 0 325
7.2 -1 0 0 326
7.2 -1 0 0 327
7.2 -1 0 0 328
7.2 -1 0 0 329
7.2 -1 0 0 330
7.2 -1 0 0 331
7.2 -1 0 0 332
7.2 -1 0 0 333
7.2 -1 0 0 334
7.2 -1 0 0 335
7.2 -1 0 0 336
7.2 -1 0 0 337
7.2 -1 0 0 338
7.2 -1 0 0 339
7.2 -1 0 0 340
7.2 -1 0 0 341
7.2 -1 0 0 342
7.2 -1 0 0 343
7.2 -1 0 0 344
7.2 -1 0 0 345
7.2 -1 0 0 346
7.2 -1 0 0 347
7.2 -1 0 0 348
7.2 -1 0 0 349
7.2 -1 0 0 350
7.2 -1 0 0 351
7.2 -1 0 0 352
7.2 -1 0 0 353
7.2 -1 0 0 354
7.2 -1 0 0 355
7.2 -1 0 0 356
7.2 -1 0 0 357
7.2 -1 0 0 358
7.2 -1 0 0 359
7.2 -1 0 0 360
7.2 -1 0 0 361
7.2 -1 0 0 362
7.2 -1 0 0 363
7.2 -1 0 0 364
7.2 -1 0 0 365
7.2 -1 0 0 366
7.2 -1 0 0 367
7.2 -1 0 0 368
7.2 -1 0 0 369
7.2 -1 0 0 370
7.2 -1 0 0 371
7.2 -1 0 0 372
7.2 -1 0 0 373
7.2 -1 0 0 374
7.2 -1 0 0 375
7.2 -1 0 0 376
7.2 -1 0 0 377
7.2 -1 0 0 378
7.2 -1 0 0 379
7.2 -1 0 0 380
7.2 -1 0 0 381
7.2 -1 0 0 382
7.2 -1 0 0 383
7.2 -1 0 0 384
7.2 -1 0 0 385
7.2 -1 0 0 386
7.2 -1 0 0 387
7.2 -1 0 0 388
7.2 -1 0 0 389
7.2 -1 0 0 390
7.2 -1 0 0 391
7.2 -1 0 0 392
7.2 -1 0 0 393
7.2 -1 0 0 394
7.2 -1 0 0 395
7.2 -1 0 0 396
7.2 -1 0 0 397
7.2 -1 0 0 398
7.2 -1 0 0 399
7.2 -1 0 0 400
7.2 -1 0 0 401
7.2 -1 0 0 402
7.2 -1 0 0 403
7.2 -1 0 0 404
7.2 -1 0 0 405
7.2 -1 0 0 406
7.2 -1 0 0 407
7.2 -1 0 0 408
7.2 -1 0 0 409
7.2 -1 0 0 410
7.2 -1 0 0 411
7.2 -1 0 0 412
7.2 -1 0 0 413
7.2 -1 0 0 414
7.2 -1 0 0 415
7.2 -1 0 0 416
7.2 -1 0 0 417
7.2 -1 0 0 418
7.2 -1 0 0 419
7.2 -1 0 0 420
7.2 -1 0 0 421
7.2 -1 0 0 422
7.2 -1 0 0 423
7.2 -1 0 0 424
7.2 -1 0 0 425
7.2 -1 0 0 426
7.2 -1 0 0 427
7.2 -1 0 0 428
7.2 -1 0 0 429
7.2 -1 0 0 430
7.2 -1 0 0 431
7.2 -1 0 0 432
7.2 -1 0 0 433
7.2 -1 0 0 434
7.2 -1 0 0 435
7.2 -1 0 0 436
7.2 -1 0 0 437
7.2 -1 0 0 438
7.2 -1 0 0 439
7.2 -1 0 0 440
7.2 -1 0 0 441
7.2 -1 0 0 442
7.2 -1 0 0 443
7.2 -1 0 0 444
7.2 -1 0 0 445
7.2 -1 0 0 446
7.2 -1 0 0 447
7.2 -1 0 0 448
7.2 -1 0 0 449
7.2 -1 0 0 450
7.2 -1 0 0 451
7.2 -1 0 0 452
7.2 -1 0 0 453
7.2 -1 0 0 454
7.2 -1 0 0 455
7.2 -1 0 0 456
7.2 -1 0 0 457
7.2 -1 0 0 458
7.2 -1 0 0 459
7.2 -1 0 0 460
7.2 -1 0 0 461
7.2 -1 0 0 462
7.2 -1 0 0 463
7.2 -1 0 0 464
7.2 -1 0 0 465
7.2 -1 0 0 466
7.2 -1 0 0 467
7.2 -1 0 0 468
7.2 -1 0 0 469
7.2 -1 0 0 470
7.2 -1 0 0 471
7.2 -1 0 0 472
7.2 -1 0 0 473
7.2 -1 0 0 474
7.2 -1 0 0 475
7.2 -1 0 0 476
7.2 -1 0 0 477
7.2 -1 0 0 478
7.2 -1 0 0 479
7.2 -1 0 0 480
7.2 -1 0 0 481
7.2 -1 0 0 482
7.2 -1 0 0 483
7.2 -1 0 0 484
7.2 -1 0 0 485
7.2 -1 0 0 486
7.2 -1 0 0 487
7.2 -1 0 0 488
7.2 -1 0 0 489
7.2 -1 0 0 490
7.2 -1 0 0 491
7.2 -1 0 0 492
7.2 -1 0 0 493
7.2 -1 0 0 494
7.2 -1 0 0 495
7.2 -1 0 0 496
7.2 -1 0 0 497
7.2 -1 0 0 498
7.2 -1 0 0 499
7.2 -1 0 0 500
7.2 -1 0 0 501
7.2 -1 0 0 502
7.2 -1 0 0 503
7.2 -1 0 0 504
7.2 -1 0 0 505
7.2 -1 0 0 506
7.2 -1 0 0 507
7.2 -1 0 0 508
7.2 -1 0 0 509
7.2 -1 0 0 510
7.2 -1 0 0 511
7.2 -1 0 0 512
7.2 -1 0 0 513
7.2 -1 0 0 514
7.2 -1 0 0 515
7.2 -1 0 0 516
7.2 -1 0 0 517
7.2 -1 0 0 518
7.2 -1 0 0 519
7.2 -1 0 0 520
7.2 -1 0 0 521
7.2 -1 0 0 522
7.2 -1 0 0 523
7.2 -1 0 0 524
7.2 -1 0 0 525
7.2 -1 0 0 526
7.2 -1 0 0 527
7.2 -1 0 0 528
7.2 -1 0 0 529
7.2 -1 0 0 530
7.2 -1 0 0 531
7.2 -1 0 0 532
7.2 -1 0 0 533
7.2 -1 0 0 534
7.2 -1 0 0 535
7.2 -1 0 0 536
7.2 -1 0 0 537
7.2 -1 0 0 538
7.2 -1 0 0 539
7.2 -1 0 0 540
7.2 -1 0 0 541
7.2 -1 0 0 542
7.2 -1 0 0 543
7.2 -1 0 0 544
7.2 -1 0 0 545
7.2 -1 0 0 546
7.2 -1 0 0 547
7.2 -1 0 0 548
7.2 -1 0 0 549
7.2 -1 0 0 550
7.2 -1 0 0 551
7.2 -1 0 0 552
7.2 -1 0 0 553
7.2 -1 0 0 554
7.2 -1 0 0 555
7.2 -1 0 0 556
7.2 -1 0 0 557
7.2 -1 0 0 558
7.2 -1 0 0 559
7.2 -1 0 0 560
7.2 -1 0 0 561
7.2 -1 0 0 562
7.2 -1 0 0 563
7.2 -1 0 0 564
7.2 -1 0 0 565
7.2 -1 0 0 566
7.2 -1 0 0 567
7.2 -1 0 0 568
7.2 -1 0 0 569
7.2 -1 0 0 570
7.2 -1 0 0 571
7.2 -1 0 0 572
7.2 -1 0 0 573
7.2 -1 0 0 574
7.2 -1 0 0 575
7.2 -1 0 0 576
7.2 -1 0 0 577
7.2 -1 0 0 578
7.2 -1 0 0 579
7.2 -1 0 0 580
7.2 -1 0 0 581
7.2 -1 0 0 582
7.2 -1 0 0 583
7.2 -1 0 0 584
7.2 -1 0 0 585
7.2 -1 0 0 586
7.2 -1 0 0 587
7.2 -1 0 0 588
7.2 -1 0 0 589
7.2 -1 0 0 590
7.2 -1 0 0 591
7.2 -1 0 0 592
7.2 -1 0 0 593
7.2 -1 0 0 594
7.2 -1 0 0 595
7.2 -1 0 0 596
7.2 -1 0 0 597
7.2 -1 0 0 598
7.2 -1 0 0 599
7.2 -1 0 0 600
7.2 -1 0 0 601
7.2 -1 0 0 602
7.2 -1 0 0 603
7.2 -1 0 0 604
7.2 -1 0 0 605
7.2 -1 0 0 606
7.2 -1 0 0 607
7.2 -1 0 0 608
7.2 -1 0 0 609
7.2 -1 0 0 610
7.2 -1 0 0 611
7.2 -1 0 0 612
7.2 -1 0 0 613
7.2 -1 0 0 614
7.2 -1 0 0 615
7.2 -1 0 0 616
7.2 -1 0 0 617
7.2 -1 0 0 618
7.2 -1 0 0 619
7.2 -1 0 0 620
7.2 -1 0 0 621
7.2 -1 0 0 622
7.2 -1 0 0 623
7.2 -1 0 0 624
7.2 -1 0 0 625
7.2 -1 0 0 626
7.2 -1 0 0 627
7.2 -1 0 0 628
7.2 -1 0 0 629
7.2 -1 0 0 630
7.2 -1 0 0 631
7.2 -1 0 0 632
7.2 -1 0 0 633
7.2 -1 0 0 634
7.2 -1 0 0 635
7.2 -1 0 0 636
7.2 -1 0 0 637
7.2 -1 0 0 638
7.2 -1 0 0 639
7.2 -1 0 0 640
7.2 -1 0 0 641
7.2 -1 0 0 642
7.2 -1 0 0 643
7.2 -1 0 0 644
7.2 -1 0 0 645
7.2 -1 0 0 646
7.2 -1 0 0 647
7.2 -1 0 0 648
7.2 -1 0 0 649
7.2 -1 0 0 650
7.2 -1 0 0 651
7.2 -1 0 0 652
7.2 -1 0 0 653
7.2 -1 0 0 654
7.2 -1 0 0 655
7.2 -1 0 0 656
7.2 -1 0 0 657
7.2 -1 0 0 658
7.2 -1 0 0 659
7.2 -1 0 0 660
7.2 -1 0 0 661
7.2 -1 0 0 662
7.2 -1 0 0 663
7.2 -1 0 0 664
7.2 -1 0 0 665
7.2 -1 0 0 666
7.2 -1 0 0 667
7.2 -1 0 0 668
7.2 -1 0 0 669
7.2 -1 0 0 670
7.2 -1 0 0 671
7.2 -1 0 0 672
7.2 -1 0 0 673
7.2 -1 0 0 674
7.2 -1 0 0 675
7.2 -1 0 0 676
7.2 -1 0 0 677
7.2 -1 0 0 678
7.2 -1 0 0 679
7.2 -1 0 0 680
7.2 -1 0 0 681
7.2 -1 0 0 682
7.2 -1 0 0 683
7.2 -1 0 0 684
7.2 -1 0 0 685
7.2 -1 0 0 686
7.2 -1 0 0 687
!!node 4!!
7.2 -1 0 0 688
7.2 -1 0 0 689
7.2 -1 0 0 690
7.2 -1 0 0 691
7.2 -1 0 0 692
7.2 -1 0 0 693
7.2 -1 0 0 694
7.2 -1 0 0 695
7.2 -1 0 0 696
7.2 -1 0 0 697
7.2 -1 0 0 698
7.2 -1 0 0 699
7.2 -1 0 0 700
7.2 -1 0 0 701
7.2 -1 0 0 702
7.2 -1 0 0 703
7.2 -1 0 0 704
7.2 -1 0 0 705
7.2 -1 0 0 706
7.2 -1 0 0 707
7.2 -1 0 0 708
7.2 -1 0 0 709
7.2 -1 0 0 710
7.2 -1 0 0 711
7.2 -1 0 0 712
7.2 -1 0 0 713
7.2 -1 0 0 714
7.2 -1 0 0 715
7.2 -1 0 0 716
7.2 -1 0 0 717
7.2 -1 0 0 718
7.2 -1 0 0 719
7.2 -1 0 0 720
7.2 -1 0 0 721
7.2 -1 0 0 722
7.2 -1 0 0 723
7.2 -1 0 0 724
7.2 -1 0 0 725
7.2 -1 0 0 726
7.2 -1 0 0 727
7.2 -1 0 0 728
7.2 -1 0 0 729
7.2 -1 0 0 730
7.2 -1 0 0 731
7.2 -1 0 0 732
7.2 -1 0 0 733
7.2 -1 0 0 734
7.2 -1 0 0 735
7.2 -1 0 0 736
7.2 -1 0 0 737
7.2 -1 0 0 738
7.2 -1 0 0 739
7.2 -1 0 0 740
7.2 -1 0 0 741
7.2 -1 0 0 742
7.2 -1 0 0 743
7.2 -1 0 0 744
7.2 -1 0 0 745
7.2 -1 0 0 746
7.2 -1 0 0 747
7.2 -1 0 0 748
7.2 -1 0 0 749
7.2 -1 0 0 750
7.2 -1 0 0 751
7.2 -1 0 0 752
7.2 -1 0 0 753
7.2 -1 0 0 754
7.2 -1 0 0 755
7.2 -1 0 0 756
7.2 -1 0 0 757
7.2 -1 0 0 758
7.2 -1 0 0 759
7.2 -1 0 0 760
7.2 -1 0 0 761
7.2 -1 0 0 762
7.2 -1 0 0 763
7.2 -1 0 0 764
7.2 -1 0 0 765
7.2 -1 0 0 766
7.2 -1 0 0 767
7.2 -1 0 0 768
7.2 -1 0 0 769
7.2 -1 0 0 770
7.2 -1 0 0 771
7.2 -1 0 0 772
7.2 -1 0 0 773
7.2 -1 0 0 774
7.2 -1 0 0 775
7.2 -1 0 0 776
7.2 -1 0 0 777
7.2 -1 0 0 778
7.2 -1 0 0 779
7.2 -1 0 0 780
7.2 -1 0 0 781
7.2 -1 0 0 782
7.2 -1 0 0 783
7.2 -1 0 0 784
7.2 -1 0 0 785
7.2 -1 0 0 786
7.2 -1 0 0 787
7.2 -1 0 0 788
7.2 -1 0 0 789
7.2 -1 0 0 790
7.2 -1 0 0 791
7.2 -1 0 0 792
7.2 -1 0 0 793
7.2 -1 0 0 794
7.2 -1 0 0 795
7.2 -1 0 0 796
7.2 -1 0 0 797
7.2 -1 0 0 798
7.2 -1 0 0 799
7.2 -1 0 0 800
7.2 -1 0 0 801
7.2 -1 0 0 802
7.2 -1 0 0 803
7.2 -1 0 0 804
7.2 -1 0 0 805
7.2 -1 0 0 806
7.2 -1 0 0 807
7.2 -1 0 0 808
7.2 -1 0 0 809
7.2 -1 0 0 810
7.2 -1 0 0 811
7.2 -1 0 0 812
7.2 -1 0 0 813
7.2 -1 0 0 814
7.2 -1 0 0 815
7.2 -1 0 0 816
7.2 -1 0 0 817
7.2 -1 0 0 818
7.2 -1 0 0 819
7.2 -1 0 0 820
7.2 -1 0 0 821
7.2 -1 0 0 822
7.2 -1 0 0 823
7.2 -1 0 0 824
7.2 -1 0 0 825
7.2 -1 0 0 826
7.2 -1 0 0 827
7.2 -1 0 0 828
7.2 -1 0 0 829
7.2 -1 0 0 830
7.2 -1 0 0 831
7.2 -1 0 0 832
7.2 -1 0 0 833
7.2 -1 0 0 834
7.2 -1 0 0 835
7.2 -1 0 0 836
7.2 -1 0 0 837
7.2 -1 0 0 838
7.2 -1 0 0 839
7.2 -1 0 0 840
7.2 -1 0 0 841
7.2 -1 0 0 842
7.2 -1 0 0 843
7.2 -1 0 0 844
7.2 -1 0 0 845
7.2 -1 0 0 846
7.2 -1 0 0 847
7.2 -1 0 0 848
7.2 -1 0 0 849
7.2 -1 0 0 850
7.2 -1 0 0 851
7.2 -1 0 0 852
7.2 -1 0 0 853
7.2 -1 0 0 854
7.2 -1 0 0 855
7.2 -1 0 0 856
7.2 -1 0 0 857
7.2 -1 0 0 858
7.2 -1 0 0 859
7.2 -1 0 0 860
7.2 -1 0 0 861
7.2 -1 0 0 862
7.2 -1 0 0 863
7.2 -1 0 0 864
7.2 -1 0 0 865
7.2 -1 0 0 866
7.2 -1 0 0 867
7.2 -1 0 0 868
7.2 -1 0 0 869
7.2 -1 0 0 870
7.2 -1 0 0 871
7.2 -1 0 0 872
7.2 -1 0 0 873
7.2 -1 0 0 874
7.2 -1 0 0 875
7.2 -1 0 0 876
7.2 -1 0 0 877
7.2 -1 0 0 878
7.2 -1 0 0 879
7.2 -1 0 0 880
7.2 -1 0 0 881
7.2 -1 0 0 882
7.2 -1 0 0 883
7.2 -1 0 0 884
7.2 -1 0 0 885
7.2 -1 0 0 886
7.2 -1 0 0 887
7.2 -1 0 0 888
7.2 -1 0 0 889
7.2 -1 0 0 890
7.2 -1 0 0 891
7.2 -1 0 0 892
7.2 -1 0 0 893
7.2 -1 0 0 894
7.2 -1 0 0 895
7.2 -1 0 0 896
7.2 -1 0 0 897
7.2 -1 0 0 898
7.2 -1 0 0 899
7.2 -1 0 0 900
7.2 -1 0 0 901
7.2 -1 0 0 902
7.2 -1 0 0 903
7.2 -1 0 0 904
7.2 -1 0 0 905
7.2 -1 0 0 906
7.2 -1 0 0 907
7.2 -1 0 0 908
7.2 -1 0 0 909
7.2 -1 0 0 910
7.2 -1 0 0 911
7.2 -1 0 0 912
7.2 -1 0 0 913
7.2 -1 0 0 914
7.2 -1 0 0 915
7.2 -1 0 0 916
7.2 -1 0 0 917
7.2 -1 0 0 918
7.2 -1 0 0 919
7.2 -1 0 0 920
7.2 -1 0 0 921
7.2 -1 0 0 922
7.2 -1 0 0 923
7.2 -1 0 0 924
7.2 -1 0 0 925
7.2 -1 0 0 926
7.2 -1 0 0 927
7.2 -1 0 0 928
7.2 -1 0 0 929
7.2 -1 0 0 930
7.2 -1 0 0 931
7.2 -1 0 0 932
7.2 -1 0 0 933
7.2 -1 0 0 934
7.2 -1 0 0 935
7.2 -1 0 0 936
7.2 -1 0 0 937
7.2 -1 0 0 938
7.2 -1 0 0 939
7.2 -1 0 0 940
7.2 -1 0 0 941
7.2 -1 0 0 942
7.2 -1 0 0 943
7.2 -1 0 0 944
7.2 -1 0 0 945
7.2 -1 0 0 946
7.2 -1 0 0 947
7.2 -1 0 0 948
7.2 -1 0 0 949
7.2 -1 0 0 950
7.2 -1 0 0 951
7.2 -1 0 0 952
7.2 -1 0 0 953
7.2 -1 0 0 954
7.2 -1 0 0 955
7.2 -1 0 0 956
7.2 -1 0 0 957
7.2 -1 0 0 958
7.2 -1 0 0 959
7.2 -1 0 0 960
7.2 -1 0 0 961
7.2 -1 0 0 962
7.2 -1 0 0 963
7.2 -1 0 0 964
7.2 -1 0 0 965
7.2 -1 0 0 966
7.2 -1 0 0 967
7.2 -1 0 0 968
7.2 -1 0 0 969
7.2 -1 0 0 970
7.2 -1 0 0 971
7.2 -1 0 0 972
7.2 -1 0 0 973
7.2 -1 0 0 974
7.2 -1 0 0 975
7.2 -1 0 0 976
7.2 -1 0 0 977
7.2 -1 0 0 978
7.2 -1 0 0 979
7.2 -1 0 0 980
7.2 -1 0 0 981
7.2 -1 0 0 982
7.2 -1 0 0 983
7.2 -1 0 0 984
7.2 -1 0 0 985
7.2 -1 0 0 986
7.2 -1 0 0 987
7.2 -1 0 0 988
7.2 -1 0 0 989
7.2 -1 0 0 990
7.2 -1 0 0 991
7.2 -1 0 0 992
7.2 -1 0 0 993
7.2 -1 0 0 994
7.2 -1 0 0 995
7.2 -1 0 0 996
7.2 -1 0 0 997
7.2 -1 0 0 998
7.2 -1 0 0 999
7.6 -1 0 0 0
7.6 -1 0 0 1
7.6 -1 0 0 2
7.6 -1 0 0 3
7.6 -1 0 0 4
7.6 -1 0 0 5
7.6 -1 0 0 6
7.6 -1 0 0 7
7.6 -1 0 0 8
7.6 -1 0 0 9
7.6 -1 0 0 10
7.6 -1 0 0 11
7.6 -1 0 0 12
7.6 -1 0 0 13
7.6 -1 0 0 14
7.6 -1 0 0 15
7.6 -1 0 0 16
7.6 -1 0 0 17
7.6 -1 0 0 18
7.6 -1 0 0 19
7.6 -1 0 0 20
7.6 -1 0 0 21
7.6 -1 0 0 22
7.6 -1 0 0 23
7.6 -1 0 0 24
7.6 -1 0 0 25
7.6 -1 0 0 26
7.6 -1 0 0 27
7.6 -1 0 0 28
7.6 -1 0 0 29
7.6 -1 0 0 30
7.6 -1 0 0 31
7.6 -1 0 0 32
7.6 -1 0 0 33
7.6 -1 0 0 34
7.6 -1 0 0 35
7.6 -1 0 0 36
7.6 -1 0 0 37
7.6 -1 0 0 38
7.6 -1 0 0 39
7.6 -1 0 0 40
7.6 -1 0 0 41
7.6 -1 0 0 42
7.6 -1 0 0 43
7.6 -1 0 0 44
7.6 -1 0 0 45
7.6 -1 0 0 46
7.6 -1 0 0 47
7.6 -1 0 0 48
7.6 -1 0 0 49
7.6 -1 0 0 50
7.6 -1 0 0 51
7.6 -1 0 0 52
7.6 -1 0 0 53
7.6 -1 0 0 54
7.6 -1 0 0 55
7.6 -1 0 0 56
7.6 -1 0 0 57
7.6 -1 0 0 58
7.6 -1 0 0 59
7.6 -1 0 0 60
7.6 -1 0 0 61
7.6 -1 0 0 62
7.6 -1 0 0 63
7.6 -1 0 0 64
7.6 -1 0 0 65
7.6 -1 0 0 66
7.6 -1 0 0 67
7.6 -1 0 0 68
7.6 -1 0 0 69
7.6 -1 0 0 70
7.6 -1 0 0 71
7.6 -1 0 0 72
7.6 -1 0 0 73
7.6 -1 0 0 74
7.6 -1 0 0 75
7.6 -1 0 0 76
7.6 -1 0 0 77
7.6 -1 0 0 78
7.6 -1 0 0 79
7.6 -1 0 0 80
7.6 -1 0 0 81
7.6 -1 0 0 82
7.6 -1 0 0 83
7.6 -1 0 0 84
7.6 -1 0 0 85
7.6 -1 0 0 86
7.6 -1 0 0 87
7.6 -1 0 0 88
7.6 -1 0 0 89
7.6 -1 0 0 90
7.6 -1 0 0 91
7.6 -1 0 0 92
7.6 -1 0 0 93
7.6 -1 0 0 94
7.6 -1 0 0 95
7.6 -1 0 0 96
7.6 -1 0 0 97
7.6 -1 0 0 98
7.6 -1 0 0 99
7.6 -1 0 0 100
7.6 -1 0 0 101
7.6 -1 0 0 102
7.6 -1 0 0 103
7.6 -1 0 0 104
7.6 -1 0 0 105
7.6 -1 0 0 106
7.6 -1 0 0 107
7.6 -1 0 0 108
7.6 -1 0 0 109
7.6 -1 0 0 110
7.6 -1 0 0 111
7.6 -1 0 0 112
7.6 -1 0 0 113
7.6 -1 0 0 114
7.6 -1 0 0 115
7.6 -1 0 0 116
7.6 -1 0 0 117
7.6 -1 0 0 118
7.6 -1 0 0 119
7.6 -1 0 0 120
7.6 -1 0 0 121
7.6 -1 0 0 122
7.6 -1 0 0 123
7.6 -1 0 0 124
7.6 -1 0 0 125
7.6 -1 0 0 126
7.6 -1 0 0 127
7.6 -1 0 0 128
7.6 -1 0 0 129
7.6 -1 0 0 130
7.6 -1 0 0 131
7.6 -1 0 0 132
7.6 -1 0 0 133
7.6 -1 0 0 134
7.6 -1 0 0 135
7.6 -1 0 0 136
7.6 -1 0 0 137
7.6 -1 0 0 138
7.6 -1 0 0 139
7.6 -1 0 0 140
7.6 -1 0 0 141
7.6 -1 0 0 142
7.6 -1 0 0 143
7.6 -1 0 0 144
7.6 -1 0 0 145
7.6 -1 0 0 146
7.6 -1 0 0 147
7.6 -1 0 0 148
7.6 -1 0 0 149
7.6 -1 0 0 150
7.6 -1 0 0 151
7.6 -1 0 0 152
7.6 -1 0 0 153
7.6 -1 0 0 154
7.6 -1 0 0 155
7.6 -1 0 0 156
7.6 -1 0 0 157
7.6 -1 0 0 158
7.6 -1 0 0 159
7.6 -1 0 0 160
7.6 -1 0 0 161
7.6 -1 0 0 162
7.6 -1 0 0 163
7.6 -1 0 0 164
7.6 -1 0 0 165
7.6 -1 0 0 166
7.6 -1 0 0 167
7.6 -1 0 0 168
7.6 -1 0 0 169
7.6 -1 0 0 170
7.6 -1 0 0 171
7.6 -1 0 0 172
7.6 -1 0 0 173
7.6 -1 0 0 174
7.6 -1 0 0 175
7.6 -1 0 0 176
7.6 -1 0 0 177
7.6 -1 0 0 178
7.6 -1 0 0 179
7.6 -1 0 0 180
7.6 -1 0 0 181
7.6 -1 0 0 182
7.6 -1 0 0 183
7.6 -1 0 0 184
7.6 -1 0 0 185
7.6 -1 0 0 186
7.6 -1 0 0 187
7.6 -1 0 0 188
7.6 -1 0 0 189
7.6 -1 0 0 190
7.6 -1 0 0 191
7.6 -1 0 0 192
7.6 -1 0 0 193
7.6 -1 0 0 194
7.6 -1 0 0 195
7.6 -1 0 0 196
7.6 -1 0 0 197
7.6 -1 0 0 198
7.6 -1 0 0 199
7.6 -1 0 0 200
7.6 -1 0 0 201
7.6 -1 0 0 202
7.6 -1 0 0 203
7.6 -1 0 0 204
7.6 -1 0 0 205
7.6 -1 0 0 206
7.6 -1 0 0 207
7.6 -1 0 0 208
7.6 -1 0 0 209
7.6 -1 0 0 210
7.6 -1 0 0 211
7.6 -1 0 0 212
7.6 -1 0 0 213
7.6 -1 0 0 214
7.6 -1 0 0 215
7.6 -1 0 0 216
7.6 -1 0 0 217
7.6 -1 0 0 218
7.6 -1 0 0 219
7.6 -1 0 0 220
7.6 -1 0 0 221
7.6 -1 0 0 222
7.6 -1 0 0 223
7.6 -1 0 0 224
7.6 -1 0 0 225
7.6 -1 0 0 226
7.6 -1 0 0 227
7.6 -1 0 0 228
7.6 -1 0 0 229
7.6 -1 0 0 230
7.6 -1 0 0 231
7.6 -1 0 0 232
7.6 -1 0 0 233
7.6 -1 0 0 234
7.6 -1 0 0 235
7.6 -1 0 0 236
7.6 -1 0 0 237
7.6 -1 0 0 238
7.6 -1 0 0 239
7.6 -1 0 0 240
7.6 -1 0 0 241
7.6 -1 0 0 242
7.6 -1 0 0 243
7.6 -1 0 0 244
7.6 -1 0 0 245
7.6 -1 0 0 246
7.6 -1 0 0 247
7.6 -1 0 0 248
7.6 -1 0 0 249
7.6 -1 0 0 250
7.6 -1 0 0 251
7.6 -1 0 0 252
7.6 -1 0 0 253
7.6 -1 0 0 254
7.6 -1 0 0 255
7.6 -1 0 0 256
7.6 -1 0 0 257
7.6 -1 0 0 258
7.6 -1 0 0 259
7.6 -1 0 0 260
7.6 -1 0 0 261
7.6 -1 0 0 262
7.6 -1 0 0 263
7.6 -1 0 0 264
7.6 -1 0 0 265
7.6 -1 0 0 266
7.6 -1 0 0 267
7.6 -1 0 0 268
7.6 -1 0 0 269
7.6 -1 0 0 270
7.6 -1 0 0 271
7.6 -1 0 0 272
7.6 -1 0 0 273
7.6 -1 0 0 274
7.6 -1 0 0 275
7.6 -1 0 0 276
7.6 -1 0 0 277
7.6 -1 0 0 278
7.6 -1 0 0 279
7.6 -1 0 0 280
7.6 -1 0 0 281
7.6 -1 0 0 282
7.6 -1 0 0 283
7.6 -1 0 0 284
7.6 -1 0 0 285
7.6 -1 0 0 286
7.6 -1 0 0 287
7.6 -1 0 0 288
7.6 -1 0 0 289
7.6 -1 0 0 290
7.6 -1 0 0 291
7.6 -1 0 0 292
7.6 -1 0 0 293
7.6 -1 0 0 294
7.6 -1 0 0 295
7.6 -1 0 0 296
7.6 -1 0 0 297
7.6 -1 0 0 298
7.6 -1 0 0 299
7.6 -1 0 0 300
7.6 -1 0 0 301
7.6 -1 0 0 302
7.6 -1 0 0 303
7.6 -1 0 0 304
7.6 -1 0 0 305
7.6 -1 0 0 306
7.6 -1 0 0 307
7.6 -1 0 0 308
7.6 -1 0 0 309
7.6 -1 0 0 310
7.6 -1 0 0 311
7.6 -1 0 0 312
7.6 -1 0 0 313
7.6 -1 0 0 314
7.6 -1 0 0 315
7.6 -1 0 0 316
7.6 -1 0 0 317
7.6 -1 0 0 318
7.6 -1 0 0 319
7.6 -1 0 0 320
7.6 -1 0 0 321
7.6 -1 0 0 322
7.6 -1 0 0 323
7.6 -1 0 0 324
7.6 -1 0 0 325
7.6 -1 0 0 326
7.6 -1 0 0 327
7.6 -1 0 0 328
7.6 -1 0 0 329
7.6 -1 0 0 330
7.6 -1 0 0 331
7.6 -1 0 0 332
7.6 -1 0 0 333
7.6 -1 0 0 334
7.6 -1 0 0 335
7.6 -1 0 0 336
7.6 -1 0 0 337
7.6 -1 0 0 338
7.6 -1 0 0 339
7.6 -1 0 0 340
7.6 -1 0 0 341
7.6 -1 0 0 342
7.6 -1 0 0 343
7.6 -1 0 0 344
7.6 -1 0 0 345
7.6 -1 0 0 346
7.6 -1 0 0 347
7.6 -1 0 0 348
7.6 -1 0 0 349
7.6 -1 0 0 350
7.6 -1 0 0 351
7.6 -1 0 0 352
7.6 -1 0 0 353
7.6 -1 0 0 354
7.6 -1 0 0 355
7.6 -1 0 0 356
7.6 -1 0 0 357
7.6 -1 0 0 358
7.6 -1 0 0 359
!!node 5!!
7.6 -1 0 0 360
7.6 -1 0 0 361
7.6 -1 0 0 362
7.6 -1 0 0 363
7.6 -1 0 0 364
7.6 -1 0 0 365
7.6 -1 0 0 366
7.6 -1 0 0 367
7.6 -1 0 0 368
7.6 -1 0 0 369
7.6 -1 0 0 370
7.6 -1 0 0 371
7.6 -1 0 0 372
7.6 -1 0 0 373
7.6 -1 0 0 374
7.6 -1 0 0 375
7.6 -1 0 0 376
7.6 -1 0 0 377
7.6 -1 0 0 378
7.6 -1 0 0 379
7.6 -1 0 0 380
7.6 -1 0 0 381
7.6 -1 0 0 382
7.6 -1 0 0 383
7.6 -1 0 0 384
7.6 -1 0 0 385
7.6 -1 0 0 386
7.6 -1 0 0 387
7.6 -1 0 0 388
7.6 -1 0 0 389
7.6 -1 0 0 390
7.6 -1 0 0 391
7.6 -1 0 0 392
7.6 -1 0 0 393
7.6 -1 0 0 394
7.6 -1 0 0 395
7.6 -1 0 0 396
7.6 -1 0 0 397
7.6 -1 0 0 398
7.6 -1 0 0 399
7.6 -1 0 0 400
7.6 -1 0 0 401
7.6 -1 0 0 402
7.6 -1 0 0 403
7.6 -1 0 0 404
7.6 -1 0 0 405
7.6 -1 0 0 406
7.6 -1 0 0 407
7.6 -1 0 0 408
7.6 -1 0 0 409
7.6 -1 0 0 410
7.6 -1 0 0 411
7.6 -1 0 0 412
7.6 -1 0 0 413
7.6 -1 0 0 414
7.6 -1 0 0 415
7.6 -1 0 0 416
7.6 -1 0 0 417
7.6 -1 0 0 418
7.6 -1 0 0 419
7.6 -1 0 0 420
7.6 -1 0 0 421
7.6 -1 0 0 422
7.6 -1 0 0 423
7.6 -1 0 0 424
7.6 -1 0 0 425
7.6 -1 0 0 426
7.6 -1 0 0 427
7.6 -1 0 0 428
7.6 -1 0 0 429
7.6 -1 0 0 430
7.6 -1 0 0 431
7.6 -1 0 0 432
7.6 -1 0 0 433
7.6 -1 0 0 434
7.6 -1 0 0 435
7.6 -1 0 0 436
7.6 -1 0 0 437
7.6 -1 0 0 438
7.6 -1 0 0 439
7.6 -1 0 0 440
7.6 -1 0 0 441
7.6 -1 0 0 442
7.6 -1 0 0 443
7.6 -1 0 0 444
7.6 -1 0 0 445
7.6 -1 0 0 446
7.6 -1 0 0 447
7.6 -1 0 0 448
7.6 -1 0 0 449
7.6 -1 0 0 450
7.6 -1 0 0 451
7.6 -1 0 0 452
7.6 -1 0 0 453
7.6 -1 0 0 454
7.6 -1 0 0 455
7.6 -1 0 0 456
7.6 -1 0 0 457
7.6 -1 0 0 458
7.6 -1 0 0 459
7.6 -1 0 0 460
7.6 -1 0 0 461
7.6 -1 0 0 462
7.6 -1 0 0 463
7.6 -1 0 0 464
7.6 -1 0 0 465
7.6 -1 0 0 466
7.6 -1 0 0 467
7.6 -1 0 0 468
7.6 -1 0 0 469
7.6 -1 0 0 470
7.6 -1 0 0 471
7.6 -1 0 0 472
7.6 -1 0 0 473
7.6 -1 0 0 474
7.6 -1 0 0 475
7.6 -1 0 0 476
7.6 -1 0 0 477
7.6 -1 0 0 478
7.6 -1 0 0 479
7.6 -1 0 0 480
7.6 -1 0 0 481
7.6 -1 0 0 482
7.6 -1 0 0 483
7.6 -1 0 0 484
7.6 -1 0 0 485
7.6 -1 0 0 486
7.6 -1 0 0 487
7.6 -1 0 0 488
7.6 -1 0 0 489
7.6 -1 0 0 490
7.6 -1 0 0 491
7.6 -1 0 0 492
7.6 -1 0 0 493
7.6 -1 0 0 494
7.6 -1 0 0 495
7.6 -1 0 0 496
7.6 -1 0 0 497
7.6 -1 0 0 498
7.6 -1 0 0 499
7.6 -1 0 0 500
7.6 -1 0 0 501
7.6 -1 0 0 502
7.6 -1 0 0 503
7.6 -1 0 0 504
7.6 -1 0 0 505
7.6 -1 0 0 506
7.6 -1 0 0 507
7.6 -1 0 0 508
7.6 -1 0 0 509
7.6 -1 0 0 510
7.6 -1 0 0 511
7.6 -1 0 0 512
7.6 -1 0 0 513
7.6 -1 0 0 514
7.6 -1 0 0 515
7.6 -1 0 0 516
7.6 -1 0 0 517
7.6 -1 0 0 518
7.6 -1 0 0 519
7.6 -1 0 0 520
7.6 -1 0 0 521
7.6 -1 0 0 522
7.6 -1 0 0 523
7.6 -1 0 0 524
7.6 -1 0 0 525
7.6 -1 0 0 526
7.6 -1 0 0 527
7.6 -1 0 0 528
7.6 -1 0 0 529
7.6 -1 0 0 530
7.6 -1 0 0 531
7.6 -1 0 0 532
7.6 -1 0 0 533
7.6 -1 0 0 534
7.6 -1 0 0 535
7.6 -1 0 0 536
7.6 -1 0 0 537
7.6 -1 0 0 538
7.6 -1 0 0 539
7.6 -1 0 0 540
7.6 -1 0 0 541
7.6 -1 0 0 542
7.6 -1 0 0 543
7.6 -1 0 0 544
7.6 -1 0 0 545
7.6 -1 0 0 546
7.6 -1 0 0 547
7.6 -1 0 0 548
7.6 -1 0 0 549
7.6 -1 0 0 550
7.6 -1 0 0 551
7.6 -1 0 0 552
7.6 -1 0 0 553
7.6 -1 0 0 554
7.6 -1 0 0 555
7.6 -1 0 0 556
7.6 -1 0 0 557
7.6 -1 0 0 558
7.6 -1 0 0 559
7.6 -1 0 0 560
7.6 -1 0 0 561
7.6 -1 0 0 562
7.6 -1 0 0 563
7.6 -1 0 0 564
7.6 -1 0 0 565
7.6 -1 0 0 566
7.6 -1 0 0 567
7.6 -1 0 0 568
7.6 -1 0 0 569
7.6 -1 0 0 570
7.6 -1 0 0 571
7.6 -1 0 0 572
7.6 -1 0 0 573
7.6 -1 0 0 574
7.6 -1 0 0 575
7.6 -1 0 0 576
7.6 -1 0 0 577
7.6 -1 0 0 578
7.6 -1 0 0 579
7.6 -1 0 0 580
7.6 -1 0 0 581
7.6 -1 0 0 582
7.6 -1 0 0 583
7.6 -1 0 0 584
7.6 -1 0 0 585
7.6 -1 0 0 586
7.6 -1 0 0 587
7.6 -1 0 0 588
7.6 -1 0 0 589
7.6 -1 0 0 590
7.6 -1 0 0 591
7.6 -1 0 0 592
7.6 -1 0 0 593
7.6 -1 0 0 594
7.6 -1 0 0 595
7.6 -1 0 0 596
7.6 -1 0 0 597
7.6 -1 0 0 598
7.6 -1 0 0 599
7.6 -1 0 0 600
7.6 -1 0 0 601
7.6 -1 0 0 602
7.6 -1 0 0 603
7.6 -1 0 0 604
7.6 -1 0 0 605
7.6 -1 0 0 606
7.6 -1 0 0 607
7.6 -1 0 0 608
7.6 -1 0 0 609
7.6 -1 0 0 610
7.6 -1 0 0 611
7.6 -1 0 0 612
7.6 -1 0 0 613
7.6 -1 0 0 614
7.6 -1 0 0 615
7.6 -1 0 0 616
7.6 -1 0 0 617
7.6 -1 0 0 618
7.6 -1 0 0 619
7.6 -1 0 0 620
7.6 -1 0 0 621
7.6 -1 0 0 622
7.6 -1 0 0 623
7.6 -1 0 0 624
7.6 -1 0 0 625
7.6 -1 0 0 626
7.6 -1 0 0 627
7.6 -1 0 0 628
7.6 -1 0 0 629
7.6 -1 0 0 630
7.6 -1 0 0 631
7.6 -1 0 0 632
7.6 -1 0 0 633
7.6 -1 0 0 634
7.6 -1 0 0 635
7.6 -1 0 0 636
7.6 -1 0 0 637
7.6 -1 0 0 638
7.6 -1 0 0 639
7.6 -1 0 0 640
7.6 -1 0 0 641
7.6 -1 0 0 642
7.6 -1 0 0 643
7.6 -1 0 0 644
7.6 -1 0 0 645
7.6 -1 0 0 646
7.6 -1 0 0 647
7.6 -1 0 0 648
7.6 -1 0 0 649
7.6 -1 0 0 650
7.6 -1 0 0 651
7.6 -1 0 0 652
7.6 -1 0 0 653
7.6 -1 0 0 654
7.6 -1 0 0 655
7.6 -1 0 0 656
7.6 -1 0 0 657
7.6 -1 0 0 658
7.6 -1 0 0 659
7.6 -1 0 0 660
7.6 -1 0 0 661
7.6 -1 0 0 662
7.6 -1 0 0 663
7.6 -1 0 0 664
7.6 -1 0 0 665
7.6 -1 0 0 666
7.6 -1 0 0 667
7.6 -1 0 0 668
7.6 -1 0 0 669
7.6 -1 0 0 670
7.6 -1 0 0 671
7.6 -1 0 0 672
7.6 -1 0 0 673
7.6 -1 0 0 674
7.6 -1 0 0 675
7.6 -1 0 0 676
7.6 -1 0 0 677
7.6 -1 0 0 678
7.6 -1 0 0 679
7.6 -1 0 0 680
7.6 -1 0 0 681
7.6 -1 0 0 682
7.6 -1 0 0 683
7.6 -1 0 0 684
7.6 -1 0 0 685
7.6 -1 0 0 686
7.6 -1 0 0 687
7.6 -1 0 0 688
7.6 -1 0 0 689
7.6 -1 0 0 690
7.6 -1 0 0 691
7.6 -1 0 0 692
7.6 -1 0 0 693
7.6 -1 0 0 694
7.6 -1 0 0 695
7.6 -1 0 0 696
7.6 -1 0 0 697
7.6 -1 0 0 698
7.6 -1 0 0 699
7.6 -1 0 0 700
7.6 -1 0 0 701
7.6 -1 0 0 702
7.6 -1 0 0 703
7.6 -1 0 0 704
7.6 -1 0 0 705
7.6 -1 0 0 706
7.6 -1 0 0 707
7.6 -1 0 0 708
7.6 -1 0 0 709
7.6 -1 0 0 710
7.6 -1 0 0 711
7.6 -1 0 0 712
7.6 -1 0 0 713
7.6 -1 0 0 714
7.6 -1 0 0 715
7.6 -1 0 0 716
7.6 -1 0 0 717
7.6 -1 0 0 718
7.6 -1 0 0 719
7.6 -1 0 0 720
7.6 -1 0 0 721
7.6 -1 0 0 722
7.6 -1 0 0 723
7.6 -1 0 0 724
7.6 -1 0 0 725
7.6 -1 0 0 726
7.6 -1 0 0 727
7.6 -1 0 0 728
7.6 -1 0 0 729
7.6 -1 0 0 730
7.6 -1 0 0 731
7.6 -1 0 0 732
7.6 -1 0 0 733
7.6 -1 0 0 734
7.6 -1 0 0 735
7.6 -1 0 0 736
7.6 -1 0 0 737
7.6 -1 0 0 738
7.6 -1 0 0 739
7.6 -1 0 0 740
7.6 -1 0 0 741
7.6 -1 0 0 742
7.6 -1 0 0 743
7.6 -1 0 0 744
7.6 -1 0 0 745
7.6 -1 0 0 746
7.6 -1 0 0 747
7.6 -1 0 0 748
7.6 -1 0 0 749
7.6 -1 0 0 750
7.6 -1 0 0 751
7.6 -1 0 0 752
7.6 -1 0 0 753
7.6 -1 0 0 754
7.6 -1 0 0 755
7.6 -1 0 0 756
7.6 -1 0 0 757
7.6 -1 0 0 758
7.6 -1 0 0 759
7.6 -1 0 0 760
7.6 -1 0 0 761
7.6 -1 0 0 762
7.6 -1 0 0 763
7.6 -1 0 0 764
7.6 -1 0 0 765
7.6 -1 0 0 766
7.6 -1 0 0 767
7.6 -1 0 0 768
7.6 -1 0 0 769
7.6 -1 0 0 770
7.6 -1 0 0 771
7.6 -1 0 0 772
7.6 -1 0 0 773
7.6 -1 0 0 774
7.6 -1 0 0 775
7.6 -1 0 0 776
7.6 -1 0 0 777
7.6 -1 0 0 778
7.6 -1 0 0 779
7.6 -1 0 0 780
7.6 -1 0 0 781
7.6 -1 0 0 782
7.6 -1 0 0 783
7.6 -1 0 0 784
7.6 -1 0 0 785
7.6 -1 0 0 786
7.6 -1 0 0 787
7.6 -1 0 0 788
7.6 -1 0 0 789
7.6 -1 0 0 790
7.6 -1 0 0 791
7.6 -1 0 0 792
7.6 -1 0 0 793
7.6 -1 0 0 794
7.6 -1 0 0 795
7.6 -1 0 0 796
7.6 -1 0 0 797
7.6 -1 0 0 798
7.6 -1 0 0 799
7.6 -1 0 0 800
7.6 -1 0 0 801
7.6 -1 0 0 802
7.6 -1 0 0 803
7.6 -1 0 0 804
7.6 -1 0 0 805
7.6 -1 0 0 806
7.6 -1 0 0 807
7.6 -1 0 0 808
7.6 -1 0 0 809
7.6 -1 0 0 810
7.6 -1 0 0 811
7.6 -1 0 0 812
7.6 -1 0 0 813
7.6 -1 0 0 814
7.6 -1 0 0 815
7.6 -1 0 0 816
7.6 -1 0 0 817
7.6 -1 0 0 818
7.6 -1 0 0 819
7.6 -1 0 0 820
7.6 -1 0 0 821
7.6 -1 0 0 822
7.6 -1 0 0 823
7.6 -1 0 0 824
7.6 -1 0 0 825
7.6 -1 0 0 826
7.6 -1 0 0 827
7.6 -1 0 0 828
7.6 -1 0 0 829
7.6 -1 0 0 830
7.6 -1 0 0 831
7.6 -1 0 0 832
7.6 -1 0 0 833
7.6 -1 0 0 834
7.6 -1 0 0 835
7.6 -1 0 0 836
7.6 -1 0 0 837
7.6 -1 0 0 838
7.6 -1 0 0 839
7.6 -1 0 0 840
7.6 -1 0 0 841
7.6 -1 0 0 842
7.6 -1 0 0 843
7.6 -1 0 0 844
7.6 -1 0 0 845
7.6 -1 0 0 846
7.6 -1 0 0 847
7.6 -1 0 0 848
7.6 -1 0 0 849
7.6 -1 0 0 850
7.6 -1 0 0 851
7.6 -1 0 0 852
7.6 -1 0 0 853
7.6 -1 0 0 854
7.6 -1 0 0 855
7.6 -1 0 0 856
7.6 -1 0 0 857
7.6 -1 0 0 858
7.6 -1 0 0 859
7.6 -1 0 0 860
7.6 -1 0 0 861
7.6 -1 0 0 862
7.6 -1 0 0 863
7.6 -1 0 0 864
7.6 -1 0 0 865
7.6 -1 0 0 866
7.6 -1 0 0 867
7.6 -1 0 0 868
7.6 -1 0 0 869
7.6 -1 0 0 870
7.6 -1 0 0 871
7.6 -1 0 0 872
7.6 -1 0 0 873
7.6 -1 0 0 874
7.6 -1 0 0 875
7.6 -1 0 0 876
7.6 -1 0 0 877
7.6 -1 0 0 878
7.6 -1 0 0 879
7.6 -1 0 0 880
7.6 -1 0 0 881
7.6 -1 0 0 882
7.6 -1 0 0 883
7.6 -1 0 0 884
7.6 -1 0 0 885
7.6 -1 0 0 886
7.6 -1 0 0 887
7.6 -1 0 0 888
7.6 -1 0 0 889
7.6 -1 0 0 890
7.6 -1 0 0 891
7.6 -1 0 0 892
7.6 -1 0 0 893
7.6 -1 0 0 894
7.6 -1 0 0 895
7.6 -1 0 0 896
7.6 -1 0 0 897
7.6 -1 0 0 898
7.6 -1 0 0 899
7.6 -1 0 0 900
7.6 -1 0 0 901
7.6 -1 0 0 902
7.6 -1 0 0 903
7.6 -1 0 0 904
7.6 -1 0 0 905
7.6 -1 0 0 906
7.6 -1 0 0 907
7.6 -1 0 0 908
7.6 -1 0 0 909
7.6 -1 0 0 910
7.6 -1 0 0 911
7.6 -1 0 0 912
7.6 -1 0 0 913
7.6 -1 0 0 914
7.6 -1 0 0 915
7.6 -1 0 0 916
7.6 -1 0 0 917
7.6 -1 0 0 918
7.6 -1 0 0 919
7.6 -1 0 0 920
7.6 -1 0 0 921
7.6 -1 0 0 922
7.6 -1 0 0 923
7.6 -1 0 0 924
7.6 -1 0 0 925
7.6 -1 0 0 926
7.6 -1 0 0 927
7.6 -1 0 0 928
7.6 -1 0 0 929
7.6 -1 0 0 930
7.6 -1 0 0 931
7.6 -1 0 0 932
7.6 -1 0 0 933
7.6 -1 0 0 934
7.6 -1 0 0 935
7.6 -1 0 0 936
7.6 -1 0 0 937
7.6 -1 0 0 938
7.6 -1 0 0 939
7.6 -1 0 0 940
7.6 -1 0 0 941
7.6 -1 0 0 942
7.6 -1 0 0 943
7.6 -1 0 0 944
7.6 -1 0 0 945
7.6 -1 0 0 946
7.6 -1 0 0 947
7.6 -1 0 0 948
7.6 -1 0 0 949
7.6 -1 0 0 950
7.6 -1 0 0 951
7.6 -1 0 0 952
7.6 -1 0 0 953
7.6 -1 0 0 954
7.6 -1 0 0 955
7.6 -1 0 0 956
7.6 -1 0 0 957
7.6 -1 0 0 958
7.6 -1 0 0 959
7.6 -1 0 0 960
7.6 -1 0 0 961
7.6 -1 0 0 962
7.6 -1 0 0 963
7.6 -1 0 0 964
7.6 -1 0 0 965
7.6 -1 0 0 966
7.6 -1 0 0 967
7.6 -1 0 0 968
7.6 -1 0 0 969
7.6 -1 0 0 970
7.6 -1 0 0 971
7.6 -1 0 0 972
7.6 -1 0 0 973
7.6 -1 0 0 974
7.6 -1 0 0 975
7.6 -1 0 0 976
7.6 -1 0 0 977
7.6 -1 0 0 978
7.6 -1 0 0 979
7.6 -1 0 0 980
7.6 -1 0 0 981
7.6 -1 0 0 982
7.6 -1 0 0 983
7.6 -1 0 0 984
7.6 -1 0 0 985
7.6 -1 0 0 986
7.6 -1 0 0 987
7.6 -1 0 0 988
7.6 -1 0 0 989
7.6 -1 0 0 990
7.6 -1 0 0 991
7.6 -1 0 0 992
7.6 -1 0 0 993
7.6 -1 0 0 994
7.6 -1 0 0 995
7.6 -1 0 0 996
7.6 -1 0 0 997
7.6 -1 0 0 998
7.6 -1 0 0 999
